% Model:              PLacek_MembTVNJ_ArticleDims_Rh100um_hg10um_To2MHz_PHedit.mph
% Version:            COMSOL 6.3.0.335
% Date:               May 22 2025, 12:31
% Dimension:          1
% Nodes:              1801
% Expressions:        1
% Description:        Line graph
% Arc length (m)          imag(p)
0                         NaN
1.6835192320072636E-7     -0.023058284196095433
3.367038464014527E-7      -0.02305901730971506
5.050557696021791E-7      -0.023059046850977892
6.734076928029054E-7      -0.023058372819905346
8.417596160036319E-7      -0.02305699521647823
1.0101115392043582E-6     -0.02305323856295941
1.1801802473622774E-6     -0.023055644450637153
1.3502489555201964E-6     -0.02305809823860835
1.5203176636781154E-6     -0.02305892444911966
1.6903863718360344E-6     -0.023058123082158283
1.8604550799939534E-6     -0.023055694137739058
2.0305237881518723E-6     -0.023052186397334338
2.200592664946635E-6      -0.023055417296636627
2.370661541741397E-6      -0.023057002040803
2.5407304185361593E-6     -0.023057489411338967
2.710799295330922E-6      -0.023056879408214954
2.880868172125684E-6      -0.023055172031457575
3.0509370489204466E-6     -0.023052844139831975
3.2210059257152087E-6     -0.02305508333399265
3.3910748025099717E-6     -0.023056041512233855
3.5611436793047335E-6     -0.023056195533334996
3.731212556099496E-6      -0.02305554539729317
3.901281432894258E-6      -0.023054091104104283
4.07135030968902E-6       -0.023051982165231313
4.2414191864837825E-6     -0.023053250800028777
4.411488063278545E-6      -0.02305387969218333
4.581556940073307E-6      -0.023054018353135402
4.751625816868069E-6      -0.023053666782884983
4.921694693662831E-6      -0.02305282498143207
5.091763570457593E-6      -0.023051320357151232
5.261832447252356E-6      -0.023051184388713442
5.4319013240471185E-6     -0.023051033983773953
5.601970200841881E-6      -0.0230506965506868
5.772039077636643E-6      -0.023050172089466244
5.942107954431407E-6      -0.02304946060009916
6.112176831226169E-6      -0.023048469671797765
6.282245708020931E-6      -0.02304763164396569
6.452314584815693E-6      -0.023046894278221153
6.622383461610455E-6      -0.02304616516376667
6.7924523384052175E-6     -0.02304544430059427
6.96252121519998E-6       -0.023044731688711927
7.132590091994742E-6      -0.023043856359948205
7.302658968789505E-6      -0.023042417276874273
7.472727845584267E-6      -0.023041279961720697
7.642796722379028E-6      -0.02304027344631718
7.812865599173792E-6      -0.023039397730672845
7.982934475968554E-6      -0.02303865281477743
8.153003352763316E-6      -0.023037755194514745
8.323072229558079E-6      -0.02303585528387105
8.493141106352842E-6      -0.02303444973854849
8.663209983147605E-6      -0.02303325505441834
8.833278859942367E-6      -0.02303227123148288
9.003347736737129E-6      -0.023031498269743246
9.173416613531891E-6      -0.023030574397031697
9.343485490326653E-6      -0.023028315865464274
9.513554367121415E-6      -0.023026685077072093
9.683623243916178E-6      -0.023025320259679426
9.853692120710938E-6      -0.0230242214132914
1.00237609975057E-5       -0.023023388537909733
1.0193829874300462E-5     -0.023022421635715336
1.0363898751095225E-5     -0.023019885352093004
1.0533967627889988E-5     -0.02301804993555561
1.070403650468475E-5      -0.02301651538829947
1.0874105381479513E-5     -0.023015281710320596
1.1044174258274277E-5     -0.023014348901617278
1.1214243135069039E-5     -0.023013295186791915
1.1384312011863803E-5     -0.023010530797350954
1.1554380888658565E-5     -0.023008510024624305
1.1724449765453327E-5     -0.023006811093202392
1.1894518642248089E-5     -0.02300543400308693
1.2064587519042851E-5     -0.023004378754282483
1.2234656395837613E-5     -0.023003199836838642
1.2404725272632376E-5     -0.023000232721755085
1.257479414942714E-5      -0.02299804475799546
1.27448630262219E-5       -0.02299619043558998
1.2914931903016664E-5     -0.02299466975456145
1.3085000779811424E-5     -0.022993482714888207
1.3255069656606186E-5     -0.022992159932209155
1.3425138533400948E-5     -0.022989008321413516
1.3595207410195712E-5     -0.02298666441624584
1.3765276286990473E-5     -0.022984658832331355
1.3935345163785237E-5     -0.02298299156966835
1.4105414040579997E-5     -0.0229816626282745
1.427548291737476E-5      -0.022980182047495225
1.4445551794169521E-5     -0.02297686707336595
1.4615620670964285E-5     -0.022974377162386043
1.4785689547759046E-5     -0.022972222353915172
1.495575842455381E-5      -0.0229704026479619
1.5125827301348572E-5     -0.02296891804451881
1.5295896178143334E-5     -0.022967257557698628
1.5465965054938098E-5     -0.02296379710135489
1.5636033931732858E-5     -0.022961171536422693
1.580610280852762E-5      -0.022958869877011925
1.5976171685322383E-5     -0.022956892123137392
1.6146240562117146E-5     -0.022955238274789982
1.6316309438911907E-5     -0.022953371096153315
1.648637831570667E-5      -0.02294977454096771
1.665644719250143E-5      -0.022947021994800133
1.6826516069296195E-5     -0.022944576221821646
1.6996584946090956E-5     -0.022942437222040805
1.716665382288572E-5      -0.022940604995459322
1.733672269968048E-5      -0.022938516571893223
1.7506791576475244E-5     -0.022934790314552908
1.7676860453270008E-5     -0.02293191155615902
1.7846929330064768E-5     -0.022929317326537295
1.8016998206859532E-5     -0.02292700762569285
1.8187067083654292E-5     -0.022924982453623413
1.8357135960449056E-5     -0.022922614743191946
1.852720483724382E-5      -0.022918735174763824
1.8697273714038584E-5     -0.022915742478112344
1.8867342590833344E-5     -0.022913009586098196
1.9037411467628108E-5     -0.022910536498716817
1.9207480344422872E-5     -0.022908323215978466
1.9377549221217633E-5     -0.022905692179157507
1.9547618098012396E-5     -0.022901655531094196
1.9717686974807157E-5     -0.022898536158609945
1.9887755851601917E-5     -0.02289565650296657
2.005782472839668E-5      -0.022893016564166913
2.0227893605191438E-5     -0.022890616342213257
2.0397962481986202E-5     -0.022887730907623454
2.0568031358780966E-5     -0.022883526146837585
2.073810023557573E-5      -0.022880270156427775
2.090816911237049E-5      -0.022877238006900467
2.1078237989165254E-5     -0.022874429698255663
2.1248306865960018E-5     -0.022871845230508184
2.141837574275478E-5      -0.022868719406945525
2.1588444619549542E-5     -0.022864338908876843
2.1758513496344303E-5     -0.02286093572283128
2.1928582373139063E-5     -0.02285774465209291
2.2098651249933827E-5     -0.022854765696675407
2.2268720126728584E-5     -0.02285199885657764
2.2438789003523348E-5     -0.0228486461002112
2.2608857880318112E-5     -0.022844083025716066
2.2778926757112876E-5     -0.022840521732206125
2.2948995633907636E-5     -0.022837164188082695
2.3119064510702397E-5     -0.02283401039336004
2.3289133387497164E-5     -0.02283106034802846
2.3459202264291924E-5     -0.022827478756252975
2.3629271141086688E-5     -0.022822716697857875
2.379934001788145E-5      -0.02281898844925336
2.396940889467621E-5      -0.02281545871459476
2.4139477771470973E-5     -0.022812127493882645
2.4309546648265737E-5     -0.022808994787115306
2.4479615525060497E-5     -0.02280518958221861
2.464968440185526E-5      -0.02280022115051252
2.481975327865002E-5      -0.022796318545468184
2.4989822155444785E-5     -0.022792610754999495
2.515989103223955E-5      -0.0227890977790962
2.532995990903431E-5      -0.02278577961777197
2.5500028785829074E-5     -0.022781745766420697
2.5670097662623834E-5     -0.022776562975915602
2.5840166539418598E-5     -0.02277248164723714
2.6010235416213362E-5     -0.022768591275788296
2.6180304293008122E-5     -0.022764891861563382
2.6350373169802883E-5     -0.022761383404569232
2.6520442046597647E-5     -0.02275710807615233
2.669051092339241E-5      -0.022751699257723506
2.686057980018717E-5      -0.022747435693597804
2.703064867698193E-5      -0.022743359555121693
2.7200717553776692E-5     -0.022739470842307718
2.7370786430571456E-5     -0.022735769555145613
2.7540855307366216E-5     -0.022731254504892218
2.771092418416098E-5      -0.022725616991917524
2.7880993060955744E-5     -0.02272116487447055
2.8051061937750504E-5     -0.022716896963802437
2.8221130814545265E-5     -0.02271281325992059
2.839119969134003E-5      -0.02270891376282616
2.8561268568134793E-5     -0.022704148063882622
2.8731337444929556E-5     -0.022698268970613642
2.890140632172432E-5      -0.022693622596281122
2.907147519851908E-5      -0.022689158532254255
2.9241544075313845E-5     -0.022684876778533605
2.9411612952108605E-5     -0.022680777335127734
2.958168182890337E-5      -0.022675761449978533
2.975175070569813E-5      -0.022669631538974326
2.9921819582492897E-5     -0.022664783133444114
3.0091888459287654E-5     -0.022660117481336062
3.0261957336082418E-5     -0.022655634582654165
3.0432026212877178E-5     -0.02265133443739443
3.060209508967194E-5      -0.02264608457434459
3.07721639664667E-5       -0.02263970666288656
3.0942232843261466E-5     -0.02263464429961711
3.111230172005623E-5      -0.022629765013298303
3.1282370596850994E-5     -0.022625068803957506
3.145243947364575E-5      -0.022620555671575338
3.1622508350440515E-5     -0.022615017061126293
3.179257722723528E-5      -0.022608349121699924
3.196264610403004E-5      -0.02260307282597894
3.21327149808248E-5       -0.02259797961892643
3.2302783857619563E-5     -0.022593069500536696
3.247285273441433E-5      -0.022588342470816005
3.264292161120909E-5      -0.022582535865660794
3.2812990488003855E-5     -0.022575587218163665
3.298305936479862E-5      -0.022570085244412837
3.315312824159338E-5      -0.022564767280300754
3.332319711838814E-5      -0.022559633325825702
3.3493265995182904E-5     -0.022554683380987674
3.366333487197767E-5      -0.022548590011401585
3.383340374877243E-5      -0.022541342293112346
3.400347262556719E-5      -0.022535607437043297
3.417354150236195E-5      -0.022530058008784264
3.434361037915671E-5      -0.022524694008330674
3.4513679255951466E-5     -0.022519515435695085
3.468374813274623E-5      -0.022513138324401542
3.4853817009540994E-5     -0.022505587228153188
3.502388588633576E-5      -0.022499608213208802
3.519395476313052E-5      -0.02249381731309586
3.5364023639925286E-5     -0.022488214527817223
3.553409251672005E-5      -0.022482799857366613
3.5704161393514813E-5     -0.022476123050302776
3.587423027030958E-5      -0.022468249098259185
3.604429914710434E-5      -0.022462017173511307
3.6214368023899105E-5     -0.022455977024611627
3.638443690069387E-5      -0.02245012865155444
3.655450577748863E-5      -0.022444472054346586
3.672457465428339E-5      -0.022437490763616303
3.6894643531078154E-5     -0.022429283338986993
3.706471240787292E-5      -0.02242278867356701
3.7234781284667675E-5     -0.02241649029798118
3.740485016146244E-5      -0.022410388212234622
3.7574919038257195E-5     -0.022404482416325634
3.774498791505196E-5      -0.022397197582272647
3.791505679184672E-5      -0.02238865343013588
3.808512566864148E-5      -0.022381885695419927
3.8255194545436244E-5     -0.02237531905014038
3.842526342223101E-5      -0.022368953494284118
3.8595332299025765E-5     -0.02236278902785628
3.876540117582053E-5      -0.022355185780163947
3.893547005261529E-5      -0.022346291164191547
3.910553892941006E-5      -0.02233924138452114
3.927560780620482E-5      -0.022332396570447836
3.9445676682999584E-5     -0.022325756721980186
3.961574555979435E-5      -0.02231932183910793
3.978581443658911E-5      -0.02231137370026946
3.995588331338387E-5      -0.022302103541535178
4.012595219017863E-5      -0.02229476042573527
4.02960210669734E-5       -0.022287626131299008
4.0466089943768154E-5     -0.022280700658215552
4.063615882056292E-5      -0.02227398400649175
4.0806227697357675E-5     -0.0222656633840823
4.097629657415244E-5      -0.022255989988077013
4.11463654509472E-5       -0.022248341956489233
4.1316434327741966E-5     -0.022240906497272516
4.148650320453673E-5      -0.02223368361041887
4.165657208133149E-5      -0.02222667329594426
4.182664095812625E-5      -0.022217956095366802
4.1996709834921015E-5     -0.022207855116344728
4.216677871171578E-5      -0.02219989001397258
4.233684758851054E-5      -0.022192141329773027
4.2506916465305307E-5     -0.022184609063754048
4.267698534210007E-5      -0.022177293215907664
4.2847054218894834E-5     -0.02216816594720273
4.30171230956896E-5       -0.02215761863389275
4.3187191972484355E-5     -0.022149320962910876
4.335726084927912E-5      -0.022141245095225942
4.3527329726073876E-5     -0.022133391030829404
4.369739860286864E-5      -0.022125758769727534
4.38674674796634E-5       -0.022116217197839183
4.403753635645816E-5      -0.022105206649081565
4.4207605233252925E-5     -0.022096555899484335
4.437767411004769E-5      -0.022088133834980594
4.454774298684245E-5      -0.022079940455554378
4.471781186363721E-5      -0.02207197576121424
4.4887880740431973E-5     -0.022061989425965593
4.505794961722674E-5      -0.022050483476879552
4.52280184940215E-5       -0.02204146443501186
4.539808737081626E-5      -0.022032681974352535
4.556815624761102E-5      -0.022024136094918115
4.5738225124405786E-5     -0.022015826796698907
4.590829400120055E-5      -0.022005381988983656
4.6078362877995314E-5     -0.021993349842935436
4.624843175479008E-5      -0.021983947581693624
4.641850063158484E-5      -0.021974803114537284
4.65885695083796E-5       -0.02196591644145159
4.675863838517436E-5      -0.021957287562450224
4.6928707261969126E-5     -0.021946606961601545
4.709877613876389E-5      -0.021934184635819306
4.7268845015558654E-5     -0.0219243422483416
4.743891389235341E-5      -0.021914770283225388
4.7608982769148175E-5     -0.021905468740479227
4.777905164594294E-5      -0.021896437620098547
4.79491205227377E-5       -0.021885045010590673
4.8119189399532466E-5     -0.021871898662212053
4.828925827632723E-5      -0.021861658776190524
4.845932715312199E-5      -0.021851693441044824
4.8629396029916744E-5     -0.021842002656776084
4.8799464906711515E-5     -0.02183258642338089
4.896953378350627E-5      -0.021820680346491938
4.9139602660301036E-5     -0.02180693122473653
4.93096715370958E-5       -0.021796237653716
4.947974041389056E-5      -0.02178583523903911
4.9649809290685314E-5     -0.02177572398073151
4.981987816748008E-5      -0.021765903878772114
4.998994704427484E-5      -0.021753441958560354
5.0160015921069605E-5     -0.021739026535251817
5.033008479786437E-5      -0.0217278538936404
5.050015367465913E-5      -0.021716991059109004
5.067022255145389E-5      -0.021706438031661623
5.0840291428248654E-5     -0.021696194811301108
5.101036030504342E-5      -0.021683166368132986
5.1180429181838175E-5     -0.021668061886368984
5.135049805863294E-5      -0.021656383189938636
5.15205669354277E-5       -0.021645035248965154
5.169063581222245E-5      -0.02163401806345196
5.1860704689017224E-5     -0.02162333163338764
5.203077356581198E-5      -0.021609699863477928
5.2200842442606745E-5     -0.021593854576452697
5.237091131940151E-5      -0.021581640015412108
5.254098019619627E-5      -0.021569780085045922
5.2711049072991036E-5     -0.021558274785372953
5.28811179497858E-5       -0.021547124116374383
5.3051186826580564E-5     -0.021532847681836487
5.322125570337533E-5      -0.021516204156386054
5.339132458017009E-5      -0.021503422629338922
5.3561393456964855E-5     -0.02149102270446712
5.373146233375962E-5      -0.021479004381779198
5.390153121055438E-5      -0.02146736766126661
5.407160008734914E-5      -0.021452411744950228
5.4241668964143904E-5     -0.0214349134260233
5.441173784093867E-5      -0.02142152943405291
5.4581806717733425E-5     -0.02140855897105026
5.475187559452819E-5      -0.021396002037001653
5.492194447132294E-5      -0.021383858631925337
5.50920133481177E-5       -0.021368188941244422
5.526208222491247E-5      -0.02134976311486879
5.543215110170724E-5      -0.021335733011387092
5.5602219978501995E-5     -0.021322158816217865
5.577228885529676E-5      -0.021309040529353136
5.594235773209153E-5      -0.021296378150801456
5.611242660888629E-5      -0.02127998228998699
5.628249548568105E-5      -0.02126054700435019
5.6452564362475814E-5     -0.021245816119186026
5.662263323927058E-5      -0.021231600243919214
5.679270211606533E-5      -0.021217899378541218
5.69627709928601E-5       -0.021204713523052025
5.7132839869654856E-5     -0.02118760880162237
5.730290874644962E-5      -0.02116709545686294
5.747297762324438E-5      -0.0211516071049143
5.764304650003915E-5      -0.02113670986994718
5.781311537683391E-5      -0.021122403751954726
5.7983184253628675E-5     -0.021108688750935637
5.815325313042344E-5      -0.021090903963581282
5.83233220072182E-5       -0.021069244626573527
5.8493390884012966E-5     -0.021052934924211748
5.866345976080773E-5      -0.021037313953191934
5.8833528637602494E-5     -0.021022381713509945
5.900359751439725E-5      -0.021008138205162254
5.9173666391192015E-5     -0.02098968737911596
5.934373526798678E-5      -0.020966776543941138
5.951380414478154E-5      -0.02094957099395795
5.96838730215763E-5       -0.020933174680134607
5.9853941898371064E-5     -0.020917587602477805
6.0024010775165814E-5     -0.02090280976096609
6.019407965196058E-5      -0.020883650193948937
6.036414852875534E-5      -0.02085931848278616
6.0534217405550106E-5     -0.02084112381816582
6.070428628234486E-5      -0.02082387523842292
6.087435515913962E-5      -0.020807572743544913
6.104442403593438E-5      -0.02079221633354303
6.121449291272915E-5      -0.020772208790201953
6.138456178952391E-5      -0.02074623620894069
6.155463066631868E-5      -0.020726964846512763
6.172469954311344E-5      -0.02070879748472128
6.18947684199082E-5       -0.02069173412355599
6.206483729670297E-5      -0.02067577476302879
6.223490617349773E-5      -0.02065482707861241
6.24049750502925E-5       -0.020627055087135884
6.257504392708726E-5      -0.020606650437861935
6.274511280388202E-5      -0.020587520806274198
6.291518168067679E-5      -0.02056966619236013
6.308525055747155E-5      -0.020553086596135133
6.325531943426631E-5      -0.02053121396679537
6.342538831106108E-5      -0.0205016019631818
6.359545718785583E-5      -0.02048000578754464
6.376552606465059E-5      -0.02045985738908292
6.393559494144536E-5      -0.02044115676779493
6.41056638182401E-5       -0.02042390392367781
6.427573269503487E-5      -0.020401086029797292
6.444580157182963E-5      -0.020369620661053828
6.461587044862441E-5      -0.020346780869650662
6.478593932541916E-5      -0.020325553828631285
6.495600820221393E-5      -0.02030593953800995
6.512607707900869E-5      -0.02028793799776784
6.529614595580345E-5      -0.020264095030521283
6.546621483259822E-5      -0.020230732995259206
6.5636283709393E-5        -0.020206596488635216
6.580635258618774E-5      -0.02018423133323885
6.597642146298251E-5      -0.020163637529069526
6.614649033977727E-5      -0.020144815076136947
6.631655921657204E-5      -0.02011987647387654
6.64866280933668E-5       -0.02008455420842275
6.665669697016156E-5      -0.02005905086428267
6.682676584695633E-5      -0.02003547894089801
6.699683472375108E-5      -0.020013838438254508
6.716690360054584E-5      -0.019994129356365277
6.73369724773406E-5       -0.019968039293943918
6.750704135413537E-5      -0.0199306635628196
6.767711023093013E-5      -0.019903701285683403
6.784717910772488E-5      -0.01987884006124721
6.801724798451965E-5      -0.01985607988950475
6.818731686131441E-5      -0.019835420770454307
6.835738573810918E-5      -0.019808133979425678
6.852745461490394E-5      -0.019768582720636196
6.86975234916987E-5       -0.019740049701058714
6.886759236849347E-5      -0.01971380619601789
6.903766124528822E-5      -0.019689852205490906
6.920773012208298E-5      -0.019668187729494878
6.937779899887774E-5      -0.019639688244585354
6.954786787567251E-5      -0.019597822805184687
6.971793675246727E-5      -0.019567585817896516
6.988800562926202E-5      -0.019539852759285527
7.005807450605679E-5      -0.019514623629357984
7.022814338285155E-5      -0.019491898428103064
7.039821225964631E-5      -0.019462184579146696
7.056828113644108E-5      -0.01941785419328584
7.073835001323584E-5      -0.01938576005849193
7.09084188900306E-5       -0.01935640959836182
7.107848776682537E-5      -0.019329802812888666
7.124855664362013E-5      -0.019305939702089013
7.14186255204149E-5       -0.019274980177035946
7.158869439720966E-5      -0.019228017596503475
7.175876327400443E-5      -0.019193898247110378
7.192883215079919E-5      -0.01916278203993489
7.209890102759395E-5      -0.01913466897496958
7.226896990438872E-5      -0.019109559052228716
7.243903878118348E-5      -0.01907728589624188
7.260910765797824E-5      -0.019027487233565895
7.277917653477301E-5      -0.01899114768795586
7.294924541156777E-5      -0.018958100883947615
7.311931428836252E-5      -0.018928346821540036
7.32893831651573E-5       -0.018901885500736532
7.345945204195205E-5      -0.01886828375625075
7.362952091874681E-5      -0.018815410000259745
7.379958979554158E-5      -0.01877660236733261
7.396965867233633E-5      -0.01874142769219681
7.413972754913108E-5      -0.018709885974845072
7.430979642592586E-5      -0.018681977215282246
7.44798653027206E-5       -0.01864710490582591
7.464993417951538E-5      -0.018590894918980173
7.482000305631013E-5      -0.018549316481322662
7.499007193310491E-5      -0.018511773085172798
7.516014080989968E-5      -0.018478264730524743
7.533020968669444E-5      -0.018448791417380487
7.55002785634892E-5       -0.018412752791128903
7.567034744028397E-5      -0.018352933810685167
7.584041631707873E-5      -0.01830820982840962
7.601048519387348E-5      -0.018267980489682305
7.618055407066824E-5      -0.018232245794508915
7.6350622947463E-5        -0.018201005742882647
7.652069182425776E-5      -0.018163794572533067
7.669076070105252E-5      -0.018099997217844378
7.686082957784729E-5      -0.018051692992247015
7.703089845464205E-5      -0.01800841613346609
7.72009673314368E-5       -0.01797016664150688
7.737103620823156E-5      -0.017936944516360517
7.754110508502633E-5      -0.017898613970108813
7.771117396182109E-5      -0.017830340849762625
7.788124283861586E-5      -0.017777897702213132
7.805131171541062E-5      -0.017731148739548893
7.822138059220538E-5      -0.017690093961761497
7.839144946900015E-5      -0.017654733368858925
7.856151834579491E-5      -0.017615594655970956
7.873158722258968E-5      -0.017542179208739045
7.890165609938444E-5      -0.01748481117980896
7.907172497617919E-5      -0.017434018264306492
7.924179385297395E-5      -0.017389800462243043
7.941186272976872E-5      -0.017352157773623176
7.958193160656348E-5      -0.017312711920314108
7.975200048335824E-5      -0.01723325581093036
7.992206936015301E-5      -0.017169912403442948
8.009213823694777E-5      -0.017114303419729356
8.026220711374252E-5      -0.01706642885979585
8.04322759905373E-5       -0.017026288723631603
8.060234486733205E-5      -0.016987087665066167
8.077241374412683E-5      -0.01690041227178209
8.094248262092158E-5      -0.016829769426789973
8.111255149771634E-5      -0.016768363783898267
8.12826203745111E-5       -0.01671619534312294
8.145268925130588E-5      -0.016673264104448023
8.162275812810063E-5      -0.0166349399748799
8.179282700489541E-5      -0.016539528031903766
8.196289588169016E-5      -0.016459916717332507
8.213296475848491E-5      -0.016391475938164524
8.230303363527969E-5      -0.01633420569440324
8.247310251207444E-5      -0.016288105986044098
8.26431713888692E-5       -0.016251472965114394
8.281324026566398E-5      -0.016145332382417086
8.298330914245874E-5      -0.016054576097742076
8.31533780192535E-5       -0.01597750026312922
8.332344689604827E-5      -0.015914104878570534
8.349351577284304E-5      -0.015864389944064305
8.36635846496378E-5       -0.0158305333315115
8.383365352643258E-5      -0.015711031005942178
8.400372240322733E-5      -0.015606313900706494
8.417379128002208E-5      -0.015518559887688875
8.434386015681686E-5      -0.015447768966889323
8.45139290336116E-5       -0.015393941138300995
8.468399791040637E-5      -0.015364448387648055
8.485406678720113E-5      -0.015228296420703426
8.50241356639959E-5       -0.015105969266687103
8.519420454079065E-5      -0.01500483891131299
8.536427341758541E-5      -0.014924905354581085
8.553434229438016E-5      -0.014866168596484548
8.570441117117493E-5      -0.014842444370325527
8.587448004796969E-5      -0.014685259322539017
8.604454892476445E-5      -0.014540873415795866
8.621461780155922E-5      -0.01442310238337997
8.638468667835397E-5      -0.014331946225269671
8.655475555514873E-5      -0.014267404941504306
8.67248244319435E-5       -0.014251627252087
8.689489330873826E-5      -0.014068219951673186
8.706496218553302E-5      -0.013896033870861628
8.723503106232779E-5      -0.013757217729679971
8.740509993912255E-5      -0.013651771528129355
8.757516881591731E-5      -0.013579695266206927
8.774523769271208E-5      -0.013573481857064603
8.791530656950684E-5      -0.013357684364276897
8.80853754463016E-5       -0.013150870639011427
8.825544432309636E-5      -0.012985533594406993
8.842551319989112E-5      -0.012861673230472718
8.859558207668588E-5      -0.01277928954719606
8.876565095348065E-5      -0.012783507209777237
8.893571983027541E-5      -0.012528185787720088
8.910578870707019E-5      -0.012278629404725972
8.927585758386494E-5      -0.012079962725982997
8.94459264606597E-5       -0.011932185751494443
8.961599533745447E-5      -0.011835298481252464
8.978606421424923E-5      -0.011849359836145237
8.9956133091044E-5        -0.011546415721786578
9.012620196783876E-5      -0.01124481455367119
9.029627084463352E-5      -0.011004615252671702
9.046633972142827E-5      -0.010825817818785843
9.063640859822305E-5      -0.010708422252007401
9.08064774750178E-5       -0.010729450656609277
9.097654635181258E-5      -0.010369906683554544
9.114661522860733E-5      -0.010006007572932607
9.131668410540209E-5      -0.009714775429003166
9.148675298219686E-5      -0.009496210251754823
9.165682185899162E-5      -0.009350312041200263
9.182689073578638E-5      -0.009372547383796358
9.199695961258116E-5      -0.008946670751410693
9.216702848937591E-5      -0.008509590628423313
9.233709736617066E-5      -0.00815677360130663
9.250716624296544E-5      -0.007888219670047242
9.267723511976019E-5      -0.00770392883465595
9.284730399655495E-5      -0.007718249824105714
9.301737287334972E-5      -0.00721584047552085
9.31874417501445E-5       -0.0066947513265748085
9.335751062693924E-5      -0.00626933110625513
9.3527579503734E-5        -0.00593957981456381
9.369764838052876E-5      -0.005705497451491191
9.386771725732352E-5      -0.005698781735582236
9.403778613411829E-5      -0.0051099671213108416
9.420785501091305E-5      -0.004495616902749622
9.43779238877078E-5       -0.003987428798448777
9.454799276450256E-5      -0.0035854028084084523
9.471806164129733E-5      -0.0032895389326215896
9.488813051809209E-5      -0.003244166044047838
9.505819939488686E-5      -0.0025610498990962815
9.522826827168162E-5      -0.001848315168735909
9.539833714847638E-5      -0.001250290725928719
9.556840602527113E-5      -7.669765706608846E-4
9.57384749020659E-5       -3.983727029439521E-4
9.590854377886066E-5      -2.9255558532669397E-4
9.607861265565543E-5      4.880284444270887E-4
9.62486815324502E-5       0.0012968167749534665
9.641875040924495E-5      0.00198573294371222
9.658881928603972E-5      0.0025547769507071982
9.675888816283448E-5      0.0030039487959296345
9.692895703962925E-5      0.0031943893427471325
9.709902591642401E-5      0.004067348968795898
9.726909479321879E-5      0.004959305094960747
9.743916367001354E-5      0.005731398584592962
9.76092325468083E-5       0.006383629437701665
9.777930142360306E-5      0.0069159976542821884
9.794937030039783E-5      0.007213813138417366
9.811943917719258E-5      0.008162832338089503
9.828950805398736E-5      0.009113562282156713
9.84595769307821E-5       0.00995131287469338
9.862964580757686E-5      0.010676084115697225
9.879971468437162E-5      0.011287876005173912
9.896978356116637E-5      0.011708967992855882
9.913985243796113E-5      0.012706179455262485
9.930992131475591E-5      0.013682705213202495
9.947999019155066E-5      0.014560824716330821
9.965005906834544E-5      0.015340537964693313
9.982012794514019E-5      0.016021844958278526
9.999019682193495E-5      0.016570249284957417
1.0016026569872972E-4     0.01758039946491033
1.003303345755245E-4      0.01854796442018077
1.0050040345231925E-4     0.019438447738508894
1.0067047232911402E-4     0.02025184941996587
1.0084054120590877E-4     0.020988169464532185
1.0101061008270354E-4     0.021653706072557823
1.011806789594983E-4      0.022642158571523033
1.0135074783629308E-4     0.023572426203623584
1.0152081671308783E-4     0.024450807169102338
1.016908855898826E-4      0.02527730146804059
1.0186095446667736E-4     0.026051909100393903
1.0203102334347212E-4     0.026811758873709124
1.0220109222026688E-4     0.027752597492136964
1.0237116109706166E-4     0.02862949719504973
1.0254122997385641E-4     0.029479586789872014
1.0271129885065116E-4     0.030302866276657247
1.0288136772744593E-4     0.031099335655381043
1.0305143660424069E-4     0.031923213070818024
1.0322150548103545E-4     0.032803630034800406
1.0339157435783022E-4     0.03362430447663153
1.0356164323462497E-4     0.03443945454097414
1.0373171211141973E-4     0.035249080227894636
1.0390178098821448E-4     0.03605318153736103
1.0407184986500925E-4     0.03691006588593021
1.0424191874180401E-4     0.037729855262925785
1.0441198761859879E-4     0.03850114223225898
1.0458205649539355E-4     0.039282234210351936
1.047521253721883E-4      0.04007313119727894
1.0492219424898308E-4     0.04087383319300549
1.0509226312577784E-4     0.04173764322685018
1.052623320025726E-4      0.04250530269583675
1.0543240087936737E-4     0.04323849601365235
1.0560246975616213E-4     0.04399052620948234
1.0577253863295688E-4     0.044761393283410826
1.0594260750975165E-4     0.04555109723538857
1.0611267638654641E-4     0.04640350676369423
1.0628274526334116E-4     0.047131240130218535
1.0645281414013594E-4     0.047837697235261004
1.0662288301693069E-4     0.04856674677708717
1.0679295189372544E-4     0.04931838875567651
1.0696302077052022E-4     0.050092623171034724
1.0713308964731497E-4     0.050923125357832916
1.0730315852410975E-4     0.0516227455907679
1.074732274009045E-4      0.05231142217789708
1.0764329627769927E-4     0.05302283045389843
1.0781336515449402E-4     0.05375697041875769
1.0798343403128879E-4     0.054513842072487384
1.0815350290808356E-4     0.055318251622596265
1.0832357178487833E-4     0.05599892794039094
1.0849364066167309E-4     0.05667567682316108
1.0866370953846784E-4     0.057373304478412844
1.088337784152626E-4      0.058091810906149365
1.0900384729205736E-4     0.058831196106367376
1.0917391616885212E-4     0.05960946891147368
1.0934398504564688E-4     0.06027723014484926
1.0951405392244166E-4     0.06094523827906563
1.0968412279923641E-4     0.06163150214652164
1.0985419167603116E-4     0.06233602174722541
1.1002426055282593E-4     0.06305879708116977
1.1019432942962069E-4     0.06381311796565647
1.1036439830641547E-4     0.06447148298281258
1.1053446718321023E-4     0.06513213580717951
1.10704536060005E-4       0.06580836625606265
1.1087460493679976E-4     0.06650017432946471
1.1104467381359452E-4     0.06720756002737552
1.1121474269038929E-4     0.06794095136291295
1.1138481156718405E-4     0.06859201836001266
1.1155488044397881E-4     0.06924577025866897
1.1172494932077356E-4     0.06991263507199955
1.1189501819756833E-4     0.07059261280000707
1.1206508707436308E-4     0.07128570344268675
1.1223515595115784E-4     0.07200091845928677
1.124052248279526E-4      0.07264588324465387
1.1257529370474738E-4     0.0732927631889119
1.1274536258154213E-4     0.07395056975131897
1.1291543145833691E-4     0.07461930293186428
1.1308550033513168E-4     0.07529896273055493
1.1325556921192644E-4     0.0759978052582994
1.134256380887212E-4      0.07663685599584645
1.1359570696551597E-4     0.07727668088745566
1.1376577584231072E-4     0.07792553604404093
1.1393584471910548E-4     0.07858342146560449
1.1410591359590025E-4     0.07925033715214512
1.1427598247269501E-4     0.07993390281508528
1.1444605134948977E-4     0.08056662240238403
1.1461612022628454E-4     0.08119913407614321
1.147861891030793E-4      0.08183905754777551
1.1495625797987405E-4     0.08248639281729678
1.1512632685666883E-4     0.08314113988469118
1.1529639573346359E-4     0.0838104116214431
1.1546646461025836E-4     0.08443644497146792
1.156365334870531E-4      0.08506140455733242
1.1580660236384786E-4     0.085692403250503
1.1597667124064261E-4     0.08632944105098468
1.1614674011743738E-4     0.0869725179587744
1.1631680899423213E-4     0.08762844528514346
1.1648687787102691E-4     0.08824760293399964
1.1665694674782166E-4     0.08886482280013688
1.1682701562461643E-4     0.08948691619482932
1.1699708450141119E-4     0.09011388311808369
1.1716715337820595E-4     0.09074572356989118
1.1733722225500072E-4     0.09138907835221766
1.175072911317955E-4      0.09200118740910267
1.1767736000859025E-4     0.09261053316889067
1.17847428885385E-4       0.09322375643353531
1.1801749776217977E-4     0.09384085720304687
1.1818756663897452E-4     0.09446183547741649
1.1835763551576929E-4     0.09509324508960487
1.1852770439256405E-4     0.09569816884790439
1.1869777326935883E-4     0.09629955639020145
1.1886784214615358E-4     0.0969039615494511
1.1903791102294836E-4     0.09751138432565075
1.192079798997431E-4      0.09812182471880437
1.1937804877653787E-4     0.09874183037475692
1.1954811765333263E-4     0.09933949655217891
1.1971818653012741E-4     0.0999328834419821
1.1988825540692216E-4     0.10052853869004966
1.2005832428371694E-4     0.1011264622963702
1.2022839316051169E-4     0.10172665426094028
1.2039846203730645E-4     0.10233571230175276
1.2056853091410122E-4     0.10292606832457839
1.20738599790896E-4       0.10351144012944884
1.2090866866769075E-4     0.1040984254343672
1.2107873754448552E-4     0.10468702423931521
1.2124880642128027E-4     0.10527723654430997
1.2141887529807504E-4     0.10587572258276812
1.215889441748698E-4      0.1064586940853334
1.2175901305166458E-4     0.10703605002700295
1.2192908192845933E-4     0.10761445064121165
1.2209915080525408E-4     0.10819389592795044
1.2226921968204886E-4     0.10877438588723122
1.224392885588436E-4      0.1093626002206265
1.2260935743563836E-4     0.10993806400018012
1.2277942631243313E-4     0.11050740610648943
1.2294949518922788E-4     0.11107730624113309
1.2311956406602266E-4     0.11164776440412023
1.232896329428174E-4      0.11221878059543777
1.2345970181961216E-4     0.11279699005871682
1.236297706964069E-4      0.1133648062220114
1.2379983957320172E-4     0.11392613700950253
1.2396990844999647E-4     0.11448761766481286
1.2413997732679122E-4     0.11504924818793548
1.2431004620358597E-4     0.11561102857888754
1.2448011508038075E-4     0.11617951423422374
1.246501839571755E-4      0.11673958316452378
1.2482025283397027E-4     0.11729291048672487
1.2499032171076502E-4     0.1178460515974057
1.2516039058755977E-4     0.11839900649655599
1.2533045946435455E-4     0.11895177518418316
1.255005283411493E-4      0.11951083120899245
1.2567059721794408E-4     0.12006310747587011
1.2584066609473883E-4     0.12060845064188522
1.2601073497153358E-4     0.12115333425575156
1.2618080384832836E-4     0.12169775831746515
1.2635087272512313E-4     0.12224172282702997
1.2652094160191788E-4     0.12279164493020128
1.2669101047871266E-4     0.12333613498820385
1.268610793555074E-4      0.12387352811784585
1.270311482323022E-4      0.12441024146488648
1.2720121710909694E-4     0.12494627502932179
1.2737128598589172E-4     0.12548162881115574
1.2754135486268647E-4     0.1260226963666376
1.2771142373948125E-4     0.1265594320490407
1.27881492616276E-4       0.1270889208219146
1.2805156149307075E-4     0.12761755624152868
1.282216303698655E-4      0.12814533830787653
1.2839169924666027E-4     0.12867226702095652
1.2856176812345502E-4     0.12920470908806606
1.287318370002498E-4      0.12973369131455917
1.2890190587704455E-4     0.1302553239200507
1.290719747538393E-4      0.13077597361184667
1.2924204363063408E-4     0.13129564038994077
1.2941211250742886E-4     0.1318143242543302
1.295821813842236E-4      0.1323383237499773
1.2975225026101836E-4     0.1328595118086013
1.2992231913781313E-4     0.1333733322246035
1.3009238801460788E-4     0.13388608354295822
1.3026245689140266E-4     0.1343977657636455
1.304325257681974E-4      0.13490837888667276
1.3060259464499216E-4     0.13542413477469795
1.3077266352178694E-4     0.1359375072804856
1.3094273239858172E-4     0.13644355603479805
1.3111280127537647E-4     0.13694849290027553
1.3128287015217125E-4     0.13745231787693687
1.31452939028966E-4       0.13795503096477182
1.3162300790576077E-4     0.1384627732992107
1.3179307678255552E-4     0.13896834287814117
1.319631456593503E-4      0.1394666596025741
1.3213321453614505E-4     0.1399638646079318
1.3230328341293983E-4     0.1404599578942103
1.3247335228973458E-4     0.14095493946141704
1.3264342116652933E-4     0.1414548811138605
1.3281349004332408E-4     0.14195264792237286
1.3298355892011888E-4     0.14244327204028684
1.3315362779691363E-4     0.14293282527191387
1.3332369667370838E-4     0.1434213076172676
1.3349376555050313E-4     0.14390871907633207
1.336638344272979E-4      0.1444010658611719
1.3383390330409266E-4     0.14489104068258862
1.3400397218088744E-4     0.1453740153344903
1.341740410576822E-4      0.1458559960289381
1.3434410993447694E-4     0.1463369827659303
1.3451417881127172E-4     0.14681697554547435
1.3468424768806647E-4     0.1473019715828811
1.3485431656486125E-4     0.14778423330311283
1.35024385441656E-4       0.14825961127789963
1.3519445431845077E-4     0.14873410272256216
1.3536452319524555E-4     0.1492077076371055
1.355345920720403E-4      0.14968042602152173
1.3570466094883508E-4     0.1501583105079702
1.3587472982562983E-4     0.1506329594252937
1.360447987024246E-4      0.15110080418791874
1.3621486757921936E-4     0.1515678974280025
1.363849364560141E-4      0.15203423914554096
1.3655500533280886E-4     0.15249982934052952
1.367250742096036E-4      0.15297110247344747
1.3689514308639836E-4     0.15343851156851526
1.3706521196319314E-4     0.15389890836517775
1.3723528083998789E-4     0.15435872732391526
1.3740534971678266E-4     0.15481796844472204
1.375754185935774E-4      0.1552766317275959
1.3774548747037216E-4     0.1557400768550557
1.3791555634716691E-4     0.15619869665441294
1.3808562522396172E-4     0.15665158234126145
1.3825569410075647E-4     0.15710409359813038
1.3842576297755122E-4     0.15755623042501465
1.3859583185434597E-4     0.15800799282191477
1.3876590073114075E-4     0.15846581680235639
1.3893596960793552E-4     0.15891800244571028
1.391060384847303E-4      0.1593635965823536
1.3927610736152505E-4     0.15980903522577328
1.3944617623831983E-4     0.16025431837600915
1.3961624511511458E-4     0.16069944603303082
1.3978631399190936E-4     0.16114921603885912
1.3995638286870413E-4     0.16159206631636905
1.4012645174549888E-4     0.1620302145108156
1.4029652062229363E-4     0.16246845846417204
1.404665894990884E-4      0.1629067981764521
1.406366583758832E-4      0.16334523364765008
1.4080672725267794E-4     0.1637892201464115
1.409767961294727E-4      0.1642253199980129
1.4114686500626747E-4     0.1646562759857121
1.4131693388306222E-4     0.16508754337816958
1.41487002759857E-4       0.16551912217536469
1.4165707163665175E-4     0.16595101237732146
1.418271405134465E-4      0.16638857822854425
1.4199720939024125E-4     0.16681721130312452
1.4216727826703605E-4     0.16724102321672835
1.423373471438308E-4      0.16766537821388522
1.4250741602062555E-4     0.16809027629459344
1.426774848974203E-4      0.16851571745885355
1.4284755377421508E-4     0.16894730589228724
1.4301762265100983E-4     0.16936887041766926
1.431876915278046E-4      0.16978561764027905
1.4335776040459936E-4     0.17020315174574002
1.435278292813941E-4      0.17062147273405956
1.4369789815818888E-4     0.17104058060523142
1.4386796703498363E-4     0.17146606259383035
1.440380359117784E-4      0.17188037442941284
1.4420810478857316E-4     0.17229014033227205
1.443781736653679E-4      0.17270094753698675
1.445482425421627E-4      0.1731127960435598
1.4471831141895747E-4     0.17352568585198616
1.4488838029575222E-4     0.17394554514084695
1.45058449172547E-4       0.17435300242682134
1.4522851804934175E-4     0.17475586438013815
1.4539858692613652E-4     0.17516005917937005
1.4556865580293127E-4     0.17556558682453252
1.4573872467972605E-4     0.17597244731561124
1.459087935565208E-4      0.17638519171988354
1.4607886243331558E-4     0.17678395796072388
1.4624893131011033E-4     0.17717981810606998
1.4641900018690508E-4     0.17757732322318817
1.4658906906369983E-4     0.1779764733120752
1.467591379404946E-4      0.17837726837273493
1.4692920681728936E-4     0.1787853149254217
1.4709927569408413E-4     0.17917808022121276
1.4726934457087888E-4     0.1795671954775999
1.4743941344767364E-4     0.179958267214781
1.476094823244684E-4      0.18035129543281375
1.477795512012632E-4      0.18074628013167465
1.4794962007805794E-4     0.1811476644552843
1.4811968895485272E-4     0.18153202473272487
1.4828975783164747E-4     0.18191424491809455
1.4845982670844225E-4     0.18229876815526014
1.48629895585237E-4       0.18268559444424867
1.4879996446203175E-4     0.18307472378505021
1.4897003333882652E-4     0.18347080966593005
1.491401022156213E-4      0.18384841865348567
1.4931017109241605E-4     0.1842239618889823
1.494802399692108E-4      0.18460209286066342
1.4965030884600555E-4     0.184982811568539
1.4982037772280033E-4     0.18536611801260122
1.4999044659959508E-4     0.1857563820417723
1.5016051547638986E-4     0.18612696743496854
1.503305843531846E-4      0.18649598151141186
1.5050065322997936E-4     0.1868677941200116
1.506707221067741E-4      0.1872424052607743
1.5084079098356886E-4     0.18761981493369628
1.510108598603636E-4      0.18800456775860075
1.511809287371584E-4      0.18836894176212077
1.5135099761395316E-4     0.18873169042879587
1.515210664907479E-4      0.1890973583784491
1.5169113536754272E-4     0.18946594561108668
1.5186120424433747E-4     0.18983745212670822
1.5203127312113225E-4     0.19021649919443478
1.5220134199792702E-4     0.19057475069202892
1.5237141087472177E-4     0.19093138233017568
1.5254147975151652E-4     0.19129101537800114
1.5271154862831127E-4     0.19165364983550479
1.5288161750510602E-4     0.19201928570269003
1.5305168638190077E-4     0.1923925538371786
1.5322175525869555E-4     0.19274472730154435
1.533918241354903E-4      0.19309533968443135
1.5356189301228508E-4     0.19344902184345497
1.5373196188907983E-4     0.19380577377862263
1.5390203076587458E-4     0.19416559548993761
1.5407209964266936E-4     0.1945330912864356
1.5424216851946414E-4     0.19487922945268527
1.5441223739625889E-4     0.19522389936825735
1.5458230627305366E-4     0.19557170534217327
1.5475237514984844E-4     0.19592264737444637
1.549224440266432E-4      0.1962767254650708
1.5509251290343797E-4     0.19663849287949875
1.5526258178023272E-4     0.19697863845055238
1.554326506570275E-4      0.19731743459665896
1.5560271953382225E-4     0.19765943458325
1.5577278841061702E-4     0.19800463841033153
1.559428572874118E-4      0.19835304607790427
1.5611292616420655E-4     0.19870912035941307
1.5628299504100133E-4     0.19904330105182405
1.5645306391779608E-4     0.19937629054384387
1.5662313279459083E-4     0.19971255160890852
1.567932016713856E-4      0.20005208424702298
1.5696327054818036E-4     0.20039488845818978
1.571333394249751E-4      0.20074533631801128
1.5730340830176988E-4     0.20107362486620992
1.5747347717856466E-4     0.20140087855324723
1.576435460553594E-4      0.20173146945472448
1.5781361493215416E-4     0.20206539757064873
1.5798368380894897E-4     0.20240266290102044
1.5815375268574372E-4     0.20274758214861355
1.583238215625385E-4      0.20307008832863538
1.5849389043933325E-4     0.20339167904141914
1.58663959316128E-4       0.20371667098974627
1.5883402819292277E-4     0.20404506417362592
1.5900409706971752E-4     0.20437685859304666
1.5917416594651227E-4     0.20471632981695198
1.5934423482330705E-4     0.20503313752578448
1.595143037001018E-4      0.20534913496866605
1.5968437257689655E-4     0.20566859771453122
1.5985444145369133E-4     0.20599152576337634
1.6002451033048608E-4     0.20631791911520228
1.6019457920728083E-4     0.20665200199789313
1.6036464808407558E-4     0.20696316596819983
1.6053471696087036E-4     0.20727363574562374
1.607047858376651E-4      0.20758763555804785
1.6087485471445986E-4     0.20790516540548798
1.6104492359125464E-4     0.20822622528793552
1.6121499246804939E-4     0.2085549711107462
1.6138506134484416E-4     0.20886054074534585
1.6155513022163894E-4     0.2091655479508032
1.617251990984337E-4      0.20947414863245478
1.6189526797522844E-4     0.2097863427903007
1.620653368520232E-4      0.21010213042434217
1.6223540572881797E-4     0.21042556903309245
1.6240547460561272E-4     0.21072558845412964
1.625755434824075E-4      0.21102520144445566
1.6274561235920225E-4     0.21132846550257406
1.6291568123599702E-4     0.21163538062848714
1.630857501127918E-4      0.2119459468221966
1.6325581898958655E-4     0.21226412247026782
1.6342588786638133E-4     0.212558678987715
1.6359595674317608E-4     0.2128529748220751
1.6376602561997083E-4     0.21315096835991348
1.639360944967656E-4      0.21345265960122894
1.6410616337356036E-4     0.21375804854602815
1.642762322503551E-4      0.214071029391948
1.6444630112714989E-4     0.21436025643068415
1.6461637000394464E-4     0.21464931936535178
1.647864388807394E-4      0.21494211239359765
1.6495650775753416E-4     0.21523863551541808
1.651265766343289E-4      0.21553888873081542
1.652966455111237E-4      0.21584669308154658
1.6546671438791847E-4     0.21613068406976155
1.6563678326471322E-4     0.21641459945295968
1.6580685214150797E-4     0.21670226027289427
1.6597692101830275E-4     0.216993666529561
1.6614698989509752E-4     0.2172888182229657
1.6631705877189227E-4     0.21759144907269085
1.6648712764868705E-4     0.21787029919819162
1.666571965254818E-4      0.2181491561904364
1.6682726540227658E-4     0.21843175376901575
1.6699733427907133E-4     0.21871809193394906
1.6716740315586608E-4     0.21900817068521028
1.6733747203266086E-4     0.21930566363210544
1.6750754090945563E-4     0.21957951386541422
1.6767760978625038E-4     0.2198534059238662
1.6784767866304514E-4     0.22013101341676633
1.6801774753983989E-4     0.22041233634411111
1.6818781641663466E-4     0.22069737470590323
1.683578852934294E-4      0.22098976437639484
1.685279541702242E-4      0.22125874071512683
1.6869802304701894E-4     0.22152775575354075
1.688680919238137E-4      0.22180044536589086
1.6903816080060847E-4     0.22207680955218356
1.6920822967740322E-4     0.22235684831241145
1.69378298554198E-4       0.2226441632359508
1.6954836743099277E-4     0.2229083579113277
1.6971843630778755E-4     0.22317257398986018
1.698885051845823E-4      0.22344041306089432
1.7005857406137708E-4     0.22371187512443905
1.7022864293817186E-4     0.22398696018049047
1.703987118149666E-4      0.22426922803378613
1.7056878069176138E-4     0.2245287125073204
1.707388495685561E-4      0.22478820079589823
1.7090891844535086E-4     0.2250512527042402
1.710789873221456E-4      0.2253178682323506
1.7124905619894036E-4     0.22558804738022725
1.714191250757351E-4      0.22586529974117825
1.7158919395252989E-4     0.226120137324988
1.7175926282932466E-4     0.22637496399656717
1.719293317061194E-4      0.22663328934920823
1.7209940058291416E-4     0.22689511338292376
1.7226946945970894E-4     0.22716043609770092
1.7243953833650372E-4     0.2274327202834378
1.726096072132985E-4      0.2276829819258355
1.7277967609009325E-4     0.2279332104965362
1.72949744966888E-4       0.22818686878543487
1.7311981384368277E-4     0.2284439567925303
1.7328988272047752E-4     0.228704474517808
1.7345995159727227E-4     0.22897184266345014
1.7363002047406705E-4     0.22921759770069458
1.738000893508618E-4      0.22946328964964244
1.7397015822765658E-4     0.2297123392124493
1.7414022710445133E-4     0.22996474638911585
1.7431029598124608E-4     0.23022051117964376
1.7448036485804086E-4     0.2304830116744263
1.7465043373483563E-4     0.23072432288520475
1.7482050261163039E-4     0.23096553847355158
1.7499057148842514E-4     0.2312100365298629
1.7516064036521989E-4     0.231457817054145
1.7533070924201466E-4     0.23170888004639045
1.7550077811880941E-4     0.2319665637921564
1.756708469956042E-4      0.23220349755222408
1.7584091587239894E-4     0.23244029719350037
1.760109847491937E-4      0.23268030100153606
1.7618105362598847E-4     0.23292350897632322
1.7635112250278322E-4     0.23316992111787216
1.76521191379578E-4       0.2334228366181722
1.7669126025637275E-4     0.2336554558801107
1.7686132913316755E-4     0.23388789895624656
1.770313980099623E-4      0.2341234650385829
1.7720146688675705E-4     0.23436215412710534
1.7737153576355183E-4     0.23460396622183058
1.7754160464034658E-4     0.23485215784992883
1.7771167351714136E-4     0.23508051899794985
1.778817423939361E-4      0.2353086630898008
1.7805181127073086E-4     0.23553984665267771
1.782218801475256E-4      0.235774069686572
1.7839194902432036E-4     0.2360113321914845
1.7856201790111514E-4     0.23625485038241612
1.787320867779099E-4      0.2364790128519002
1.789021556547047E-4      0.23670291382607428
1.7907222453149944E-4     0.23692976951993933
1.7924229340829422E-4     0.23715957993349718
1.79412362285089E-4       0.23739234506674087
1.7958243116188375E-4     0.23763125225166867
1.7975250003867852E-4     0.23785127846183857
1.7992256891547327E-4     0.23807098896619838
1.8009263779226802E-4     0.23829357109672808
1.8026270666906277E-4     0.23851902485342427
1.8043277554585752E-4     0.23874735023629115
1.806028444226523E-4      0.23898171819781316
1.8077291329944705E-4     0.23919766035636816
1.8094298217624183E-4     0.23941322651237404
1.8111305105303658E-4     0.2396315876183258
1.8128311992983136E-4     0.23985274367420686
1.8145318880662613E-4     0.24007669468002293
1.8162325768342089E-4     0.2403066001821979
1.8179332656021566E-4     0.24051848897178627
1.8196339543701044E-4     0.24072994803204054
1.821334643138052E-4      0.24094413690939817
1.8230353319059994E-4     0.2411610556038535
1.824736020673947E-4      0.24138070411540483
1.8264367094418947E-4     0.2416062260595564
1.8281373982098422E-4     0.24181407204857056
1.82983808697779E-4       0.24202145376828046
1.8315387757457375E-4     0.24223151483418184
1.8332394645136852E-4     0.242444255246289
1.834940153281633E-4      0.2426596750045967
1.8366408420495805E-4     0.24288088913773032
1.838341530817528E-4      0.24308469197963462
1.8400422195854755E-4     0.24328802311516515
1.841742908353423E-4      0.24349399757295115
1.8434435971213705E-4     0.24370261535299204
1.845144285889318E-4      0.24391387645528356
1.8468449746572655E-4     0.24413087357113125
1.8485456634252133E-4     0.2443306551848518
1.850246352193161E-4      0.2445299669714403
1.8519470409611086E-4     0.24473190162219632
1.8536477297290564E-4     0.2449364591371227
1.8553484184970039E-4     0.24514363951622178
1.8570491072649516E-4     0.24535659256108872
1.8587497960328991E-4     0.24555243903769197
1.8604504848008472E-4     0.24574775838852822
1.8621511735687947E-4     0.24594570041516284
1.8638518623367422E-4     0.24614626511763119
1.86555255110469E-4       0.2463494524959141
1.8672532398726375E-4     0.24655810731526143
1.8689539286405852E-4     0.2467496596359701
1.870654617408533E-4      0.24694098197422112
1.8723553061764805E-4     0.24713491909524277
1.8740559949444283E-4     0.24733147099903793
1.8757566837123758E-4     0.2475306376856054
1.8774573724803236E-4     0.24773543999311876
1.879158061248271E-4      0.24792334434765487
1.8808587500162188E-4     0.24811081899545015
1.8825594387841663E-4     0.24830088477468612
1.8842601275521139E-4     0.24849354168535132
1.8859608163200614E-4     0.24868878972746436
1.8876615050880089E-4     0.24888963623280086
1.8893621938559564E-4     0.24907367123616087
1.891062882623904E-4      0.2492572895399631
1.8927635713918516E-4     0.24944349847600927
1.8944642601597991E-4     0.24963229804430623
1.896164948927747E-4      0.2498236882448454
1.8978656376956944E-4     0.2500206447058589
1.8995663264636422E-4     0.25020082687764295
1.90126701523159E-4       0.2503806278199212
1.9029677039995375E-4     0.2505630231609126
1.904668392767485E-4      0.2507480129006161
1.906369081535433E-4      0.2509355970390285
1.9080697703033805E-4     0.2511286581816829
1.909770459071328E-4      0.25130497654417155
1.9114711478392758E-4     0.25148100070093216
1.9131718366072233E-4     0.25165961325749525
1.9148725253751708E-4     0.25184081421384324
1.9165732141431186E-4     0.2520246035699926
1.918273902911066E-4      0.2522137748961614
1.9199745916790139E-4     0.25238635097208484
1.9216752804469614E-4     0.25255869726789065
1.923375969214909E-4      0.25273360735381006
1.9250766579828566E-4     0.25291108122982764
1.9267773467508041E-4     0.2530911188959582
1.928478035518752E-4      0.25327670196515706
1.9301787242866997E-4     0.25344584239444923
1.9318794130546472E-4     0.2536145530722176
1.9335801018225947E-4     0.25378581561142416
1.9352807905905422E-4     0.2539596300120662
1.9369814793584902E-4     0.2541359962741468
1.9386821681264377E-4     0.2543176746910711
1.9403828568943855E-4     0.2544829940728172
1.942083545662333E-4      0.2546480866737272
1.9437842344302805E-4     0.2548157127872189
1.9454849231982283E-4     0.2549858724132906
1.9471856119661758E-4     0.25515856555194044
1.9488863007341233E-4     0.255336668571289
1.9505869895020708E-4     0.25549863423027286
1.9522876782700189E-4     0.2556602225274328
1.9539883670379664E-4     0.2558243098308691
1.9556890558059139E-4     0.2559908961406076
1.9573897445738616E-4     0.2561599814566348
1.959090433341809E-4      0.2563340047255558
1.960791122109757E-4      0.25649205519622525
1.9624918108777047E-4     0.25665011586981085
1.964192499645652E-4      0.25681062569290897
1.9658931884136E-4        0.2569735846655224
1.9675938771815472E-4     0.2571389927876469
1.969294565949495E-4      0.2573095148126303
1.9709952547174425E-4     0.2574645222773771
1.9726959434853905E-4     0.257619252095949
1.9743966322533377E-4     0.25777636902169465
1.9760973210212855E-4     0.25793587305461296
1.977798009789233E-4      0.25809776419471103
1.9794986985571805E-4     0.2582648914677835
1.981199387325128E-4      0.25841668078964186
1.9829000760930758E-4     0.2585680041567502
1.9846007648610233E-4     0.2587217105948787
1.9863014536289708E-4     0.2588778001040599
1.9880021423969186E-4     0.25903627268427404
1.989702831164866E-4      0.259199430419072
1.9914035199328139E-4     0.2593472052077096
1.9931042087007614E-4     0.2594950605822578
1.9948048974687091E-4     0.25964529862624663
1.9965055862366566E-4     0.25979791933967733
1.9982062750046041E-4     0.2599529227225456
1.999906963772552E-4      0.2601128884797266
2.0016076525404997E-4     0.2602576329991064
2.0033083413084472E-4     0.2604021733387998
2.0050090300763947E-4     0.2605490892036732
2.0067097188443422E-4     0.26069838059373507
2.00841040761229E-4       0.2608500475089806
2.0101110963802375E-4     0.2610066727690078
2.0118117851481853E-4     0.26114806210179903
2.013512473916133E-4      0.261289260683848
2.0152131626840805E-4     0.26143285133474453
2.0169138514520283E-4     0.2615788340544855
2.0186145402199758E-4     0.26172720884308226
2.0203152289879236E-4     0.2618805474278924
2.0220159177558714E-4     0.26201863201606074
2.0237166065238189E-4     0.26215654445349273
2.0254172952917664E-4     0.26229685646755363
2.0271179840597139E-4     0.26243956805824137
2.028818672827662E-4      0.2625846792255581
2.0305193615956094E-4     0.2627347689350347
2.0322200503635572E-4     0.26286963895713905
2.033920739131505E-4      0.2630043283062069
2.0356214278994525E-4     0.26314141594775425
2.0373221166674E-4        0.2632809018817846
2.039022805435348E-4      0.26342278610830366
2.0407234942032955E-4     0.26356964554496765
2.042424182971243E-4      0.26370134314752847
2.0441248717391905E-4     0.2638328589547267
2.045825560507138E-4      0.26396676988422146
2.0475262492750855E-4     0.2641030759360152
2.049226938043033E-4      0.2642417771101102
2.0509276268109805E-4     0.26438543696623057
2.0526283155789283E-4     0.26451398570582624
2.054329004346876E-4      0.26464236676338304
2.0560296931148236E-4     0.26477314369862975
2.057730381882771E-4      0.2649063165115693
2.0594310706507186E-4     0.2650418852021964
2.0611317594186664E-4     0.2651823920173113
2.0628324481866141E-4     0.26530780594503267
2.064533136954562E-4      0.2654330827218106
2.0662338257225094E-4     0.2655607645944343
2.0679345144904572E-4     0.26569085156290345
2.0696352032584047E-4     0.26582334362722
2.0713358920263525E-4     0.26596075962416366
2.0730365807943002E-4     0.2660830501995428
2.0747372695622477E-4     0.2662052475888584
2.0764379583301952E-4     0.26632987062889096
2.0781386470981427E-4     0.26645691931964505
2.0798393358660902E-4     0.2665863936611146
2.0815400246340378E-4     0.26672078852477876
2.0832407134019855E-4     0.2668399682045282
2.0849414021699333E-4     0.2669591097481818
2.0866420909378808E-4     0.26708070802721023
2.0883427797058283E-4     0.2672047630416241
2.0900434684737764E-4     0.26733127479141117
2.0917441572417239E-4     0.2674627080512598
2.0934448460096714E-4     0.2675787966794987
2.0951455347776189E-4     0.26769491248011346
2.0968462235455664E-4     0.2678135202277758
2.098546912313514E-4      0.26793461992248985
2.1002476010814614E-4     0.2680582115642582
2.101948289849409E-4      0.2681867280341775
2.1036489786173566E-4     0.2682997720435651
2.1053496673853044E-4     0.26841290575749754
2.107050356153252E-4      0.26852856205707315
2.1087510449211997E-4     0.2686467409422875
2.1104517336891475E-4     0.2687674424131464
2.1121524224570952E-4     0.26889307551249836
2.113853111225043E-4      0.26900314421279886
2.1155537999929905E-4     0.2691133493782119
2.117254488760938E-4      0.26922610005158415
2.1189551775288855E-4     0.2693413962329217
2.1206558662968333E-4     0.2694592379222197
2.1223565550647808E-4     0.2695820237491467
2.1240572438327286E-4     0.2696891844723916
2.1257579326006764E-4     0.26979651137993005
2.1274586213686239E-4     0.26990640310141945
2.1291593101365716E-4     0.2700188596368684
2.130859998904519E-4      0.2701338809862697
2.132560687672467E-4      0.27025386092408166
2.1342613764404144E-4     0.27035816273115904
2.135962065208362E-4      0.27046265486126314
2.1376627539763094E-4     0.27056973108885035
2.1393634427442566E-4     0.2706793914139129
2.1410641315122044E-4     0.2707916358364613
2.142764820280152E-4      0.2709088403791923
2.1444655090480997E-4     0.2710103125814685
2.1461661978160472E-4     0.2711120113032464
2.147866886583995E-4      0.27121631256722745
2.1495675753519428E-4     0.27132321637341034
2.1512682641198903E-4     0.27143272272179714
2.152968952887838E-4      0.27154717035521964
2.1546696416557855E-4     0.271645841223203
2.1563703304237333E-4     0.2717447898632983
2.1580710191916808E-4     0.2718463550183386
2.1597717079596286E-4     0.27195053668832103
2.1614723967275764E-4     0.2720573348732504
2.1631730854955239E-4     0.2721690439904389
2.1648737742634714E-4     0.2722649631930192
2.1665744630314191E-4     0.27236121025246257
2.1682751517993666E-4     0.2724600795860777
2.1699758405673141E-4     0.27256157119386537
2.171676529335262E-4      0.27266568507582817
2.1733772181032094E-4     0.27277468050964504
2.1750779068711572E-4     0.2728679198592811
2.1767785956391047E-4     0.27296151877759406
2.1784792844070525E-4     0.27305773654226284
2.180179973175E-4         0.2731565731532955
2.1818806619429475E-4     0.273258028610684
2.1835813507108953E-4     0.2733643389126251
2.185282039478843E-4      0.27345496879898373
2.1869827282467905E-4     0.27354597141697495
2.188683417014738E-4      0.27363958276478084
2.1903841057826855E-4     0.2737358028424027
2.1920847945506336E-4     0.2738346316498445
2.193785483318581E-4      0.27393828597993186
2.1954861720865289E-4     0.27402635986310236
2.1971868608544764E-4     0.2741148120220836
2.1988875496224239E-4     0.27420585924969315
2.2005882383903716E-4     0.27429950154594046
2.202288927158319E-4      0.2743957389108212
2.2039896159262666E-4     0.2744967657578402
2.2056903046942141E-4     0.2745823245807883
2.2073909934621622E-4     0.27466826838522906
2.2090916822301097E-4     0.2747567915846601
2.2107923709980572E-4     0.27484789417909194
2.212493059766005E-4      0.2749415761685119
2.2141937485339525E-4     0.2750400076729363
2.2158944373019002E-4     0.27512309121286377
2.217595126069848E-4      0.2752065670602334
2.2192958148377953E-4     0.27529260533503885
2.2209965036057433E-4     0.2753812060372862
2.2226971923736905E-4     0.27547236916697393
2.2243978811416383E-4     0.2755682426148761
2.2260985699095858E-4     0.27564889335566084
2.2277992586775339E-4     0.2757299407762485
2.2294999474454814E-4     0.2758135327674093
2.2312006362134289E-4     0.27589966932914006
2.2329013249813766E-4     0.275988350461447
2.2346020137493241E-4     0.27608170385541375
2.236302702517272E-4      0.2761599645560646
2.2380033912852194E-4     0.2762386229936383
2.239704080053167E-4      0.2763198068592215
2.2414047688211144E-4     0.27640351615281095
2.243105457589062E-4      0.2764897508744163
2.2448061463570097E-4     0.27658061794483857
2.2465068351249572E-4     0.276656531798256
2.248207523892905E-4      0.2767328422046898
2.2499082126608525E-4     0.27681165608495106
2.2516089014288E-4        0.2768929734390432
2.2533095901967475E-4     0.2769767942669579
2.2550102789646953E-4     0.27706520362945297
2.256710967732643E-4      0.2771388178340243
2.2584116565005905E-4     0.27721282393578645
2.260112345268538E-4      0.2772893069954934
2.2618130340364855E-4     0.27736826701314254
2.2635137228044333E-4     0.27744970398873137
2.2652144115723808E-4     0.2775356827073981
2.2669151003403286E-4     0.27760705000991387
2.2686157891082766E-4     0.2776787976880803
2.2703164778762241E-4     0.27775299052703606
2.2720171666441716E-4     0.277829628526776
2.2737178554121194E-4     0.277908711687303
2.2754185441800672E-4     0.2779922866262641
2.2771192329480147E-4     0.27806145937484333
2.2788199217159625E-4     0.2781309941837991
2.28052061048391E-4       0.27820293767077553
2.2822212992518575E-4     0.27827728983576977
2.2839219880198052E-4     0.2783540506787821
2.2856226767877528E-4     0.27843524795903263
2.2873233655557005E-4     0.2785022723583627
2.2890240543236483E-4     0.27856963754182257
2.2907247430915958E-4     0.2786393712686382
2.2924254318595433E-4     0.2787114735388056
2.294126120627491E-4      0.278785944352333
2.2958268093954389E-4     0.2788647910828497
2.2975274981633864E-4     0.27892970956347973
2.299228186931334E-4      0.27899494625695626
2.3009288756992816E-4     0.27906250853692977
2.3026295644672291E-4     0.27913239640339055
2.304330253235177E-4      0.27920460985634254
2.3060309420031244E-4     0.27928113722925696
2.3077316307710722E-4     0.27934399280978967
2.3094323195390197E-4     0.27940714088112906
2.3111330083069672E-4     0.27947256977674684
2.312833697074915E-4      0.27954027949664007
2.3145343858428622E-4     0.27961027004081196
2.31623507461081E-4       0.2796845147861988
2.3179357633787575E-4     0.2797453495890726
2.3196364521467055E-4     0.2798064470561929
2.3213371409146528E-4     0.27986978056451184
2.3230378296826005E-4     0.2799353501140203
2.324738518450548E-4      0.2800031557047248
2.3264392072184955E-4     0.28007515900294905
2.3281398959864433E-4     0.28013400901269414
2.329840584754391E-4      0.2801930907651119
2.3315412735223386E-4     0.28025436592653213
2.333241962290286E-4      0.2803178344969536
2.3349426510582336E-4     0.2803834964763733
2.3366433398261814E-4     0.28045330100194205
2.338344028594129E-4      0.28051019362635576
2.3400447173620766E-4     0.2805672912680864
2.3417454061300241E-4     0.2806265430642789
2.3434460948979716E-4     0.28068794901492994
2.3451467836659192E-4     0.28075150912004
2.346847472433867E-4      0.2808191563286201
2.3485481612018147E-4     0.280874115639767
2.3502488499697622E-4     0.28092925971226895
2.3519495387377097E-4     0.2809865214951455
2.3536502275056572E-4     0.2810459009883938
2.3553509162736053E-4     0.2811073981920179
2.3570516050415528E-4     0.2811729280139228
2.3587522938095005E-4     0.28122598369879004
2.360452982577448E-4      0.2812792068055477
2.3621536713453958E-4     0.2813345122421054
2.3638543601133433E-4     0.2813919000084539
2.3655550488812908E-4     0.2814513701046004
2.3672557376492386E-4     0.2815148204171357
2.3689564264171864E-4     0.28156601058667874
2.370657115185134E-4      0.28161734898850904
2.3723578039530814E-4     0.2816707335092175
2.374058492721029E-4      0.2817261641488019
2.375759181488977E-4      0.2817836409072622
2.3774598702569244E-4     0.2818450456530004
2.3791605590248722E-4     0.28189441216243416
2.3808612477928197E-4     0.2819439049505248
2.3825619365607675E-4     0.28199540588567307
2.384262625328715E-4      0.28204891496787554
2.3859633140966625E-4     0.28210443219713394
2.3876640028646102E-4     0.2821638237080013
2.389364691632558E-4      0.2822114063039035
2.3910653804005055E-4     0.28225909230661894
2.392766069168453E-4      0.28230874785070453
2.3944667579364005E-4     0.28236037293615185
2.3961674467043486E-4     0.2824139675629648
2.397868135472296E-4      0.2824713820333522
2.3995688242402439E-4     0.2825172136668317
2.4012695130081914E-4     0.2825631277831932
2.402970201776139E-4      0.2826109746846472
2.4046708905440866E-4     0.28266075437118715
2.4063715793120341E-4     0.2827124668428179
2.408072268079982E-4      0.28276794257695903
2.4097729568479294E-4     0.28281204078623573
2.4114736456158772E-4     0.2828562130065451
2.4131743343838247E-4     0.2829022897153001
2.4148750231517722E-4     0.2829502709125008
2.4165757119197197E-4     0.28300015659815225
2.4182764006876672E-4     0.2830537865412043
2.419977089455615E-4      0.2830961790754636
2.4216777782235627E-4     0.28313862672476564
2.4233784669915103E-4     0.28318296925804815
2.425079155759458E-4      0.2832292066753312
2.4267798445274055E-4     0.28327733897659907
2.4284805332953533E-4     0.28332915186833096
2.4301812220633008E-4     0.2833697618745955
2.4318819108312486E-4     0.2834104664277663
2.4335825995991958E-4     0.2834530512342993
2.4352832883671433E-4     0.28349751629420766
2.436983977135091E-4      0.28354386160748285
2.4386846659030386E-4     0.2835938513823253
2.4403853546709864E-4     0.28363286082989153
2.442086043438934E-4      0.2836719373104933
2.4437867322068814E-4     0.2837128450323221
2.445487420974829E-4      0.28375558399537726
2.447188109742777E-4      0.2838001541996629
2.4488887985107244E-4     0.2838483188362557
2.4505894872786725E-4     0.28388581003832963
2.45229017604662E-4       0.2839233219093308
2.4539908648145675E-4     0.28396261764035124
2.455691553582515E-4      0.28400369723138463
2.4573922423504625E-4     0.28404656068243617
2.45909293111841E-4       0.28409296238143844
2.4607936198863575E-4     0.284128903831204
2.4624943086543055E-4     0.28416484615844106
2.4641949974222525E-4     0.28420254375106746
2.4658956861902005E-4     0.2842419966090907
2.467596374958148E-4      0.2842832047325097
2.4692970637260955E-4     0.2843278947191752
2.4709977524940436E-4     0.28436228781462297
2.472698441261991E-4      0.2843966749870511
2.4743991300299386E-4     0.28443278283430184
2.476099818797886E-4      0.28447061135638624
2.4778005075658336E-4     0.28451016055329886
2.4795011963337816E-4     0.2845531318273915
2.481201885101729E-4      0.2845860766184506
2.482902573869677E-4      0.28461898493673315
2.4846032626376247E-4     0.2846535581845985
2.486303951405572E-4      0.28468979636204345
2.48800464017352E-4       0.284727699469062
2.489705328941468E-4      0.2847689426242193
2.491406017709416E-4      0.28480049667706536
2.4931067064773633E-4     0.28483199038124746
2.494807395245311E-4      0.2848650988553226
2.4965080840132583E-4     0.28489982209929965
2.498208772781206E-4      0.2849361601131687
2.4999094615491533E-4     0.2849757988730266
2.501610150317101E-4      0.2850059496585217
2.503310839085049E-4      0.28503601172981236
2.5050115278529964E-4     0.28506767106297637
2.506712216620944E-4      0.2851009276580258
2.508412905388892E-4      0.2851357815149592
2.5101135941568394E-4     0.2851738800315714
2.511814282924787E-4      0.2852025381613165
2.5135149716927344E-4     0.2852311359786117
2.515215660460682E-4      0.28526132088123946
2.51691634922863E-4       0.2852930928692117
2.5186170379965775E-4     0.285326451942525
2.520317726764525E-4      0.28536305581917143
2.5220184155324725E-4     0.2853903392288094
2.5237191043004205E-4     0.2854175427316437
2.525419793068368E-4      0.2854463240456546
2.5271204818363155E-4     0.285476683170851
2.528821170604263E-4      0.2855086201072303
2.5305218593722105E-4     0.2855438166321066
2.532222548140158E-4      0.2855697072045204
2.533923236908106E-4      0.2855955130162847
2.5356239256760536E-4     0.28562291584471244
2.5373246144440016E-4     0.2856519156898078
2.539025303211949E-4      0.2856825125515673
2.5407259919798966E-4     0.2857163890080223
2.542426680747844E-4      0.28574084409107897
2.5441273695157916E-4     0.2857652457742132
2.545828058283739E-4      0.28579127663545584
2.5475287470516866E-4     0.2858189366748118
2.549229435819634E-4      0.28584822589227615
2.5509301245875817E-4     0.28588081965231793
2.552630813355529E-4      0.2859038810845964
2.554331502123477E-4      0.285926918860967
2.5560321908914247E-4     0.28595160834589495
2.557732879659372E-4      0.28597794953938416
2.55943356842732E-4       0.2860059424414333
2.561134257195268E-4      0.2860372563297945
2.562834945963215E-4      0.28605899415197067
2.564535634731163E-4      0.28608072505104565
2.56623632349911E-4       0.2861041183047627
2.5679370122670583E-4     0.2861291739131309
2.569637701035006E-4      0.28615589187614443
2.5713383898029533E-4     0.2861859350723131
2.573039078570901E-4      0.2862064035569042
2.574739767338849E-4      0.28622687532372654
2.5764404561067964E-4     0.28624901325129243
2.578141144874744E-4      0.2862728173396022
2.5798418336426914E-4     0.28629828758865544
2.581542522410639E-4      0.28632707446530664
2.5832432111785864E-4     0.2863463119089664
2.5849438999465344E-4     0.28636556497601695
2.586644588714482E-4      0.286386484133314
2.58834527748243E-4       0.28640906938086125
2.5900459662503775E-4     0.2864333207186542
2.591746655018325E-4      0.28646087646507534
2.5934473437862725E-4     0.286478920183847
2.5951480325542205E-4     0.2864969909113748
2.5968487213221675E-4     0.2865167269660383
2.5985494100901155E-4     0.2865381283478389
2.600250098858063E-4      0.28656119505677347
2.6019507876260105E-4     0.2865875538388012
2.603651476393958E-4      0.2866044328161567
2.605352165161906E-4      0.28662135182777776
2.6070528539298536E-4     0.28663993761961865
2.608753542697801E-4      0.2866601901916805
2.6104542314657486E-4     0.28668210954396517
2.612154920233696E-4      0.2867073109207523
2.6138556090016436E-4     0.28672305052437386
2.615556297769591E-4      0.2867388460332372
2.6172569865375386E-4     0.28675631269161733
2.6189576753054867E-4     0.2867754504995236
2.620658364073434E-4      0.28679625945695175
2.6223590528413817E-4     0.2868203424950705
2.624059741609329E-4      0.2868349694435
2.625760430377277E-4      0.286849670751588
2.6274611191452247E-4     0.2868660493504986
2.629161807913172E-4      0.28688410524023783
2.63086249668112E-4       0.2869038384208012
2.632563185449068E-4      0.2869268377315182
2.634263874217016E-4      0.28694038248717135
2.6359645629849633E-4     0.2869540215140791
2.637665251752911E-4      0.28696934365156873
2.6393659405208583E-4     0.28698634889964003
2.641066629288806E-4      0.2870050372582943
2.6427673180567533E-4     0.2870269815755694
2.644468006824701E-4      0.28703947925305656
2.646168695592649E-4      0.28705209106799434
2.647869384360596E-4      0.28706638986841704
2.649570073128544E-4      0.28708237565432926
2.6512707618964914E-4     0.2871000484257277
2.652971450664439E-4      0.28712096477073656
2.654672139432387E-4      0.28713245265812226
2.6563728282003344E-4     0.2871440727769001
2.658073516968282E-4      0.28715738171518745
2.6597742057362294E-4     0.28717237947298857
2.661474894504177E-4      0.28718906605030287
2.663175583272125E-4      0.28720898274580886
2.6648762720400725E-4     0.2872194987520435
2.6665769608080205E-4     0.28723016183388683
2.668277649575968E-4      0.28724251329001455
2.6699783383439155E-4     0.2872565531204276
2.671679027111863E-4      0.28727228132512816
2.6733797158798105E-4     0.28729122475956675
2.675080404647758E-4      0.28730080956809856
2.676781093415706E-4      0.28731055193122906
2.6784817821836536E-4     0.28732197870441084
2.6801824709516016E-4     0.2873350898876422
2.681883159719549E-4      0.287349885480927
2.6835838484874966E-4     0.2873678781299104
2.685284537255444E-4      0.28737657503937547
2.6869852260233917E-4     0.2873854352158073
2.688685914791339E-4      0.28739597130485456
2.6903866035592867E-4     0.2874081833065192
2.692087292327234E-4      0.2874220712207999
2.6937879810951817E-4     0.2874391329865251
2.695488669863129E-4      0.28744698601682295
2.697189358631077E-4      0.28745500347279734
2.6988900473990247E-4     0.2874646832932699
2.700590736166972E-4      0.2874760254782431
2.70229142493492E-4       0.287489030027714
2.703992113702868E-4      0.28750517996680963
2.705692802470816E-4      0.2875122333867703
2.7073934912387633E-4     0.287519447697504
2.7090941800067114E-4     0.2875283059241343
2.710794868774659E-4      0.2875388080666613
2.712495557542607E-4      0.28755095412508447
2.7141962463105544E-4     0.287566212844766
2.715896935078502E-4      0.2875725094743642
2.7175976238464494E-4     0.2875789589615308
2.719298312614397E-4      0.28758703005162684
2.7209990013823444E-4     0.28759672274465103
2.722699690150292E-4      0.28760803704060556
2.7244003789182394E-4     0.28762242769957613
2.7261010676861875E-4     0.28762800755411005
2.727801756454135E-4      0.28763372893718053
2.7295024452220825E-4     0.2876410466088687
2.73120313399003E-4       0.2876499605691768
2.7329038227579775E-4     0.28766047081810375
2.734604511525925E-4      0.28767401780144336
2.7363052002938725E-4     0.2876789195139219
2.7380058890618205E-4     0.28768394885983967
2.7397065778297675E-4     0.287690546284987
2.7414072665977155E-4     0.28769871178936535
2.743107955365663E-4      0.2877084453729733
2.7448086441336105E-4     0.2877211732100139
2.7465093329015586E-4     0.2877254358717124
2.748210021669506E-4      0.2877298091247712
2.7499107104374536E-4     0.2877357191433907
2.751611399205401E-4      0.28774316592757365
2.7533120879733486E-4     0.2877521494773186
2.7550127767412966E-4     0.28776408192816794
2.756713465509244E-4      0.2877677454889638
2.758414154277192E-4      0.28777149897306703
2.7601148430451397E-4     0.287776754516017
2.761815531813087E-4      0.2877835121178157
2.7635162205810347E-4     0.287791771778463
2.765216909348982E-4      0.2878029311017972
2.7669175981169297E-4     0.2878060358596764
2.768618286884878E-4      0.28780920655598674
2.770318975652825E-4      0.28781384079456357
2.7720196644207733E-4     0.2878199385754101
2.773720353188721E-4      0.2878274998985232
2.7754210419566683E-4     0.28783790669254955
2.777121730724616E-4      0.28784049358812286
2.778822419492564E-4      0.2878431192421154
2.7805231082605114E-4     0.2878471655831738
2.782223797028459E-4      0.28785263261129546
2.783924485796407E-4      0.28785952032648376
2.7856251745643544E-4     0.2878691933682742
2.787325863332302E-4      0.2878713042025012
2.7890265521002494E-4     0.2878734234349931
2.790727240868197E-4      0.2878769157052877
2.7924279296361444E-4     0.2878817810133842
2.794128618404092E-4      0.28788801935928077
2.7958293071720394E-4     0.28789697528341707
2.7975299959399875E-4     0.2878986518224088
2.799230684707935E-4      0.28790030414960405
2.800931373475883E-4      0.2879032768054416
2.8026320622438305E-4     0.28790756978991544
2.8043327510117786E-4     0.28791318310303116
2.806033439779726E-4      0.2879214359579437
2.8077341285476736E-4     0.2879227184443959
2.809434817315621E-4      0.2879239442970105
2.8111355060835686E-4     0.2879264327289399
2.812836194851516E-4      0.2879301837401883
2.8145368836194636E-4     0.28793519733075335
2.816237572387411E-4      0.2879427582627723
2.817938261155359E-4      0.28794368196375975
2.8196389499233066E-4     0.28794452225440087
2.821339638691254E-4      0.28794656389682743
2.8230403274592016E-4     0.28794980689104127
2.824741016227149E-4      0.28795425123704244
2.8264417049950967E-4     0.28796113255025746
2.828142391913719E-4      0.28796172162816214
2.8298430788323417E-4     0.2879622144891111
2.831543765750964E-4      0.2879638467485292
2.833244452669586E-4      0.2879666184064176
2.8349451395882084E-4     0.28797052946277546
2.8366458265068306E-4     0.2879767800492281
2.8383338426156093E-4     0.28797703987628664
2.8400218587243875E-4     0.2879771874395803
2.841709874833166E-4      0.2879784228707296
2.8433978909419444E-4     0.2879807461697379
2.8450859070507225E-4     0.28798415733660354
2.846773923159501E-4      0.28798984313403236
2.8484226869974994E-4     0.2879897616671415
2.850071450835497E-4      0.28798954886767875
2.851720214673495E-4      0.28799039149834743
2.853368978511493E-4      0.2879922895591499
2.855017742349491E-4      0.28799524305008545
2.856666506187489E-4      0.2880003807966037
2.8582628449681633E-4     0.28799995115809357
2.859859183748838E-4      0.2879994220482592
2.861455522529512E-4      0.2879999222925491
2.8630518613101863E-4     0.28800145189096577
2.864648200090861E-4      0.2880040108435088
2.8662445388715353E-4     0.28800863615557715
2.8677901195100846E-4     0.2880078831758043
2.869335700148634E-4      0.28800709772244654
2.870881280787183E-4      0.28800731680090275
2.872426861425732E-4      0.28800854041117424
2.8739724420642814E-4     0.2880107685532605
2.8755180227028307E-4     0.28801493655030863
2.8770144591355165E-4     0.2880138938903464
2.878510895568202E-4      0.28801290013019293
2.8800073320008876E-4     0.28801289059299773
2.8815037684335734E-4     0.2880138652787613
2.8830002048662587E-4     0.2880158241874841
2.8844966412989445E-4     0.28801960865043275
2.885945496144342E-4      0.2880183112110745
2.88739435098974E-4       0.28801714018141666
2.888843205835137E-4      0.28801693689272656
2.8902920606805346E-4     0.28801770134500543
2.891740915525932E-4      0.28801943353825343
2.8931897703713294E-4     0.2880228867241983
2.894592556562055E-4      0.2880213748455309
2.895995342752781E-4      0.2880200628269792
2.897398128943506E-4      0.2880197039202702
2.898800915134232E-4      0.28802029812540575
2.900203701324957E-4      0.28802184544238385
2.901606487515683E-4      0.28802501672288455
2.9029646698782384E-4     0.28802332042343853
2.904322852240794E-4      0.28802189446293286
2.9056810346033497E-4     0.2880214096930444
2.907039216965905E-4      0.28802186611377456
2.9083973993284604E-4     0.2880232637251231
2.909755581691016E-4      0.28802621256861216
2.9110705784754005E-4     0.28802436802362485
2.9123855752597843E-4     0.28802284429652186
2.913700572044168E-4      0.28802225142882387
2.915015568828552E-4      0.28802258942053327
2.9163305656129364E-4     0.28802385827164795
2.9176455623973203E-4     0.2880266097201737
2.918918746758003E-4      0.28802465229178786
2.9201919311186853E-4     0.2880230620315043
2.921465115479368E-4      0.2880223906773263
2.9227382998400504E-4     0.28802263822925467
2.9240114842007324E-4     0.2880238046872889
2.925284668561415E-4      0.2880263858012174
2.926517369991221E-4      0.28802433257821686
2.927750071421027E-4      0.2880226934590812
2.928982772850833E-4      0.2880219641935947
2.930215474280639E-4      0.28802214478176064
2.9314481757104446E-4     0.2880232352235783
2.932680877140251E-4      0.2880256747684828
2.933874382858653E-4      0.2880235340918951
2.935067888577056E-4      0.28802185878560177
2.936261394295458E-4      0.28802108809903826
2.93745490001386E-4       0.2880212220322055
2.938648405732263E-4      0.2880222605851035
2.9398419114506653E-4     0.2880245819050189
2.940997467747933E-4      0.2880223531198209
2.942153024045201E-4      0.28802064951126544
2.943308580342469E-4      0.28801984922663854
2.9444641366397365E-4     0.28801995226594207
2.9456196929370047E-4     0.2880209586291745
2.9467752492342723E-4     0.28802317667986843
2.9478940627728807E-4     0.28802085032819014
2.949012876311489E-4      0.2880191225923948
2.950131689850097E-4      0.28801830183601423
2.9512505033887053E-4     0.2880183880590488
2.9523693169273136E-4     0.2880193812614984
2.953488130465922E-4      0.28802150960522543
2.9545713695405807E-4     0.2880190545007003
2.95565460861524E-4       0.2880172923446423
2.956737847689898E-4      0.2880164512989125
2.957821086764557E-4      0.2880165313635132
2.958904325839216E-4      0.28801753253844303
2.9599875649138744E-4     0.2880195833265222
2.961036360671493E-4      0.28801694024858837
2.9620851564291114E-4     0.28801511782584766
2.96313395218673E-4       0.2880142445611175
2.964182747944348E-4      0.2880143204543993
2.9652315437019667E-4     0.288015345505691
2.966280339459585E-4      0.2880173171288467
2.967295787080446E-4      0.28801438567057
2.968311234701307E-4      0.28801245540950593
2.9693266823221676E-4     0.28801152375950484
2.9703421299430286E-4     0.2880115907205682
2.971357577563889E-4      0.28801265629269474
2.97237302518475E-4       0.28801453027562146
2.9733561850261254E-4     0.28801115321506865
2.9743393448675013E-4     0.28800903705621395
2.975322504708876E-4      0.28800799159879126
2.976305664550252E-4      0.28800801684280125
2.9772888243916274E-4     0.28800911278824387
2.9782719842330027E-4     0.2880108200204814
2.979223882936408E-4      0.2880067463374059
2.9801757816398135E-4     0.28800432081460436
2.9811276803432186E-4     0.2880030840374374
2.9820795790466237E-4     0.28800303600590577
2.9830314777500293E-4     0.28800417672000916
2.9839833764534345E-4     0.2880057220816561
2.9849050080166744E-4     0.28800049078216666
2.985826639579914E-4      0.2879975130806538
2.9867482711431526E-4     0.28799600487902505
2.9876699027063926E-4     0.28799596617728024
2.988591534269632E-4      0.28799739697541943
2.9895131658328714E-4     0.287999154319882
2.990405492601034E-4      0.28799117316444983
2.991297819369197E-4      0.2879867238272526
2.99219014613736E-4       0.2879846633547292
2.9930824729055227E-4     0.2879849917468795
2.9939747996736855E-4     0.28798770900370335
2.994867126441848E-4      0.2879842919106873
2.9957226053682064E-4     0.2879775644304831
2.9965780842945656E-4     0.28797269452016083
2.997433563220924E-4      0.2879611589652062
2.9982890421472824E-4     0.28794295776561946
2.999144521073641E-4      0.2879180909214004
3.0E-4                    0.2878865584325494
