% Model:              PLacek_MembTVNJ_ArticleDims_Rh100um_hg10um_To2MHz_PHedit.mph
% Version:            COMSOL 6.3.0.335
% Date:               May 22 2025, 12:35
% Dimension:          1
% Nodes:              1801
% Expressions:        1
% Description:        Line graph
% Arc length (m)          imag(p)
0                         NaN
1.6835192320072636E-7     -0.020989991184902017
3.367038464014527E-7      -0.020983348332495384
5.050557696021791E-7      -0.02098194657239745
6.734076928029054E-7      -0.02098578590460677
8.417596160036319E-7      -0.020994866329123625
1.0101115392043582E-6     -0.02100861246939368
1.1801802473622774E-6     -0.02099531671902549
1.3502489555201964E-6     -0.020986924831148897
1.5203176636781154E-6     -0.020982861429209458
1.6903863718360344E-6     -0.02098312651320752
1.8604550799939534E-6     -0.020987720083142036
2.0305237881518723E-6     -0.02099433744845089
2.200592664946635E-6      -0.02098744686108959
2.370661541741397E-6      -0.02098416946343915
2.5407304185361593E-6     -0.0209822005649361
2.710799295330922E-6      -0.02098154016558057
2.880868172125684E-6      -0.020982188265372795
3.0509370489204466E-6     -0.020982736290957406
3.2210059257152087E-6     -0.020981299909252103
3.3910748025099717E-6     -0.020981498295332753
3.5611436793047335E-6     -0.02098192287584433
3.731212556099496E-6      -0.020982573650786332
3.901281432894258E-6      -0.0209834506201596
4.07135030968902E-6       -0.020983865403655703
4.2414191864837825E-6     -0.020984506470226694
4.411488063278545E-6      -0.020985503985277723
4.581556940073307E-6      -0.020986169568500558
4.751625816868069E-6      -0.0209865032198964
4.921694693662831E-6      -0.02098650493946419
5.091763570457593E-6      -0.02098582272660631
5.261832447252356E-6      -0.02098831257610842
5.4319013240471185E-6     -0.020990333673652457
5.601970200841881E-6      -0.020991534018640602
5.772039077636643E-6      -0.02099191361107331
5.942107954431407E-6      -0.020991472450949306
6.112176831226169E-6      -0.020989679695714317
6.282245708020931E-6      -0.020993171679700537
6.452314584815693E-6      -0.020996005416075922
6.622383461610455E-6      -0.020997650062285104
6.7924523384052175E-6     -0.020998105618328877
6.96252121519998E-6       -0.02099737208420622
7.132590091994742E-6      -0.020995011829525345
7.302658968789505E-6      -0.020999561530589718
7.472727845584267E-6      -0.021003056706609555
7.642796722379028E-6      -0.021005059727191702
7.812865599173792E-6      -0.02100557059233661
7.982934475968554E-6      -0.021004589302044123
8.153003352763316E-6      -0.021001836102050017
8.323072229558079E-6      -0.02100734341291463
8.493141106352842E-6      -0.021011379807183157
8.663209983147605E-6      -0.0210136655305902
8.833278859942367E-6      -0.02101420058313656
9.003347736737129E-6      -0.02101298496482166
9.173416613531891E-6      -0.021009831552278594
9.343485490326653E-6      -0.021016138792370954
9.513554367121415E-6      -0.021020666040806504
9.683623243916178E-6      -0.021023226174218448
9.853692120710938E-6      -0.021023819192605882
1.00237609975057E-5       -0.021022445095970226
1.0193829874300462E-5     -0.02101894434439439
1.0363898751095225E-5     -0.02102588797210883
1.0533967627889988E-5     -0.021030857458323764
1.070403650468475E-5      -0.02103369326312399
1.0874105381479513E-5     -0.021034395386509728
1.1044174258274277E-5     -0.021032963828480924
1.1214243135069039E-5     -0.021029244848197196
1.1384312011863803E-5     -0.02103668964053682
1.1554380888658565E-5     -0.021042037978534926
1.1724449765453327E-5     -0.021045136121352444
1.1894518642248089E-5     -0.021045984068988347
1.2064587519042851E-5     -0.021044581821443233
1.2234656395837613E-5     -0.021040784893203126
1.2404725272632376E-5     -0.021048615399548696
1.257479414942714E-5      -0.02105427147652553
1.27448630262219E-5       -0.021057608638621217
1.2914931903016664E-5     -0.021058626885834278
1.3085000779811424E-5     -0.021057326218165875
1.3255069656606186E-5     -0.021053567532950082
1.3425138533400948E-5     -0.021061667535587227
1.3595207410195712E-5     -0.021067565224035106
1.3765276286990473E-5     -0.021071121495628092
1.3935345163785237E-5     -0.02107233635036522
1.4105414040579997E-5     -0.02107120978824754
1.427548291737476E-5      -0.02106759784685218
1.4445551794169521E-5     -0.021075844395244816
1.4615620670964285E-5     -0.02108191808263475
1.4785689547759046E-5     -0.021085674946600897
1.495575842455381E-5      -0.021087114987143715
1.5125827301348572E-5     -0.021086238204262236
1.5295896178143334E-5     -0.0210828910064558
1.5465965054938098E-5     -0.021091169866864365
1.5636033931732858E-5     -0.021097354854704552
1.580610280852762E-5      -0.021101292378474742
1.5976171685322383E-5     -0.021102982438175454
1.6146240562117146E-5     -0.021102425033806025
1.6316309438911907E-5     -0.02109945762391107
1.648637831570667E-5      -0.021107680806227835
1.665644719250143E-5      -0.021113923663240577
1.6826516069296195E-5     -0.021118023653494227
1.6996584946090956E-5     -0.021119980776988158
1.716665382288572E-5      -0.021119795033722365
1.733672269968048E-5      -0.021117280211941418
1.7506791576475244E-5     -0.021125381927819407
1.7676860453270008E-5     -0.021131653996503928
1.7846929330064768E-5     -0.021135910206239526
1.8016998206859532E-5     -0.02113815055702627
1.8187067083654292E-5     -0.02113837504886384
1.8357135960449056E-5     -0.02113642520856636
1.852720483724382E-5      -0.021144431562513083
1.8697273714038584E-5     -0.02115071004852404
1.8867342590833344E-5     -0.021155102193413544
1.9037411467628108E-5     -0.021157607997180968
1.9207480344422872E-5     -0.021158227459826713
1.9377549221217633E-5     -0.02115679525653507
1.9547618098012396E-5     -0.021164729451519728
1.9717686974807157E-5     -0.021171051025370834
1.9887755851601917E-5     -0.021175594653274968
2.005782472839668E-5      -0.02117836033523116
2.0227893605191438E-5     -0.021179348071239345
2.0397962481986202E-5     -0.021178372793509623
2.0568031358780966E-5     -0.021186291041748007
2.073810023557573E-5      -0.021192698788004307
2.090816911237049E-5      -0.021197410964489183
2.1078237989165254E-5     -0.021200427571202128
2.1248306865960018E-5     -0.02120174860814308
2.141837574275478E-5      -0.021201154789415116
2.1588444619549542E-5     -0.021209115614830458
2.1758513496344303E-5     -0.02121565637761014
2.1928582373139063E-5     -0.021220557791857355
2.2098651249933827E-5     -0.021223819857571418
2.2268720126728584E-5     -0.021225442574752697
2.2438789003523348E-5     -0.021225161187784176
2.2608857880318112E-5     -0.021233217578347542
2.2778926757112876E-5     -0.021239934235508358
2.2948995633907636E-5     -0.02124504640365073
2.3119064510702397E-5     -0.021248554082773746
2.3289133387497164E-5     -0.021250457272878744
2.3459202264291924E-5     -0.021250455280376578
2.3629271141086688E-5     -0.021258667590038142
2.379934001788145E-5      -0.021265594155097278
2.396940889467621E-5      -0.021270934281965612
2.4139477771470973E-5     -0.02127468797064264
2.4309546648265737E-5     -0.02127685522112855
2.4479615525060497E-5     -0.02127709825490418
2.464968440185526E-5      -0.02128550313302326
2.481975327865002E-5      -0.021292666378933168
2.4989822155444785E-5     -0.021298250214115664
2.515989103223955E-5      -0.021302254638569953
2.532995990903431E-5      -0.021304679652296068
2.5500028785829074E-5     -0.021305156040023927
2.5670097662623834E-5     -0.0213137837743294
2.5840166539418598E-5     -0.021321201640392525
2.6010235416213362E-5     -0.02132704042294325
2.6180304293008122E-5     -0.02133130012198089
2.6350373169802883E-5     -0.021333980737505538
2.6520442046597647E-5     -0.02133469384279208
2.669051092339241E-5      -0.02134357885143164
2.686057980018717E-5      -0.021351266931715917
2.703064867698193E-5      -0.021357369656920408
2.7200717553776692E-5     -0.02136188702704523
2.7370786430571456E-5     -0.021364819042090012
2.7540855307366216E-5     -0.021365750026447587
2.771092418416098E-5      -0.021374909198189303
2.7880993060955744E-5     -0.02138288640201214
2.8051061937750504E-5     -0.021389265962308432
2.8221130814545265E-5     -0.02139404787907756
2.839119969134003E-5      -0.021397232152320783
2.8561268568134793E-5     -0.021398383261640678
2.8731337444929556E-5     -0.02140784644221929
2.890140632172432E-5      -0.021416129232013453
2.907147519851908E-5      -0.02142279611062758
2.9241544075313845E-5     -0.02142784707806116
2.9411612952108605E-5     -0.021431282134313827
2.958168182890337E-5      -0.021432641777789356
2.975175070569813E-5      -0.021442428995409032
2.9921819582492897E-5     -0.021451035919283983
3.0091888459287654E-5     -0.021458003047818745
3.0261957336082418E-5     -0.021463330381013206
3.0432026212877178E-5     -0.021467017918866602
3.060209508967194E-5      -0.021468554818548792
3.07721639664667E-5       -0.021478659275746728
3.0942232843261466E-5     -0.021487609613192547
3.111230172005623E-5      -0.021494894988056085
3.1282370596850994E-5     -0.021500515400336893
3.145243947364575E-5      -0.0215044708500351
3.1622508350440515E-5     -0.021506258377128773
3.179257722723528E-5      -0.02151674875835054
3.196264610403004E-5      -0.0215260482685976
3.21327149808248E-5       -0.021533653947848667
3.2302783857619563E-5     -0.021539565796103114
3.247285273441433E-5      -0.021543783813361223
3.264292161120909E-5      -0.021545777671716018
3.2812990488003855E-5     -0.021556654559145735
3.298305936479862E-5      -0.021566330903004322
3.315312824159338E-5      -0.021574276375385445
3.332319711838814E-5      -0.021580490976289425
3.3493265995182904E-5     -0.021584974705716024
3.366333487197767E-5      -0.02158718180491727
3.383340374877243E-5      -0.021598485492892776
3.400347262556719E-5      -0.021608559717506224
3.417354150236195E-5      -0.02161685872001037
3.434361037915671E-5      -0.021623382500405713
3.4513679255951466E-5     -0.021628131058691383
3.468374813274623E-5      -0.021630529553962573
3.4853817009540994E-5     -0.02164227972577829
3.502388588633576E-5      -0.021652777963923106
3.519395476313052E-5      -0.021661449427492645
3.5364023639925286E-5     -0.021668294116486162
3.553409251672005E-5      -0.021673312030904744
3.5704161393514813E-5     -0.02167590848568217
3.587423027030958E-5      -0.021688141897542333
3.604429914710434E-5      -0.02169908543491695
3.6214368023899105E-5     -0.021708144412742603
3.638443690069387E-5      -0.0217153188310182
3.655450577748863E-5      -0.021720608689743605
3.672457465428339E-5      -0.021723394637183376
3.6894643531078154E-5     -0.021736137035118886
3.706471240787292E-5      -0.021747550122790327
3.7234781284667675E-5     -0.021757014548462343
3.740485016146244E-5      -0.021764530312135388
3.7574919038257195E-5     -0.02177009741380801
3.774498791505196E-5      -0.021773056702970854
3.791505679184672E-5      -0.02178631942731899
3.808512566864148E-5      -0.02179822528749551
3.8255194545436244E-5     -0.021808115132989764
3.842526342223101E-5      -0.02181598896380209
3.8595332299025765E-5     -0.021821846779932583
3.876540117582053E-5      -0.021824991799192853
3.893547005261529E-5      -0.021838790544481047
3.910553892941006E-5      -0.021851204456392503
3.927560780620482E-5      -0.02186153675273989
3.9445676682999584E-5     -0.02186978743352355
3.961574555979435E-5      -0.02187595649874268
3.978581443658911E-5      -0.02187932323897239
3.995588331338387E-5      -0.021893683418417978
4.012595219017863E-5      -0.02190661918585002
4.02960210669734E-5       -0.021917409831844314
4.0466089943768154E-5     -0.02192605535640039
4.063615882056292E-5      -0.021932555759518496
4.0806227697357675E-5     -0.021936180287734284
4.097629657415244E-5      -0.02195113412306461
4.11463654509472E-5       -0.021964608899000097
4.1316434327741966E-5     -0.02197587386207607
4.148650320453673E-5      -0.021984929012292986
4.165657208133149E-5      -0.021991774349650276
4.182664095812625E-5      -0.02199567596921693
4.1996709834921015E-5     -0.02201126210072553
4.216677871171578E-5      -0.02202530108734034
4.233684758851054E-5      -0.022037059024130248
4.2506916465305307E-5     -0.02204653591109553
4.267698534210007E-5      -0.022053731748236025
4.2847054218894834E-5     -0.0220579068164522
4.30171230956896E-5       -0.02207416442120404
4.3187191972484355E-5     -0.022088800711901502
4.335726084927912E-5      -0.022101075969445574
4.3527329726073876E-5     -0.02211099019383539
4.369739860286864E-5      -0.022118543385071097
4.38674674796634E-5       -0.022122980819744356
4.403753635645816E-5      -0.022139941939075095
4.4207605233252925E-5     -0.022155210054571814
4.437767411004769E-5      -0.02216803044282592
4.454774298684245E-5      -0.022178403103837292
4.471781186363721E-5      -0.022186328037605594
4.4887880740431973E-5     -0.022191048071313994
4.505794961722674E-5      -0.022208765224375145
4.52280184940215E-5       -0.022224696131909093
4.539808737081626E-5      -0.022238083621099525
4.556815624761102E-5      -0.022248927691945867
4.5738225124405786E-5     -0.022257228344448435
4.590829400120055E-5      -0.02226222885604397
4.6078362877995314E-5     -0.022280752294457896
4.624843175479008E-5      -0.0222973888334196
4.641850063158484E-5      -0.022311381750366198
4.65885695083796E-5       -0.02232273104529849
4.675863838517436E-5      -0.022331436718215213
4.6928707261969126E-5     -0.022336499416076752
4.709877613876389E-5      -0.02235560310936348
4.7268845015558654E-5     -0.022372978878398266
4.743891389235341E-5      -0.0223876273701412
4.7608982769148175E-5     -0.0223995485845916
4.777905164594294E-5      -0.022408742521750284
4.79491205227377E-5       -0.022414359636308112
4.8119189399532466E-5     -0.02243439660131405
4.828925827632723E-5      -0.022452475382898934
4.845932715312199E-5      -0.022467746435754974
4.8629396029916744E-5     -0.022480209759881874
4.8799464906711515E-5     -0.02248986535527936
4.896953378350627E-5      -0.022495829992616127
4.9139602660301036E-5     -0.022516730674315335
4.93096715370958E-5       -0.022535602730269232
4.947974041389056E-5      -0.022551562931147448
4.9649809290685314E-5     -0.022564611276948494
4.981987816748008E-5      -0.022574747767673254
4.998994704427484E-5      -0.022581073796363888
5.0160015921069605E-5     -0.02260289920433898
5.033008479786437E-5      -0.022622603051582597
5.050015367465913E-5      -0.022639286731137333
5.067022255145389E-5      -0.02265295024300304
5.0840291428248654E-5     -0.022663593587179492
5.101036030504342E-5      -0.022670291493634233
5.1180429181838175E-5     -0.022693068412920948
5.135049805863294E-5      -0.022713642243011173
5.15205669354277E-5       -0.022731087713871955
5.169063581222245E-5      -0.022745404825503017
5.1860704689017224E-5     -0.02275659357790474
5.203077356581198E-5      -0.022763706865152125
5.2200842442606745E-5     -0.022787470789225328
5.237091131940151E-5      -0.022808948043735566
5.254098019619627E-5      -0.022827191522758722
5.2711049072991036E-5     -0.022842201226295027
5.28811179497858E-5       -0.022853977154343688
5.3051186826580564E-5     -0.02286155659720263
5.322125570337533E-5      -0.022886352049433196
5.339132458017009E-5      -0.02290877050720416
5.3561393456964855E-5     -0.022927849260813107
5.373146233375962E-5      -0.022943588310259954
5.390153121055438E-5      -0.022955987655544727
5.407160008734914E-5      -0.02296406595722359
5.4241668964143904E-5     -0.022989951232133515
5.441173784093867E-5      -0.023013362616299486
5.4581806717733425E-5     -0.023033318770277686
5.475187559452819E-5      -0.023049819694068482
5.492194447132294E-5      -0.02306286538767132
5.50920133481177E-5       -0.023071450015129804
5.526208222491247E-5      -0.02309852059311339
5.543215110170724E-5      -0.023123000518492268
5.5602219978501995E-5     -0.023143883955309093
5.577228885529676E-5      -0.023161170903564086
5.594235773209153E-5      -0.023174861363257224
5.611242660888629E-5      -0.023183901561908467
5.628249548568105E-5      -0.02321229683272016
5.6452564362475814E-5     -0.023237958482151728
5.662263323927058E-5      -0.023259832737723446
5.679270211606533E-5      -0.02327791959943497
5.69627709928601E-5       -0.023292219067286735
5.7132839869654856E-5     -0.023301587132477857
5.730290874644962E-5      -0.023331487465083407
5.747297762324438E-5      -0.02335848218431938
5.764304650003915E-5      -0.023381427281385665
5.781311537683391E-5      -0.02340032275628227
5.7983184253628675E-5     -0.02341516860900941
5.815325313042344E-5      -0.02342468446073749
5.83233220072182E-5       -0.02345630243400394
5.8493390884012966E-5     -0.023484809219275392
5.866345976080773E-5      -0.023508924437722404
5.8833528637602494E-5     -0.023528648089345894
5.900359751439725E-5      -0.023543980174144913
5.9173666391192015E-5     -0.023553482780449914
5.934373526798678E-5      -0.02358703842966243
5.951380414478154E-5      -0.02361723146168066
5.96838730215763E-5       -0.023642623964834023
5.9853941898371064E-5     -0.02366321593912309
6.0024010775165814E-5     -0.02367900738454751
6.019407965196058E-5      -0.023688425092459844
6.036414852875534E-5      -0.023724143286944385
6.0534217405550106E-5     -0.023756174097088478
6.070428628234486E-5      -0.023782944314244065
6.087435515913962E-5      -0.023804453938411414
6.104442403593438E-5      -0.02382070296959047
6.121449291272915E-5      -0.02383007635459683
6.138456178952391E-5      -0.02386821622710194
6.155463066631868E-5      -0.023902215706940393
6.172469954311344E-5      -0.023930459740927515
6.18947684199082E-5       -0.023952948329063736
6.206483729670297E-5      -0.023969681471348477
6.223490617349773E-5      -0.0239790673599586
6.24049750502925E-5       -0.02401982343435267
6.257504392708726E-5      -0.024055903122560524
6.274511280388202E-5      -0.024085714616758073
6.291518168067679E-5      -0.024109257916945608
6.308525055747155E-5      -0.02412653302312337
6.325531943426631E-5      -0.024135967666502223
6.342538831106108E-5      -0.02417942146798677
6.359545718785583E-5      -0.024217669807204377
6.376552606465059E-5      -0.02424914041536589
6.393559494144536E-5      -0.02427383329247185
6.41056638182401E-5       -0.02429174843852185
6.427573269503487E-5      -0.024301320707620814
6.444580157182963E-5      -0.024347511813492647
6.461587044862441E-5      -0.02438799768765359
6.478593932541916E-5      -0.024421213184208822
6.495600820221393E-5      -0.02444715830315809
6.512607707900869E-5      -0.024465833044501645
6.529614595580345E-5      -0.024475665563731076
6.546621483259822E-5      -0.024524650222912676
6.5636283709393E-5        -0.024567454897153205
6.580635258618774E-5      -0.024602507741944953
6.597642146298251E-5      -0.02462980875728787
6.614649033977727E-5      -0.02464935794318174
6.631655921657204E-5      -0.02465955285924016
6.64866280933668E-5       -0.024711419068981444
6.665669697016156E-5      -0.02475665283702936
6.682676584695633E-5      -0.02479365172299732
6.699683472375108E-5      -0.024822415726885292
6.716690360054584E-5      -0.024842944848693534
6.73369724773406E-5       -0.02485358143562684
6.750704135413537E-5      -0.024908460022190524
6.767711023093013E-5      -0.024956262211676766
6.784717910772488E-5      -0.024995330351290465
6.801724798451965E-5      -0.02502566444103171
6.818731686131441E-5      -0.025047264480900343
6.835738573810918E-5      -0.025058397219484378
6.852745461490394E-5      -0.025116476235332804
6.86975234916987E-5       -0.025167022463260198
6.886759236849347E-5      -0.02520830265185379
6.903766124528822E-5      -0.02524031680111418
6.920773012208298E-5      -0.02526306491104111
6.937779899887774E-5      -0.025274714320478314
6.954786787567251E-5      -0.025336231440898152
6.971793675246727E-5      -0.025389735302551564
6.988800562926202E-5      -0.02543339324428254
7.005807450605679E-5      -0.025467205266090965
7.022814338285155E-5      -0.02549117136797703
7.039821225964631E-5      -0.02550333403881402
7.056828113644108E-5      -0.02556857182034657
7.073835001323584E-5      -0.02562528006363114
7.09084188900306E-5       -0.025671501257541442
7.107848776682537E-5      -0.025707235402077696
7.124855664362013E-5      -0.025732482497239695
7.14186255204149E-5       -0.025745144663696033
7.158869439720966E-5      -0.025814448570722702
7.175876327400443E-5      -0.02587464397393891
7.192883215079919E-5      -0.025923632994013162
7.209890102759395E-5      -0.025961415630945818
7.226896990438872E-5      -0.02598799188473633
7.243903878118348E-5      -0.026001122389742434
7.260910765797824E-5      -0.02607492111027153
7.277917653477301E-5      -0.026138936328272407
7.294924541156777E-5      -0.02619092867810257
7.311931428836252E-5      -0.02623089815976212
7.32893831651573E-5       -0.026258844773250856
7.345945204195205E-5      -0.026272376222302482
7.362952091874681E-5      -0.02635115620943045
7.379958979554158E-5      -0.026419376878866054
7.396965867233633E-5      -0.02647464593434281
7.413972754913108E-5      -0.026516963375860875
7.430979642592586E-5      -0.026546329203420083
7.44798653027206E-5       -0.026560174512709245
7.464993417951538E-5      -0.026644450544454048
7.482000305631013E-5      -0.026717300825977997
7.499007193310491E-5      -0.02677615645296936
7.516014080989968E-5      -0.02682101742542876
7.533020968669444E-5      -0.026851883743355794
7.55002785634892E-5       -0.026865982761634842
7.567034744028397E-5      -0.026956275511579055
7.584041631707873E-5      -0.02703419567349439
7.601048519387348E-5      -0.027096970602265274
7.618055407066824E-5      -0.027144600297891782
7.6350622947463E-5        -0.027177084760373862
7.652069182425776E-5      -0.02719145172551407
7.669076070105252E-5      -0.027288336228753943
7.686082957784729E-5      -0.027371787563049137
7.703089845464205E-5      -0.02743883346420209
7.72009673314368E-5       -0.027489473932212894
7.737103620823156E-5      -0.02752370896708173
7.754110508502633E-5      -0.027538366811775634
7.771117396182109E-5      -0.027642504307500378
7.788124283861586E-5      -0.02773201837806791
7.805131171541062E-5      -0.027803737266445604
7.822138059220538E-5      -0.027857660972633404
7.839144946900015E-5      -0.027893789496631283
7.856151834579491E-5      -0.027908712856872506
7.873158722258968E-5      -0.02802082483630731
7.890165609938444E-5      -0.02811701582527476
7.907172497617919E-5      -0.02819387584220806
7.924179385297395E-5      -0.028251404887106923
7.941186272976872E-5      -0.028289602959971502
7.958193160656348E-5      -0.028304768496924964
7.975200048335824E-5      -0.02842562013418442
7.992206936015301E-5      -0.028529156597478032
8.009213823694777E-5      -0.028611676322928915
8.026220711374252E-5      -0.028673179310537138
8.04322759905373E-5       -0.028713665560302932
8.060234486733205E-5      -0.02872910470381198
8.077241374412683E-5      -0.028859545745631356
8.094248262092158E-5      -0.028971152969269266
8.111255149771634E-5      -0.029059896006311675
8.12826203745111E-5       -0.029125774856758477
8.145268925130588E-5      -0.029168789520609556
8.162275812810063E-5      -0.029184544942875285
8.179282700489541E-5      -0.02932557052315216
8.196289588169016E-5      -0.029446078767074526
8.213296475848491E-5      -0.029541674619652507
8.230303363527969E-5      -0.02961235808088604
8.247310251207444E-5      -0.02965812915077516
8.26431713888692E-5       -0.0296741880201518
8.281324026566398E-5      -0.029826980230871915
8.298330914245874E-5      -0.029957359359155483
8.31533780192535E-5       -0.03006052559583464
8.332344689604827E-5      -0.030136478940909348
8.349351577284304E-5      -0.030185219394379674
8.36635846496378E-5       -0.03020150054048413
8.383365352643258E-5      -0.030367382586591943
8.400372240322733E-5      -0.030508732727496227
8.417379128002208E-5      -0.03062030454743556
8.434386015681686E-5      -0.030702098046410033
8.45139290336116E-5       -0.030754113224419666
8.468399791040637E-5      -0.030770564357939637
8.485406678720113E-5      -0.030950878950086372
8.50241356639959E-5       -0.031104347260421526
8.519420454079065E-5      -0.031225183565420145
8.536427341758541E-5      -0.03131338786508232
8.553434229438016E-5      -0.03136896015940805
8.570441117117493E-5      -0.03138551304670045
8.587448004796969E-5      -0.031581756348499385
8.604454892476445E-5      -0.03174858939870137
8.621461780155922E-5      -0.03187962479561
8.638468667835397E-5      -0.0319748625392251
8.655475555514873E-5      -0.03203430262954674
8.67248244319435E-5       -0.03205081256519959
8.689489330873826E-5      -0.03226449971561184
8.706496218553302E-5      -0.03244604042081873
8.723503106232779E-5      -0.03258830217944498
8.740509993912255E-5      -0.0326912849914904
8.757516881591731E-5      -0.03275498885695502
8.774523769271208E-5      -0.03277131806182087
8.791530656950684E-5      -0.033003907891035585
8.80853754463016E-5       -0.03320150575366428
8.825544432309636E-5      -0.0333560159356885
8.842551319989112E-5      -0.03346743843710836
8.859558207668588E-5      -0.033535773257923784
8.876565095348065E-5      -0.03355171754114505
8.893571983027541E-5      -0.03380476884568393
8.910578870707019E-5      -0.03401987271455791
8.927585758386494E-5      -0.03418772629077712
8.94459264606597E-5       -0.034308329574341566
8.961599533745447E-5      -0.034381682565251155
8.978606421424923E-5      -0.03439710419170344
8.9956133091044E-5        -0.03467211679194003
9.012620196783876E-5      -0.034906136261675325
9.029627084463352E-5      -0.03508848152910655
9.046633972142827E-5      -0.0352191525942338
9.063640859822305E-5      -0.03529814945705703
9.08064774750178E-5       -0.03531334100657135
9.097654635181258E-5      -0.035611408668345994
9.114661522860733E-5      -0.035865480662759845
9.131668410540209E-5      -0.036063425878808134
9.148675298219686E-5      -0.03620524431649091
9.165682185899162E-5      -0.036290935975808
9.182689073578638E-5      -0.03630694230489073
9.199695961258116E-5      -0.036628510940764115
9.216702848937591E-5      -0.03690334135460031
9.233709736617066E-5      -0.03711787499453057
9.250716624296544E-5      -0.037272111860554985
9.267723511976019E-5      -0.037366051952673486
9.284730399655495E-5      -0.03738486443238945
9.301737287334972E-5      -0.037729634422937766
9.31874417501445E-5       -0.03802540344793576
9.335751062693924E-5      -0.03825734066888695
9.3527579503734E-5        -0.03842544608579119
9.369764838052876E-5      -0.038529719698648705
9.386771725732352E-5      -0.03855443580458548
9.403778613411829E-5      -0.03892129374726931
9.420785501091305E-5      -0.03923752829046561
9.43779238877078E-5       -0.03948741373130048
9.454799276450256E-5      -0.039670950069773836
9.471806164129733E-5      -0.0397881373058858
9.488813051809209E-5      -0.039823064623729205
9.505819939488686E-5      -0.04021000997596863
9.522826827168162E-5      -0.04054541153928395
9.539833714847638E-5      -0.04081335849776802
9.556840602527113E-5      -0.041013850851421216
9.57384749020659E-5       -0.04114688860024326
9.590854377886066E-5      -0.041197503660647034
9.607861265565543E-5      -0.041601513323868765
9.62486815324502E-5       -0.04195372886055566
9.641875040924495E-5      -0.0422391821871206
9.658881928603972E-5      -0.04245787330356386
9.675888816283448E-5      -0.04260980220988521
9.692895703962925E-5      -0.042682445284580345
9.709902591642401E-5      -0.04309926378045431
9.726909479321879E-5      -0.04346466291438981
9.743916367001354E-5      -0.04376611906488252
9.76092325468083E-5       -0.044003632231932724
9.777930142360306E-5      -0.044177202415540046
9.794937030039783E-5      -0.04427833827842343
9.811943917719258E-5      -0.04470235310496693
9.828950805398736E-5      -0.045076038684987337
9.84595769307821E-5       -0.04539090368120341
9.862964580757686E-5      -0.04564694809361515
9.879971468437162E-5      -0.04584417192222249
9.896978356116637E-5      -0.045979249008430464
9.913985243796113E-5      -0.04640366623231924
9.930992131475591E-5      -0.046779900035899505
9.947999019155066E-5      -0.04710462426056838
9.965005906834544E-5      -0.04737783890633118
9.982012794514019E-5      -0.04759954397318556
9.999019682193495E-5      -0.04777175351888224
1.0016026569872972E-4     -0.048189372243443516
1.003303345755245E-4      -0.04856244532422268
1.0050040345231925E-4     -0.04889298681895896
1.0067047232911402E-4     -0.04918099672765822
1.0084054120590877E-4     -0.04942647505031787
1.0101061008270354E-4     -0.04963592170344978
1.011806789594983E-4      -0.050040392635246095
1.0135074783629308E-4     -0.050405626618275405
1.0152081671308783E-4     -0.05073812356904077
1.016908855898826E-4      -0.05103788348754707
1.0186095446667736E-4     -0.05130490637379183
1.0203102334347212E-4     -0.051548599431909536
1.0220109222026688E-4     -0.05193543316802012
1.0237116109706166E-4     -0.052289802670319
1.0254122997385641E-4     -0.052621115142929
1.0271129885065116E-4     -0.05292937058585592
1.0288136772744593E-4     -0.0532145689990974
1.0305143660424069E-4     -0.05348726359816247
1.0322150548103545E-4     -0.05385418965308518
1.0339157435783022E-4     -0.054196326262489505
1.0356164323462497E-4     -0.05452422664187585
1.0373171211141973E-4     -0.054837890791249
1.0390178098821448E-4     -0.055137318710606516
1.0407184986500925E-4     -0.055432735696184406
1.0424191874180401E-4     -0.055779444144574974
1.0441198761859879E-4     -0.05610921723235869
1.0458205649539355E-4     -0.056432280255759984
1.047521253721883E-4      -0.05674863321478464
1.0492219424898308E-4     -0.05705827610943015
1.0509226312577784E-4     -0.057370159483974406
1.052623320025726E-4      -0.05769773945405066
1.0543240087936737E-4     -0.05801574894278065
1.0560246975616213E-4     -0.05833313849443071
1.0577253863295688E-4     -0.05864990810900641
1.0594260750975165E-4     -0.058966057786505495
1.0611267638654641E-4     -0.05928885884778897
1.0628274526334116E-4     -0.05959917516859137
1.0645281414013594E-4     -0.059906330108701215
1.0662288301693069E-4     -0.06021759498897646
1.0679295189372544E-4     -0.06053296980941725
1.0696302077052022E-4     -0.06085245457002351
1.0713308964731497E-4     -0.06118162941407418
1.0730315852410975E-4     -0.06147679294411154
1.074732274009045E-4      -0.06177404596644726
1.0764329627769927E-4     -0.06207896862436044
1.0781336515449402E-4     -0.062391560917850857
1.0798343403128879E-4     -0.0627118228469185
1.0815350290808356E-4     -0.06304383035407962
1.0832357178487833E-4     -0.06332587555952245
1.0849364066167309E-4     -0.06361411403320592
1.0866370953846784E-4     -0.06391262171764633
1.088337784152626E-4      -0.0642213986128437
1.0900384729205736E-4     -0.064540444718798
1.0917391616885212E-4     -0.06487257321315865
1.0934398504564688E-4     -0.06514333506572494
1.0951405392244166E-4     -0.06542337192682654
1.0968412279923641E-4     -0.065715496974113
1.0985419167603116E-4     -0.06601971020758433
1.1002426055282593E-4     -0.06633601162724054
1.1019432942962069E-4     -0.0666661979041537
1.1036439830641547E-4     -0.06692728441638211
1.1053446718321023E-4     -0.06719985551055951
1.10704536060005E-4       -0.06748570785775791
1.1087460493679976E-4     -0.06778484145797743
1.1104467381359452E-4     -0.06809725631121799
1.1121474269038929E-4     -0.06842397818814831
1.1138481156718405E-4     -0.0686767251306199
1.1155488044397881E-4     -0.06894245768247144
1.1172494932077356E-4     -0.06922220161437175
1.1189501819756833E-4     -0.06951595692632061
1.1206508707436308E-4     -0.06982372361831816
1.1223515595115784E-4     -0.0701460702360584
1.124052248279526E-4      -0.07039141728024845
1.1257529370474738E-4     -0.07065069516377663
1.1274536258154213E-4     -0.07092447243233711
1.1291543145833691E-4     -0.07121274908592984
1.1308550033513168E-4     -0.07151552512455478
1.1325556921192644E-4     -0.07183318459430335
1.134256380887212E-4      -0.07207152244219694
1.1359570696551597E-4     -0.07232442660204025
1.1376577584231072E-4     -0.07259228111992477
1.1393584471910548E-4     -0.0728750859958505
1.1410591359590025E-4     -0.07317284122981736
1.1427598247269501E-4     -0.07348587626825567
1.1444605134948977E-4     -0.07371717860902333
1.1461612022628454E-4     -0.07396361512164175
1.147861891030793E-4      -0.0742255152525414
1.1495625797987405E-4     -0.07450287900172223
1.1512632685666883E-4     -0.0747957063691843
1.1529639573346359E-4     -0.07510430033655346
1.1546646461025836E-4     -0.075328422399471
1.156365334870531E-4      -0.07556828295331296
1.1580660236384786E-4     -0.07582418497970553
1.1597667124064261E-4     -0.07609612847864855
1.1614674011743738E-4     -0.07638411345014212
1.1631680899423213E-4     -0.07668840251631528
1.1648687787102691E-4     -0.07690525221274724
1.1665694674782166E-4     -0.07713848602593165
1.1682701562461643E-4     -0.07738836657799768
1.1699708450141119E-4     -0.077654893868945
1.1716715337820595E-4     -0.07793806789877394
1.1733722225500072E-4     -0.07823807867037921
1.175072911317955E-4      -0.07844765605855307
1.1767736000859025E-4     -0.07867427944027601
1.17847428885385E-4       -0.07891813881844269
1.1801749776217977E-4     -0.07917923419305307
1.1818756663897452E-4     -0.07945756556410732
1.1835763551576929E-4     -0.07975321481046471
1.1852770439256405E-4     -0.07995561683153075
1.1869777326935883E-4     -0.0801757078578529
1.1886784214615358E-4     -0.08041356976829064
1.1903791102294836E-4     -0.08066920256284395
1.192079798997431E-4      -0.08094260624151282
1.1937804877653787E-4     -0.08123373505699516
1.1954811765333263E-4     -0.08142913472598017
1.1971818653012741E-4     -0.0816428100035457
1.1988825540692216E-4     -0.08187471514238973
1.2005832428371694E-4     -0.08212485014251222
1.2022839316051169E-4     -0.08239321500391329
1.2039846203730645E-4     -0.08267963916730231
1.2056853091410122E-4     -0.082868236969515
1.20738599790896E-4       -0.08307561828265182
1.2090866866769075E-4     -0.0833016125474221
1.2107873754448552E-4     -0.08354621976382584
1.2124880642128027E-4     -0.08380943993186316
1.2141887529807504E-4     -0.08409099619000283
1.215889441748698E-4      -0.08427297315607003
1.2175901305166458E-4     -0.08447416124538572
1.2192908192845933E-4     -0.08469428359641906
1.2209915080525408E-4     -0.0849333402091697
1.2226921968204886E-4     -0.08519133108363812
1.224392885588436E-4      -0.08546789374684102
1.2260935743563836E-4     -0.08564339172572742
1.2277942631243313E-4     -0.08583846039388122
1.2294949518922788E-4     -0.08605273727831976
1.2311956406602266E-4     -0.086286222379043
1.232896329428174E-4      -0.08653891569605077
1.2345970181961216E-4     -0.08681038108603542
1.236297706964069E-4      -0.08697951540585303
1.2379983957320172E-4     -0.0871685264092957
1.2396990844999647E-4     -0.08737697795305556
1.2413997732679122E-4     -0.0876048700371327
1.2431004620358597E-4     -0.0878522026615266
1.2448011508038075E-4     -0.08811847039286255
1.246501839571755E-4      -0.0882813498555454
1.2482025283397027E-4     -0.08846436582312019
1.2499032171076502E-4     -0.08866701286221099
1.2516039058755977E-4     -0.08888929097281811
1.2533045946435455E-4     -0.08913120015494129
1.255005283411493E-4      -0.08939216487707405
1.2567059721794408E-4     -0.08954889865366256
1.2584066609473883E-4     -0.08972598609684418
1.2601073497153358E-4     -0.08992285167511245
1.2618080384832836E-4     -0.09013949538846701
1.2635087272512313E-4     -0.09037591723690781
1.2652094160191788E-4     -0.09063147003065267
1.2669101047871266E-4     -0.09078216950669792
1.268610793555074E-4      -0.09095339777825547
1.270311482323022E-4      -0.09114450765554333
1.2720121710909694E-4     -0.09135549913856114
1.2737128598589172E-4     -0.09158637222730898
1.2754135486268647E-4     -0.09183642056068836
1.2771142373948125E-4     -0.09198119124776631
1.27881492616276E-4       -0.09214661969730877
1.2805156149307075E-4     -0.09233199954821704
1.282216303698655E-4      -0.09253733080049081
1.2839169924666027E-4     -0.0927626134541306
1.2856176812345502E-4     -0.09300710864387106
1.287318370002498E-4      -0.09314602279808598
1.2890190587704455E-4     -0.09330568241064179
1.290719747538393E-4      -0.09348534861627308
1.2924204363063408E-4     -0.09368502141497993
1.2941211250742886E-4     -0.09390470080676247
1.295821813842236E-4      -0.09414363013852972
1.2975225026101836E-4     -0.09427671881642583
1.2992231913781313E-4     -0.09443062070165535
1.3009238801460788E-4     -0.09460457914112784
1.3026245689140266E-4     -0.09479859413484346
1.304325257681974E-4      -0.095012665682802
1.3060259464499216E-4     -0.0952460140302854
1.3077266352178694E-4     -0.0953733038507425
1.3094273239858172E-4     -0.09552146806547128
1.3111280127537647E-4     -0.09568972691975361
1.3128287015217125E-4     -0.09587808041358875
1.31452939028966E-4       -0.09608652854697723
1.3162300790576077E-4     -0.09631426344986088
1.3179307678255552E-4     -0.09643580377851586
1.319631456593503E-4      -0.09657826524564446
1.3213321453614505E-4     -0.09674083998118894
1.3230328341293983E-4     -0.09692352798514922
1.3247335228973458E-4     -0.09712632925752511
1.3264342116652933E-4     -0.0973484027424788
1.3281349004332408E-4     -0.09746425843518954
1.3298355892011888E-4     -0.09760106114999466
1.3315362779691363E-4     -0.0977579698310558
1.3332369667370838E-4     -0.09793498447837297
1.3349376555050313E-4     -0.09813210509194635
1.336638344272979E-4      -0.09834844149020455
1.3383390330409266E-4     -0.09845869542561446
1.3400397218088744E-4     -0.09858990188953859
1.341740410576822E-4      -0.09874117070040532
1.3434410993447694E-4     -0.09891250185821454
1.3451417881127172E-4     -0.09910389536296639
1.3468424768806647E-4     -0.0993144032809264
1.3485431656486125E-4     -0.099419155633713
1.35024385441656E-4       -0.09954483832834883
1.3519445431845077E-4     -0.09969050343109878
1.3536452319524555E-4     -0.09985615094196278
1.355345920720403E-4      -0.10004178086094093
1.3570466094883508E-4     -0.10024639982604658
1.3587472982562983E-4     -0.10034568869833084
1.360447987024246E-4      -0.10046588663685467
1.3621486757921936E-4     -0.10060600027963096
1.363849364560141E-4      -0.10076602962665972
1.3655500533280886E-4     -0.10094597467794095
1.367250742096036E-4      -0.10114496239553325
1.3689514308639836E-4     -0.10123873948098712
1.3706521196319314E-4     -0.10135332204008021
1.3723528083998789E-4     -0.1014878370348713
1.3740534971678266E-4     -0.10164228446536014
1.375754185935774E-4      -0.10181666433154674
1.3774548747037216E-4     -0.10201011038148503
1.3791555634716691E-4     -0.10209823526066525
1.3808562522396172E-4     -0.1022071414953156
1.3825569410075647E-4     -0.10233596283348967
1.3842576297755122E-4     -0.10248469927518762
1.3859583185434597E-4     -0.10265335082040898
1.3876590073114075E-4     -0.10284108637675735
1.3893596960793552E-4     -0.10292383420542871
1.391060384847303E-4      -0.10302730999924792
1.3927610736152505E-4     -0.10315068266581404
1.3944617623831983E-4     -0.10329395220513032
1.3961624511511458E-4     -0.10345711861719507
1.3978631399190936E-4     -0.10363936048904744
1.3995638286870413E-4     -0.10371657323468884
1.4012645174549888E-4     -0.10381438613667006
1.4029652062229363E-4     -0.10393197778202827
1.404665894990884E-4      -0.1040693481707635
1.406366583758832E-4      -0.10422649730287578
1.4080672725267794E-4     -0.10440229921014396
1.409767961294727E-4      -0.10447473953682852
1.4114686500626747E-4     -0.10456769312536615
1.4131693388306222E-4     -0.10468003400753599
1.41487002759857E-4       -0.10481176218333768
1.4165707163665175E-4     -0.10496287765277112
1.418271405134465E-4      -0.10513205895414882
1.4199720939024125E-4     -0.10519977451861035
1.4216727826703605E-4     -0.10528779906039669
1.423373471438308E-4      -0.10539481111781943
1.4250741602062555E-4     -0.10552081069087886
1.426774848974203E-4      -0.10566579777957485
1.4284755377421508E-4     -0.10582838182796211
1.4301762265100983E-4     -0.10589161965456158
1.431876915278046E-4      -0.1059747997593382
1.4335776040459936E-4     -0.10607653158634676
1.435278292813941E-4      -0.10619681513558751
1.4369789815818888E-4     -0.10633565040705999
1.4386796703498363E-4     -0.106491607406771
1.440380359117784E-4      -0.10655038302840411
1.4420810478857316E-4     -0.10662873750863015
1.443781736653679E-4      -0.10672524085345536
1.445482425421627E-4      -0.10683989306287985
1.4471831141895747E-4     -0.10697269413690302
1.4488838029575222E-4     -0.1071223358827772
1.45058449172547E-4       -0.10717660388923395
1.4522851804934175E-4     -0.10725000251414173
1.4539858692613652E-4     -0.10734122356475212
1.4556865580293127E-4     -0.10745026704106542
1.4573872467972605E-4     -0.1075771329430812
1.459087935565208E-4      -0.10772069219390015
1.4607886243331558E-4     -0.10777048114211571
1.4624893131011033E-4     -0.10783887158483675
1.4641900018690508E-4     -0.1079247344451638
1.4658906906369983E-4     -0.10802806972309657
1.467591379404946E-4      -0.10814887741863521
1.4692920681728936E-4     -0.10828600727951375
1.4709927569408413E-4     -0.10833129669184711
1.4726934457087888E-4     -0.10839492727394569
1.4743941344767364E-4     -0.10847574877353788
1.476094823244684E-4      -0.10857376119062702
1.477795512012632E-4      -0.10868896452521115
1.4794962007805794E-4     -0.1088205702407606
1.4811968895485272E-4     -0.10886093870392197
1.4828975783164747E-4     -0.10891923969092904
1.4845982670844225E-4     -0.10899468466524492
1.48629895585237E-4       -0.10908727362687293
1.4879996446203175E-4     -0.10919700657581144
1.4897003333882652E-4     -0.10932314369773855
1.491401022156213E-4      -0.1093583063126692
1.4931017109241605E-4     -0.10941136134630733
1.494802399692108E-4      -0.1094815689843288
1.4965030884600555E-4     -0.1095689292267337
1.4982037772280033E-4     -0.10967344207352224
1.4999044659959508E-4     -0.10979441646332673
1.5016051547638986E-4     -0.10982409800505828
1.503305843531846E-4      -0.10987171216975737
1.5050065322997936E-4     -0.10993656789605669
1.506707221067741E-4      -0.11001866518395628
1.5084079098356886E-4     -0.11011800403345613
1.510108598603636E-4      -0.11023379492340812
1.511809287371584E-4      -0.11025792006843821
1.5135099761395316E-4     -0.1103001714057345
1.515210664907479E-4      -0.11035975941414859
1.5169113536754272E-4     -0.11043668409368063
1.5186120424433747E-4     -0.11053094544433044
1.5203127312113225E-4     -0.11064169827751999
1.5220134199792702E-4     -0.11066021856209435
1.5237141087472177E-4     -0.11069705633996126
1.5254147975151652E-4     -0.11075136642254305
1.5271154862831127E-4     -0.11082314880983997
1.5288161750510602E-4     -0.11091240350185114
1.5305168638190077E-4     -0.11101826005042557
1.5322175525869555E-4     -0.11103119644291662
1.533918241354903E-4      -0.11106262266287732
1.5356189301228508E-4     -0.11111166826215614
1.5373196188907983E-4     -0.1111783332407532
1.5390203076587458E-4     -0.11126261759866822
1.5407209964266936E-4     -0.1113636381774828
1.5424216851946414E-4     -0.11137104994613471
1.5441223739625889E-4     -0.11139710412456136
1.5458230627305366E-4     -0.11144091755434482
1.5475237514984844E-4     -0.11150249023548457
1.549224440266432E-4      -0.11158182216798071
1.5509251290343797E-4     -0.11167802370921583
1.5526258178023272E-4     -0.11167999764722854
1.554326506570275E-4      -0.11170074056306575
1.5560271953382225E-4     -0.11173936281411041
1.5577278841061702E-4     -0.11179586440036204
1.559428572874118E-4      -0.11187024532182048
1.5611292616420655E-4     -0.1119615995487359
1.5628299504100133E-4     -0.11195825820340209
1.5645306391779608E-4     -0.11197378222931079
1.5662313279459083E-4     -0.11200726559671197
1.567932016713856E-4      -0.11205870830560506
1.5696327054818036E-4     -0.11212811035599031
1.571333394249751E-4      -0.11221453445685177
1.5730340830176988E-4     -0.1122060376427415
1.5747347717856466E-4     -0.11221646581415103
1.576435460553594E-4      -0.11224488168006486
1.5781361493215416E-4     -0.11229128524048196
1.5798368380894897E-4     -0.11235567649540303
1.5815375268574372E-4     -0.11243708452735832
1.583238215625385E-4      -0.11242358407455394
1.5849389043933325E-4     -0.11242903055339838
1.58663959316128E-4       -0.11245245304642115
1.5883402819292277E-4     -0.11249385155362168
1.5900409706971752E-4     -0.11255322607500104
1.5917416594651227E-4     -0.11262958486890048
1.5934423482330705E-4     -0.11261119696310146
1.595143037001018E-4      -0.11261174445114751
1.5968437257689655E-4     -0.11263023559138051
1.5985444145369133E-4     -0.11266667038379974
1.6002451033048608E-4     -0.11272104882840603
1.6019457920728083E-4     -0.11279238195097832
1.6036464808407558E-4     -0.11276919491080464
1.6053471696087036E-4     -0.11276490162820717
1.607047858376651E-4      -0.11277851312896543
1.6087485471445986E-4     -0.11281002941307909
1.6104492359125464E-4     -0.11285945048054828
1.6121499246804939E-4     -0.11292581402011034
1.6138506134484416E-4     -0.11289789931768679
1.6155513022163894E-4     -0.11288881147410877
1.617251990984337E-4      -0.11289758817811432
1.6189526797522844E-4     -0.11292422942970289
1.620653368520232E-4      -0.11296873522887506
1.6223540572881797E-4     -0.11303018485225674
1.6240547460561272E-4     -0.11299761663194773
1.625755434824075E-4      -0.11298378700610853
1.6274561235920225E-4     -0.11298777525136641
1.6291568123599702E-4     -0.11300958136772057
1.630857501127918E-4      -0.11304920535517154
1.6325581898958655E-4     -0.11310576179086868
1.6342588786638133E-4     -0.11306861845834634
1.6359595674317608E-4     -0.11305011925205913
1.6376602561997083E-4     -0.11304937874915734
1.639360944967656E-4      -0.1130663969496406
1.6410616337356036E-4     -0.11310117385350842
1.642762322503551E-4      -0.11315284396016201
1.6444630112714989E-4     -0.11311119795086412
1.6461637000394464E-4     -0.11308810296528031
1.647864388807394E-4      -0.11308269350281075
1.6495650775753416E-4     -0.11309496956345558
1.651265766343289E-4      -0.11312493114721432
1.652966455111237E-4      -0.11317173880344125
1.6546671438791847E-4     -0.11312568701271809
1.6563678326471322E-4     -0.1130980691358
1.6580685214150797E-4     -0.11308804572204041
1.6597692101830275E-4     -0.11309561677143921
1.6614698989509752E-4     -0.11312078228399625
1.6631705877189227E-4     -0.11316273324062853
1.6648712764868705E-4     -0.1131123946638189
1.666571965254818E-4      -0.11308034467494099
1.6682726540227658E-4     -0.1130657742549101
1.6699733427907133E-4     -0.11306868340372637
1.6716740315586608E-4     -0.11308907212139019
1.6733747203266086E-4     -0.11312614441384009
1.6750754090945563E-4     -0.11307162101334141
1.6767760978625038E-4     -0.11303523642730805
1.6784767866304514E-4     -0.1130161946616781
1.6801774753983989E-4     -0.1130144957164514
1.6818781641663466E-4     -0.11303013959162825
1.683578852934294E-4      -0.11306234054229158
1.685279541702242E-4      -0.11300371400246724
1.6869802304701894E-4     -0.1129630715569345
1.688680919238137E-4      -0.11293962746077645
1.6903816080060847E-4     -0.11293338171399286
1.6920822967740322E-4     -0.11294433431658374
1.69378298554198E-4       -0.11297172533391815
1.6954836743099277E-4     -0.11290905671959944
1.6971843630778755E-4     -0.11286420886907449
1.698885051845823E-4      -0.11283642184771313
1.7005857406137708E-4     -0.11282569565551515
1.7022864293817186E-4     -0.11283203029248058
1.703987118149666E-4      -0.11285469816235708
1.7056878069176138E-4     -0.1127880304586865
1.707388495685561E-4      -0.11273902224269569
1.7090891844535086E-4     -0.11270694591813232
1.710789873221456E-4      -0.11269180148499591
1.7124905619894036E-4     -0.11269358894328695
1.714191250757351E-4      -0.11271161557489956
1.7158919395252989E-4     -0.11264100188988461
1.7175926282932466E-4     -0.11258788681865106
1.719293317061194E-4      -0.11255157764309265
1.7209940058291416E-4     -0.11253207436320854
1.7226946945970894E-4     -0.11252937697900015
1.7243953833650372E-4     -0.11254282761985475
1.726096072132985E-4      -0.11246833115471482
1.7277967609009325E-4     -0.11241117259904346
1.72949744966888E-4       -0.11237069408222831
1.7311981384368277E-4     -0.1123468956042703
1.7328988272047752E-4     -0.11233977716516927
1.7345995159727227E-4     -0.11234871073567859
1.7363002047406705E-4     -0.11227039336363857
1.738000893508618E-4      -0.11220925696423396
1.7397015822765658E-4     -0.11216467350821786
1.7414022710445133E-4     -0.11213664299558998
1.7431029598124608E-4     -0.11212516542635009
1.7448036485804086E-4     -0.11212964098061742
1.7465043373483563E-4     -0.11204757255448827
1.7482050261163039E-4     -0.11198252701772621
1.7499057148842514E-4     -0.11193390455044974
1.7516064036521989E-4     -0.11190170515265863
1.7533070924201466E-4     -0.11188592882435262
1.7550077811880941E-4     -0.111886002997512
1.756708469956042E-4      -0.11180025599483027
1.7584091587239894E-4     -0.11173137220291843
1.760109847491937E-4      -0.11167877905375423
1.7618105362598847E-4     -0.11164247654733916
1.7635112250278322E-4     -0.11162246468367241
1.76521191379578E-4       -0.1116181979779741
1.7669126025637275E-4     -0.11152884563752352
1.7686132913316755E-4     -0.11145619392862925
1.770313980099623E-4      -0.11139969736651108
1.7720146688675705E-4     -0.11135935595117007
1.7737153576355183E-4     -0.11133516968260536
1.7754160464034658E-4     -0.11132661932870064
1.7771167351714136E-4     -0.11123374663408177
1.778817423939361E-4      -0.11115740426363585
1.7805181127073086E-4     -0.11109707298524643
1.782218801475256E-4      -0.11105275279891316
1.7839194902432036E-4     -0.11102444370463643
1.7856201790111514E-4     -0.11101164450438877
1.787320867779099E-4      -0.11091535252803462
1.789021556547047E-4      -0.11083541171490027
1.7907222453149944E-4     -0.1107713208669571
1.7924229340829422E-4     -0.11072307998420636
1.79412362285089E-4       -0.11069068906664711
1.7958243116188375E-4     -0.11067365243970421
1.7975250003867852E-4     -0.110574054555162
1.7992256891547327E-4     -0.11049061929053335
1.8009263779226802E-4     -0.11042285097124478
1.8026270666906277E-4     -0.11037074959729487
1.8043277554585752E-4     -0.11033431516868411
1.806028444226523E-4      -0.11031305168288831
1.8077291329944705E-4     -0.11021026446527776
1.8094298217624183E-4     -0.11012343820947919
1.8111305105303658E-4     -0.1100520769129674
1.8128311992983136E-4     -0.10999618057574267
1.8145318880662613E-4     -0.10995574919780444
1.8162325768342089E-4     -0.1099302906879584
1.8179332656021566E-4     -0.10982442510761774
1.8196339543701044E-4     -0.10973430167390205
1.821334643138052E-4      -0.10965942829561393
1.8230353319059994E-4     -0.10959980497275462
1.824736020673947E-4      -0.10955543170532338
1.8264367094418947E-4     -0.10952582977519869
1.8281373982098422E-4     -0.10941699718360681
1.82983808697779E-4       -0.10932366563175641
1.8315387757457375E-4     -0.10924535640152405
1.8332394645136852E-4     -0.10918206949291097
1.834940153281633E-4      -0.10913380490591602
1.8366408420495805E-4     -0.10910010455316502
1.838341530817528E-4      -0.1089884326410821
1.8400422195854755E-4     -0.1088919931438498
1.841742908353423E-4      -0.10881032797409343
1.8434435971213705E-4     -0.108743437131813
1.845144285889318E-4      -0.10869132061700804
1.8468449746572655E-4     -0.1086535280976195
1.8485456634252133E-4     -0.10853912456965882
1.850246352193161E-4      -0.10843968770251798
1.8519470409611086E-4     -0.108354767164138
1.8536477297290564E-4     -0.1082843629545185
1.8553484184970039E-4     -0.10822847507365915
1.8570491072649516E-4     -0.10818672018638122
1.8587497960328991E-4     -0.10806962615964501
1.8604504848008472E-4     -0.10796720891537266
1.8621511735687947E-4     -0.1078790851183828
1.8638518623367422E-4     -0.10780525476867633
1.86555255110469E-4       -0.10774571786625284
1.8672532398726375E-4     -0.10770027294106141
1.8689539286405852E-4     -0.10758084038980387
1.870654617408533E-4      -0.1074755604821689
1.8723553061764805E-4     -0.10738423174810388
1.8740559949444283E-4     -0.10730685418761014
1.8757566837123758E-4     -0.10724342780068656
1.8774573724803236E-4     -0.10719347043938195
1.879158061248271E-4      -0.10707180088113856
1.8808587500162188E-4     -0.10696411653051566
1.8825594387841663E-4     -0.10686993523956087
1.8842601275521139E-4     -0.10678925700827478
1.8859608163200614E-4     -0.10672208183665703
1.8876615050880089E-4     -0.10666796262690112
1.8893621938559564E-4     -0.10654418335385543
1.891062882623904E-4      -0.10643398339431402
1.8927635713918516E-4     -0.10633691565046982
1.8944642601597991E-4     -0.10625298012232265
1.896164948927747E-4      -0.10618217680987312
1.8978656376956944E-4     -0.1061241210884368
1.8995663264636422E-4     -0.10599828413467574
1.90126701523159E-4       -0.10588561166461481
1.9029677039995375E-4     -0.10578571905357127
1.904668392767485E-4      -0.10569860630154386
1.906369081535433E-4      -0.10562427340853363
1.9080697703033805E-4     -0.1055624155905161
1.909770459071328E-4      -0.10543466492550851
1.9114711478392758E-4     -0.10531961020021141
1.9131718366072233E-4     -0.10521694663060001
1.9148725253751708E-4     -0.10512667421667582
1.9165732141431186E-4     -0.1050487929584378
1.918273902911066E-4      -0.10498286965274106
1.9199745916790139E-4     -0.10485334309602926
1.9216752804469614E-4     -0.10473617444776734
1.923375969214909E-4      -0.10463093050480987
1.9250766579828566E-4     -0.10453761126715688
1.9267773467508041E-4     -0.1044562167348087
1.928478035518752E-4      -0.1043862150813272
1.9301787242866997E-4     -0.10425487322838804
1.9318794130546472E-4     -0.10413558967755936
1.9335801018225947E-4     -0.10402783260240514
1.9352807905905422E-4     -0.10393160200292414
1.9369814793584902E-4     -0.10384689787911675
1.9386821681264377E-4     -0.10377342966631284
1.9403828568943855E-4     -0.10364049817798844
1.942083545662333E-4      -0.10351902900000136
1.9437842344302805E-4     -0.10340873156768171
1.9454849231982283E-4     -0.10330960588102862
1.9471856119661758E-4     -0.10322165194004253
1.9488863007341233E-4     -0.10314452218634529
1.9505869895020708E-4     -0.10300984331285952
1.9522876782700189E-4     -0.10288633101561055
1.9539883670379664E-4     -0.10277363773621698
1.9556890558059139E-4     -0.10267176347468138
1.9573897445738616E-4     -0.10258070823100249
1.959090433341809E-4      -0.10250054258177232
1.960791122109757E-4      -0.10236474614432807
1.9624918108777047E-4     -0.10223924025327194
1.964192499645652E-4      -0.10212409548519535
1.9658931884136E-4        -0.10201931184009823
1.9675938771815472E-4     -0.10192488931798008
1.969294565949495E-4      -0.10184042703024826
1.9709952547174425E-4     -0.10170325164341007
1.9726959434853905E-4     -0.1015763042699838
1.9743966322533377E-4     -0.10145918402137775
1.9760973210212855E-4     -0.1013518908975908
1.977798009789233E-4      -0.10125442489862374
1.9794986985571805E-4     -0.10116637125501612
1.981199387325128E-4      -0.10102771870071484
1.9829000760930758E-4     -0.10089895643808576
1.9846007648610233E-4     -0.1007796696976655
1.9863014536289708E-4     -0.10066985847945631
1.9880021423969186E-4     -0.10056952278345782
1.989702831164866E-4      -0.10047898534373569
1.9914035199328139E-4     -0.10033968667075353
1.9931042087007614E-4     -0.10020912836953041
1.9948048974687091E-4     -0.10008763317413234
1.9965055862366566E-4     -0.09997520108455808
1.9982062750046041E-4     -0.0998718321008087
1.999906963772552E-4      -0.09977749325091254
2.0016076525404997E-4     -0.09963700046448126
2.0033083413084472E-4     -0.09950511916974006
2.0050090300763947E-4     -0.09938181639471837
2.0067097188443422E-4     -0.0992670921394166
2.00841040761229E-4       -0.09916094640383359
2.0101110963802375E-4     -0.09906342735829955
2.0118117851481853E-4     -0.09892181382145172
2.013512473916133E-4      -0.09878839063313259
2.0152131626840805E-4     -0.09866320596367224
2.0169138514520283E-4     -0.09854625981307039
2.0186145402199758E-4     -0.09843755218132687
2.0203152289879236E-4     -0.09833718656249416
2.0220159177558714E-4     -0.09819434785625118
2.0237166065238189E-4     -0.09805936229907451
2.0254172952917664E-4     -0.09793233338501717
2.0271179840597139E-4     -0.09781326111407838
2.028818672827662E-4      -0.09770214548625841
2.0305193615956094E-4     -0.09759909258382286
2.0322200503635572E-4     -0.09745498024943973
2.033920739131505E-4      -0.09731846761995558
2.0356214278994525E-4     -0.09718966077763641
2.0373221166674E-4        -0.09706855972248159
2.039022805435348E-4      -0.09695516445449108
2.0407234942032955E-4     -0.09684958307295004
2.042424182971243E-4      -0.09670423249328503
2.0441248717391905E-4     -0.09656624612734459
2.045825560507138E-4      -0.09643573207441403
2.0475262492750855E-4     -0.09631269033449263
2.049226938043033E-4      -0.09619712090758041
2.0509276268109805E-4     -0.09608914787617366
2.0526283155789283E-4     -0.09594263670183314
2.054329004346876E-4      -0.09580324715807936
2.0560296931148236E-4     -0.09567110332740693
2.057730381882771E-4      -0.0955462052098162
2.0594310706507186E-4     -0.09542855280530693
2.0611317594186664E-4     -0.09531830300496423
2.0628324481866141E-4     -0.09517072814461608
2.064533136954562E-4      -0.09503001667279601
2.0662338257225094E-4     -0.09489632548058952
2.0679345144904572E-4     -0.09476965456799652
2.0696352032584047E-4     -0.09465000393501681
2.0713358920263525E-4     -0.09453757343545871
2.0730365807943002E-4     -0.09438903536646069
2.0747372695622477E-4     -0.09424709040377663
2.0764379583301952E-4     -0.09411193840121482
2.0781386470981427E-4     -0.09398357935877454
2.0798393358660902E-4     -0.09386201327645641
2.0815400246340378E-4     -0.09374747970766646
2.0832407134019855E-4     -0.0935980823834837
2.0849414021699333E-4     -0.09345500149456448
2.0866420909378808E-4     -0.09331847659431534
2.0883427797058283E-4     -0.09318850768273602
2.0900434684737764E-4     -0.09306509475982663
2.0917441572417239E-4     -0.09294849982190267
2.0934448460096714E-4     -0.09279837881730871
2.0951455347776189E-4     -0.09265428461279424
2.0968462235455664E-4     -0.09251647920467515
2.098546912313514E-4      -0.09238496259295113
2.1002476010814614E-4     -0.09225973477762216
2.101948289849409E-4      -0.0921410518200673
2.1036489786173566E-4     -0.09199038934488635
2.1053496673853044E-4     -0.09184544015144423
2.107050356153252E-4      -0.0917064603011196
2.1087510449211997E-4     -0.09157344979391312
2.1104517336891475E-4     -0.09144640862982394
2.1121524224570952E-4     -0.09132557053599633
2.113853111225043E-4      -0.09117456831488555
2.1155537999929905E-4     -0.09102893209400933
2.117254488760938E-4      -0.09088889560051239
2.1189551775288855E-4     -0.09075445883439417
2.1206558662968333E-4     -0.09062562179565502
2.1223565550647808E-4     -0.09050260470397584
2.1240572438327286E-4     -0.09035142501558101
2.1257579326006764E-4     -0.09020523462591513
2.1274586213686239E-4     -0.09006425375465986
2.1291593101365716E-4     -0.08992848240181434
2.130859998904519E-4      -0.0897979205673795
2.132560687672467E-4      -0.08967279561811586
2.1342613764404144E-4     -0.08952152541799184
2.135962065208362E-4      -0.08937486064557904
2.1376627539763094E-4     -0.08923302866763834
2.1393634427442566E-4     -0.08909602948416971
2.1410641315122044E-4     -0.08896386309517257
2.142764820280152E-4      -0.0888368011053056
2.1444655090480997E-4     -0.08868547983388558
2.1461661978160472E-4     -0.08853837888726941
2.147866886583995E-4      -0.08839576987011483
2.1495675753519428E-4     -0.0882576527824218
2.1512682641198903E-4     -0.08812402762419018
2.152968952887838E-4      -0.08799524340080583
2.1546696416557855E-4     -0.08784389313971706
2.1563703304237333E-4     -0.08769638167386505
2.1580710191916808E-4     -0.08755305800863601
2.1597717079596286E-4     -0.08741392214402957
2.1614723967275764E-4     -0.0872789740800454
2.1631730854955239E-4     -0.08714863952634602
2.1648737742634714E-4     -0.08699728874486456
2.1665744630314191E-4     -0.08684941461168634
2.1682751517993666E-4     -0.08670544283647423
2.1699758405673141E-4     -0.0865653734192275
2.171676529335262E-4      -0.08642920635994593
2.1733772181032094E-4     -0.08629741472164851
2.1750779068711572E-4     -0.08614611093420727
2.1767785956391047E-4     -0.08599795311321062
2.1784792844070525E-4     -0.08585341432167708
2.180179973175E-4         -0.08571249455960614
2.1818806619429475E-4     -0.08557519382699802
2.1835813507108953E-4     -0.08544200824296089
2.185282039478843E-4      -0.08529081494208551
2.1869827282467905E-4     -0.08514246121975512
2.188683417014738E-4      -0.08499744319507795
2.1903841057826855E-4     -0.0848557608680541
2.1920847945506336E-4     -0.08471741423868319
2.193785483318581E-4      -0.08458292693567201
2.1954861720865289E-4     -0.08443191819452318
2.1971868608544764E-4     -0.08428344573708493
2.1988875496224239E-4     -0.08413803319206398
2.2005882383903716E-4     -0.08399568055946002
2.202288927158319E-4      -0.08385638783927318
2.2039896159262666E-4     -0.08372071975870614
2.2056903046942141E-4     -0.08356996517675334
2.2073909934621622E-4     -0.08342144161676944
2.2090916822301097E-4     -0.08327571380595788
2.2107923709980572E-4     -0.08313278174431814
2.212493059766005E-4      -0.08299264543185024
2.2141937485339525E-4     -0.08285591229544559
2.2158944373019002E-4     -0.08270547633903673
2.217595126069848E-4      -0.08255697230083259
2.2192958148377953E-4     -0.08241100760772506
2.2209965036057433E-4     -0.08226758225971374
2.2226971923736905E-4     -0.08212669625679887
2.2243978811416383E-4     -0.08198899179055535
2.2260985699095858E-4     -0.0818389432618336
2.2277992586775339E-4     -0.0816905379205788
2.2294999474454814E-4     -0.08154441795836621
2.2312006362134289E-4     -0.08140058337519501
2.2329013249813766E-4     -0.08125903417106556
2.2346020137493241E-4     -0.08112044241772168
2.236302702517272E-4      -0.08097085733867784
2.2380033912852194E-4     -0.08082263279343702
2.239704080053167E-4      -0.08067644085374386
2.2414047688211144E-4     -0.0805322815195985
2.243105457589062E-4      -0.08039015479100035
2.2448061463570097E-4     -0.08025076521687319
2.2465068351249572E-4     -0.08010172279572599
2.248207523892905E-4      -0.07995375836449878
2.2499082126608525E-4     -0.07980757647211414
2.2516089014288E-4        -0.0796631771185732
2.2533095901967475E-4     -0.0795205603038752
2.2550102789646953E-4     -0.07938046469078353
2.256710967732643E-4      -0.07923204007332693
2.2584116565005905E-4     -0.07908441276835211
2.260112345268538E-4      -0.07893832143862253
2.2618130340364855E-4     -0.07879376608413872
2.2635137228044333E-4     -0.07865074670490003
2.2652144115723808E-4     -0.07851003096986618
2.2669151003403286E-4     -0.07836228963731638
2.2686157891082766E-4     -0.07821507505547616
2.2703164778762241E-4     -0.07806915489330561
2.2720171666441716E-4     -0.07792452915080446
2.2737178554121194E-4     -0.07778119782797262
2.2754185441800672E-4     -0.0776399556457214
2.2771192329480147E-4     -0.07749295337735027
2.2788199217159625E-4     -0.07734621984830597
2.28052061048391E-4       -0.07720054977949942
2.2822212992518575E-4     -0.07705594317093167
2.2839219880198052E-4     -0.07691240002260158
2.2856226767877528E-4     -0.0767707497935246
2.2873233655557005E-4     -0.07662453532692563
2.2890240543236483E-4     -0.0764783401946169
2.2907247430915958E-4     -0.07633299385561333
2.2924254318595433E-4     -0.07618849630991528
2.294126120627491E-4      -0.07604484755752201
2.2958268093954389E-4     -0.07590291692003792
2.2975274981633864E-4     -0.07575753678557642
2.299228186931334E-4      -0.07561193566711606
2.3009288756992816E-4     -0.07546698288625972
2.3026295644672291E-4     -0.07532267844300827
2.304330253235177E-4      -0.07517902233736094
2.3060309420031244E-4     -0.07503691436595372
2.3077316307710722E-4     -0.07489242278431098
2.3094323195390197E-4     -0.0747474836563231
2.3111330083069672E-4     -0.07460299677862557
2.312833697074915E-4      -0.07445896215121789
2.3145343858428622E-4     -0.07431537977409998
2.31623507461081E-4       -0.07417316274156555
2.3179357633787575E-4     -0.0740296298027548
2.3196364521467055E-4     -0.07388543563736659
2.3213371409146528E-4     -0.07374149333969364
2.3230378296826005E-4     -0.07359780290973739
2.324738518450548E-4      -0.0734543643474969
2.3264392072184955E-4     -0.07331209570636445
2.3281398959864433E-4     -0.07316960353712015
2.329840584754391E-4      -0.07302624059688582
2.3315412735223386E-4     -0.07288292493905242
2.333241962290286E-4      -0.07273965656362028
2.3349426510582336E-4     -0.07259643547058903
2.3366433398261814E-4     -0.07245419304090478
2.338344028594129E-4      -0.07231282497250298
2.3400447173620766E-4     -0.07217037013675125
2.3417454061300241E-4     -0.07202775991459627
2.3434460948979716E-4     -0.07188499430603866
2.3451467836659192E-4     -0.07174207331107736
2.346847472433867E-4      -0.07159995552447207
2.3485481612018147E-4     -0.07145979061949258
2.3502488499697622E-4     -0.07131831292966166
2.3519495387377097E-4     -0.07117648104973796
2.3536502275056572E-4     -0.07103429497972143
2.3553509162736053E-4     -0.0708917547196119
2.3570516050415528E-4     -0.07074984640861978
2.3587522938095005E-4     -0.07061096380591608
2.360452982577448E-4      -0.07047053866900438
2.3621536713453958E-4     -0.07032955713709509
2.3638543601133433E-4     -0.07018801921018825
2.3655550488812908E-4     -0.07004592488828353
2.3672557376492386E-4     -0.06990427280058514
2.3689564264171864E-4     -0.0697667607258017
2.370657115185134E-4      -0.0696274783499228
2.3723578039530814E-4     -0.06948742430215257
2.374058492721029E-4      -0.06934659858249076
2.375759181488977E-4      -0.06920500119093827
2.3774598702569244E-4     -0.06906362925685668
2.3791605590248722E-4     -0.06892758524998778
2.3808612477928197E-4     -0.06878954217603898
2.3825619365607675E-4     -0.06865049716437308
2.384262625328715E-4      -0.06851045021499087
2.3859633140966625E-4     -0.06836940132789152
2.3876640028646102E-4     -0.06822834327676919
2.389364691632558E-4      -0.06809385687155564
2.3910653804005055E-4     -0.06795713955312882
2.392766069168453E-4      -0.06781918409518244
2.3944667579364005E-4     -0.06767999049771646
2.3961674467043486E-4     -0.06753955876073138
2.397868135472296E-4      -0.06739888550538342
2.3995688242402439E-4     -0.06726601708833013
2.4012695130081914E-4     -0.06713068885364051
2.402970201776139E-4      -0.06699389742247194
2.4046708905440866E-4     -0.06685564279482469
2.4063715793120341E-4     -0.06671592497069859
2.408072268079982E-4      -0.06657576316972802
2.4097729568479294E-4     -0.06644453663700835
2.4114736456158772E-4     -0.06631063129611986
2.4131743343838247E-4     -0.0661750663666972
2.4148750231517722E-4     -0.0660378418487404
2.4165757119197197E-4     -0.0658989577422492
2.4182764006876672E-4     -0.06575944165944396
2.419977089455615E-4      -0.06562969652996642
2.4216777782235627E-4     -0.06549717679339173
2.4233784669915103E-4     -0.06536291006193845
2.425079155759458E-4      -0.06522689633560708
2.4267798445274055E-4     -0.06508913561439783
2.4284805332953533E-4     -0.06495093984000717
2.4301812220633008E-4     -0.0648228179051179
2.4318819108312486E-4     -0.06469159844375864
2.4335825995991958E-4     -0.06455859339762343
2.4352832883671433E-4     -0.06442380276671351
2.436983977135091E-4      -0.06428722655102881
2.4386846659030386E-4     -0.06415012596078287
2.4403853546709864E-4     -0.0640235097710503
2.442086043438934E-4      -0.06389373021171472
2.4437867322068814E-4     -0.06376204849298972
2.445487420974829E-4      -0.0636284646148756
2.447188109742777E-4      -0.06349297857737167
2.4488887985107244E-4     -0.06335671076404366
2.4505894872786725E-4     -0.06323173191303764
2.45229017604662E-4       -0.06310356852510532
2.4539908648145675E-4     -0.0629733409838115
2.455691553582515E-4      -0.06284104928915611
2.4573922423504625E-4     -0.06270669344113951
2.45909293111841E-4       -0.06257140274258739
2.4607936198863575E-4     -0.06244823406807684
2.4624943086543055E-4     -0.06232173948127541
2.4641949974222525E-4     -0.06219304828500864
2.4658956861902005E-4     -0.06206216047927725
2.467596374958148E-4      -0.061929076064080955
2.4692970637260955E-4     -0.06179501382704294
2.4709977524940436E-4     -0.06167376665240179
2.472698441261991E-4      -0.06154897102278766
2.4743991300299386E-4     -0.06142184572582331
2.476099818797886E-4      -0.06129239076150811
2.4778005075658336E-4     -0.061160606129842386
2.4795011963337816E-4     -0.061027665425521606
2.481201885101729E-4      -0.06090841969716569
2.482902573869677E-4      -0.060785460196625424
2.4846032626376247E-4     -0.06065996051859656
2.486303951405572E-4      -0.060531920663078366
2.48800464017352E-4       -0.0604013406300714
2.489705328941468E-4      -0.06026926450729442
2.491406017709416E-4      -0.06015223511999197
2.4931067064773633E-4     -0.06003130878141619
2.494807395245311E-4      -0.059907529579285704
2.4965080840132583E-4     -0.059780897513600495
2.498208772781206E-4      -0.05965141258436046
2.4999094615491533E-4     -0.059519969524778664
2.501610150317101E-4      -0.05940530823640916
2.503310839085049E-4      -0.0592865912510875
2.5050115278529964E-4     -0.0591647133020258
2.506712216620944E-4      -0.05903967438922464
2.508412905388892E-4      -0.05891147451268324
2.5101135941568394E-4     -0.058781217708237174
2.511814282924787E-4      -0.05866926371763141
2.5135149716927344E-4     -0.058552738023479496
2.515215660460682E-4      -0.05843274466161398
2.51691634922863E-4       -0.058309283632035434
2.5186170379965775E-4     -0.058182354934743594
2.520317726764525E-4      -0.05805294612553005
2.5220184155324725E-4     -0.057943691201576907
2.5237191043004205E-4     -0.05782953919228669
2.525419793068368E-4      -0.05771147765344908
2.5271204818363155E-4     -0.057589506585065106
2.528821170604263E-4      -0.05746362598713412
2.5305218593722105E-4     -0.057334694434404615
2.532222548140158E-4      -0.05722854492497747
2.533923236908106E-4      -0.057117060412336
2.5356239256760536E-4     -0.05700109947122816
2.5373246144440016E-4     -0.05688066210165363
2.539025303211949E-4      -0.05675574830361239
2.5407259919798966E-4     -0.05662725263991228
2.542426680747844E-4      -0.05652453240549971
2.5441273695157916E-4     -0.05641585112791998
2.545828058283739E-4      -0.05630210336998102
2.5475287470516866E-4     -0.056183289131682586
2.549229435819634E-4      -0.05605940841302487
2.5509301245875817E-4     -0.05593142908989959
2.552630813355529E-4      -0.05583216232051747
2.554331502123477E-4      -0.055726299956955876
2.5560321908914247E-4     -0.055614809875107
2.557732879659372E-4      -0.05549769207497043
2.55943356842732E-4       -0.055374946556546234
2.561134257195268E-4      -0.055247597427420046
2.562834945963215E-4      -0.055151720238124965
2.564535634731163E-4      -0.055048665632478705
2.56623632349911E-4       -0.05493945771806707
2.5679370122670583E-4     -0.05482409649488972
2.569637701035006E-4      -0.054702581962946736
2.5713383898029533E-4     -0.05457599175171177
2.573039078570901E-4      -0.05448344484483787
2.574739767338849E-4      -0.05438318916365387
2.5764404561067964E-4     -0.05427630233763385
2.578141144874744E-4      -0.054162784366777024
2.5798418336426914E-4     -0.0540426352510839
2.581542522410639E-4      -0.053917010825685244
2.5832432111785864E-4     -0.053827714598591474
2.5849438999465344E-4     -0.053730215428564966
2.586644588714482E-4      -0.05362566915073614
2.58834527748243E-4       -0.053514075765104835
2.5900459662503775E-4     -0.053395435271671274
2.591746655018325E-4      -0.05327096551877998
2.5934473437862725E-4     -0.05318481188709701
2.5951480325542205E-4     -0.05309003154448494
2.5968487213221675E-4     -0.052987842339288375
2.5985494100901155E-4     -0.05287824427150731
2.600250098858063E-4      -0.05276123734114161
2.6019507876260105E-4     -0.052638087665725086
2.603651476393958E-4      -0.052554999524461264
2.605352165161906E-4      -0.05246291721555767
2.6070528539298536E-4     -0.05236310685654833
2.608753542697801E-4      -0.05225556844743327
2.6104542314657486E-4     -0.05214030198821221
2.612154920233696E-4      -0.05201861472724895
2.6138556090016436E-4     -0.05193854068253128
2.615556297769591E-4      -0.05184914673384864
2.6172569865375386E-4     -0.051751740129565224
2.6189576753054867E-4     -0.05164632086968073
2.620658364073434E-4      -0.051532888954195
2.6223590528413817E-4     -0.051412789936668174
2.624059741609329E-4      -0.05133568776668006
2.625760430377277E-4      -0.05124897576420986
2.6274611191452247E-4     -0.051153999482817555
2.629161807913172E-4      -0.05105075892250235
2.63086249668112E-4       -0.05093925408326493
2.632563185449068E-4      -0.050820871972933675
2.634263874217016E-4      -0.05074669454869672
2.6359645629849633E-4     -0.05066265169984306
2.637665251752911E-4      -0.05057013043420144
2.6393659405208583E-4     -0.05046913075177199
2.641066629288806E-4      -0.05035965265255446
2.6427673180567533E-4     -0.05024312755791114
2.644468006824701E-4      -0.05017181187194476
2.646168695592649E-4      -0.050090414219768495
2.647869384360596E-4      -0.05000036602274528
2.649570073128544E-4      -0.04990166728087458
2.6512707618964914E-4     -0.04979431799415661
2.652971450664439E-4      -0.049679791089995096
2.654672139432387E-4      -0.0496112666093268
2.6563728282003344E-4     -0.04953248852478178
2.658073516968282E-4      -0.04944492976376372
2.6597742057362294E-4     -0.04934859032627198
2.661474894504177E-4      -0.04924347021230738
2.663175583272125E-4      -0.04913108288180096
2.6648762720400725E-4     -0.04906528083162542
2.6665769608080205E-4     -0.048989096872018925
2.668277649575968E-4      -0.048904044462913084
2.6699783383439155E-4     -0.04881012360430788
2.671679027111863E-4      -0.04870733429620333
2.6733797158798105E-4     -0.048597231956461553
2.675080404647758E-4      -0.04853407760007677
2.676781093415706E-4      -0.0484604555177488
2.6784817821836536E-4     -0.048377921127339595
2.6801824709516016E-4     -0.04828647442884911
2.681883159719549E-4      -0.048186115422277256
2.6835838484874966E-4     -0.048078442082210016
2.685284537255444E-4      -0.0480178577268991
2.6869852260233917E-4     -0.04794676251603707
2.688685914791339E-4      -0.04786675442420972
2.6903866035592867E-4     -0.0477778334514174
2.692087292327234E-4      -0.04767999959765972
2.6937879810951817E-4     -0.04757489560112224
2.695488669863129E-4      -0.04751680602221094
2.697189358631077E-4      -0.047448203372217064
2.6988900473990247E-4     -0.047370730389326425
2.700590736166972E-4      -0.047284387073539075
2.70229142493492E-4       -0.04718917342485477
2.703992113702868E-4      -0.047086775429385844
2.705692802470816E-4      -0.04703110088409358
2.7073934912387633E-4     -0.046964955367338676
2.7090941800067114E-4     -0.04689002486523362
2.710794868774659E-4      -0.0468063093777783
2.712495557542607E-4      -0.04671380890497284
2.7141962463105544E-4     -0.04661424682138386
2.715896935078502E-4      -0.0465609078115802
2.7175976238464494E-4     -0.04649718600258009
2.719298312614397E-4      -0.046424804768950015
2.7209990013823444E-4     -0.04634376411069024
2.722699690150292E-4      -0.046254064027800315
2.7244003789182394E-4     -0.04615746488089957
2.7261010676861875E-4     -0.04610638784065127
2.727801756454135E-4      -0.04604505636788938
2.7295024452220825E-4     -0.0459752308232329
2.73120313399003E-4       -0.04589691120668185
2.7329038227579775E-4     -0.04581009751823631
2.734604511525925E-4      -0.045716591929862535
2.7363052002938725E-4     -0.0456677010127029
2.7380058890618205E-4     -0.045608721170364054
2.7397065778297675E-4     -0.04554145457481249
2.7414072665977155E-4     -0.04546590122604829
2.743107955365663E-4      -0.04538206112407132
2.7448086441336105E-4     -0.04529177928754537
2.7465093329015586E-4     -0.045244992848272506
2.748210021669506E-4      -0.045188323622558986
2.7499107104374536E-4     -0.04512361662906847
2.751611399205401E-4      -0.0450508718678007
2.7533120879733486E-4     -0.044970089338755716
2.7550127767412966E-4     -0.04488315200063445
2.756713465509244E-4      -0.044838389804485214
2.758414154277192E-4      -0.04478399346159717
2.7601148430451397E-4     -0.0447218459306712
2.761815531813087E-4      -0.04465194721170722
2.7635162205810347E-4     -0.04457429730470537
2.765216909348982E-4      -0.044490810507195055
2.7669175981169297E-4     -0.044448003487805296
2.768618286884878E-4      -0.044395849167078796
2.770318975652825E-4      -0.04433626184254505
2.7720196644207733E-4     -0.04426924151420416
2.773720353188721E-4      -0.04419478818205593
2.7754210419566683E-4     -0.04411483876182891
2.777121730724616E-4      -0.04407393328847992
2.778822419492564E-4      -0.04402399966160752
2.7805231082605114E-4     -0.04396697479693984
2.782223797028459E-4      -0.043902858694476965
2.783924485796407E-4      -0.04383165135421872
2.7856251745643544E-4     -0.04375529928677399
2.787325863332302E-4      -0.04371626429177043
2.7890265521002494E-4     -0.043668544533624405
2.790727240868197E-4      -0.04361408652294424
2.7924279296361444E-4     -0.043552890259730234
2.794128618404092E-4      -0.043484955743982236
2.7958293071720394E-4     -0.04341222275425381
2.7975299959399875E-4     -0.04337506370300259
2.799230684707935E-4      -0.04332957341595656
2.800931373475883E-4      -0.043277691671669075
2.8026320622438305E-4     -0.04321941847014049
2.8043327510117786E-4     -0.04315475381137064
2.806033439779726E-4      -0.043085614117680845
2.8077341285476736E-4     -0.04305038497729031
2.809434817315621E-4      -0.04300716805811169
2.8111355060835686E-4     -0.0429578797824657
2.812836194851516E-4      -0.04290252015035262
2.8145368836194636E-4     -0.04284108916177248
2.816237572387411E-4      -0.04277546703298582
2.817938261155359E-4      -0.04274228008103681
2.8196389499233066E-4     -0.04270141108244855
2.821339638691254E-4      -0.0426547402534807
2.8230403274592016E-4     -0.042602267594133776
2.824741016227149E-4      -0.04254399310440737
2.8264417049950967E-4     -0.04248175352889948
2.828142391913719E-4      -0.042450769440394
2.8298430788323417E-4     -0.042412356820692505
2.831543765750964E-4      -0.0423683524143918
2.833244452669586E-4      -0.04231875622149232
2.8349451395882084E-4     -0.04226356824199379
2.8366458265068306E-4     -0.04220442128625673
2.8383338426156093E-4     -0.04217609217687343
2.8400218587243875E-4     -0.04214064897787336
2.841709874833166E-4      -0.042099724499616256
2.8433978909419444E-4     -0.042053318742102455
2.8450859070507225E-4     -0.042001431705331695
2.846773923159501E-4      -0.0419452772100382
2.8484226869974994E-4     -0.041920362629010076
2.850071450835497E-4      -0.04188870777426235
2.851720214673495E-4      -0.04185152646652846
2.853368978511493E-4      -0.04180881870580874
2.855017742349491E-4      -0.04176058449210295
2.856666506187489E-4      -0.04170776328740288
2.8582628449681633E-4     -0.041686698610433094
2.859859183748838E-4      -0.04165904091961413
2.861455522529512E-4      -0.04162572967693696
2.8630518613101863E-4     -0.04158676488240186
2.864648200090861E-4      -0.041542146536008566
2.8662445388715353E-4     -0.041492731925794765
2.8677901195100846E-4     -0.04147545609377674
2.869335700148634E-4      -0.04145152636531051
2.870881280787183E-4      -0.04142180002843333
2.872426861425732E-4      -0.04138627708314519
2.8739724420642814E-4     -0.041344957529446065
2.8755180227028307E-4     -0.04129867943124922
2.8770144591355165E-4     -0.04128499252605018
2.878510895568202E-4      -0.041264536249626324
2.8800073320008876E-4     -0.04123814866589083
2.8815037684335734E-4     -0.041205829774843585
2.8830002048662587E-4     -0.04116757957648466
2.8844966412989445E-4     -0.04112421997225438
2.885945496144342E-4      -0.041113783520356655
2.88739435098974E-4       -0.04109651409625113
2.888843205835137E-4      -0.04107323360137813
2.8902920606805346E-4     -0.04104394203573769
2.891740915525932E-4      -0.0410086393993298
2.8931897703713294E-4     -0.04096815962031043
2.894592556562055E-4      -0.04096055658322133
2.895995342752781E-4      -0.04094611037510372
2.897398128943506E-4      -0.0409256549241133
2.898800915134232E-4      -0.04089919023025023
2.900203701324957E-4      -0.0408667162935145
2.901606487515683E-4      -0.04082907800807781
2.9029646698782384E-4     -0.04082389028648983
2.904322852240794E-4      -0.04081194394294445
2.9056810346033497E-4     -0.04079408387161305
2.907039216965905E-4      -0.04077031007249583
2.9083973993284604E-4     -0.040740622545592686
2.909755581691016E-4      -0.04070585344610478
2.9110705784754005E-4     -0.04070257965895127
2.9123855752597843E-4     -0.040692781788059476
2.913700572044168E-4      -0.040677291988630425
2.915015568828552E-4      -0.040656110260664256
2.9163305656129364E-4     -0.04062923660416079
2.9176455623973203E-4     -0.04059755763117141
2.918918746758003E-4      -0.04059566366304217
2.9201919311186853E-4     -0.04058756692325092
2.921465115479368E-4      -0.0405741540238488
2.9227382998400504E-4     -0.040555424964835954
2.9240114842007324E-4     -0.04053137974621226
2.925284668561415E-4      -0.04050299405823074
2.926517369991221E-4      -0.04050197868515068
2.927750071421027E-4      -0.04049519181636694
2.928982772850833E-4      -0.04048360914213201
2.930215474280639E-4      -0.04046723066244602
2.9314481757104446E-4     -0.04044605637730896
2.932680877140251E-4      -0.04042119306471877
2.933874382858653E-4      -0.040420500336547684
2.935067888577056E-4      -0.040414597424995986
2.936261394295458E-4      -0.040404591108061196
2.93745490001386E-4       -0.04039048138574351
2.938648405732263E-4      -0.04037226825804278
2.9398419114506653E-4     -0.04035124497099107
2.940997467747933E-4      -0.04035021803266153
2.942153024045201E-4      -0.04034470074818017
2.943308580342469E-4      -0.04033598636357858
2.9444641366397365E-4     -0.040324074878856864
2.9456196929370047E-4     -0.04030896629401491
2.9467752492342723E-4     -0.04029217774948812
2.9478940627728807E-4     -0.04029001505129882
2.949012876311489E-4      -0.04028429457474474
2.950131689850097E-4      -0.040276533460260916
2.9512505033887053E-4     -0.04026673170784745
2.9523693169273136E-4     -0.04025488931750429
2.953488130465922E-4      -0.040242745056889684
2.9545713695405807E-4     -0.04023848778152287
2.95565460861524E-4       -0.040231884496196996
2.956737847689898E-4      -0.040224673968570046
2.957821086764557E-4      -0.04021685619864219
2.958904325839216E-4      -0.04020843118641329
2.9599875649138744E-4     -0.04020133871633882
2.961036360671493E-4      -0.04019383070531445
2.9620851564291114E-4     -0.04018551429268212
2.96313395218673E-4       -0.040178329262896884
2.964182747944348E-4      -0.04017227561595888
2.9652315437019667E-4     -0.040167353351867996
2.966280339459585E-4      -0.04016562969530904
2.967295787080446E-4      -0.04015341085207154
2.968311234701307E-4      -0.040142330059734374
2.9693266823221676E-4     -0.040134454542982034
2.9703421299430286E-4     -0.04012978430181462
2.971357577563889E-4      -0.04012831933623209
2.97237302518475E-4       -0.040132193016457395
2.9733561850261254E-4     -0.04011341115470024
2.9743393448675013E-4     -0.04009812268656344
2.975322504708876E-4      -0.04008846098226967
2.976305664550252E-4      -0.04008442604181907
2.9772888243916274E-4     -0.04008601786521156
2.9782719842330027E-4     -0.040095488475223484
2.979223882936408E-4      -0.04006743987944035
2.9801757816398135E-4     -0.0400457462368738
2.9811276803432186E-4     -0.040032659570299965
2.9820795790466237E-4     -0.04002817987971896
2.9830314777500293E-4     -0.04003230716513072
2.9839833764534345E-4     -0.04004920836272406
2.9849050080166744E-4     -0.04000664908532824
2.985826639579914E-4      -0.03997346273155515
2.9867482711431526E-4     -0.03995381623759345
2.9876699027063926E-4     -0.03994770960344319
2.988591534269632E-4      -0.03995514282910431
2.9895131658328714E-4     -0.03999001357064899
2.990405492601034E-4      -0.03991312880031151
2.991297819369197E-4      -0.03985045474583109
2.99219014613736E-4       -0.03981588906327974
2.9930824729055227E-4     -0.03980943175265753
2.9939747996736855E-4     -0.03983108281396441
2.994867126441848E-4      -0.03984257735958045
2.9957226053682064E-4     -0.03977432883305749
2.9965780842945656E-4     -0.039688746772896286
2.997433563220924E-4      -0.03954756629147688
2.9982890421472824E-4     -0.03935078738879933
2.999144521073641E-4      -0.039098410064863566
3.0E-4                    -0.03879043431966967
