% Model:              PLacek_MembTVNJ_ArticleDims_Rh100um_hg10um_To2MHz_PHedit.mph
% Version:            COMSOL 6.3.0.420
% Date:               Aug 12 2025, 09:40
% Dimension:          1
% Nodes:              1801
% Expressions:        1
% Description:        Line graph
% Arc length (m)          imag(p)
0                         NaN
1.6835192320072636E-7     -0.0051830245778881345
3.367038464014527E-7      -0.005182559280144919
5.050557696021791E-7      -0.005183498586689624
6.734076928029054E-7      -0.005185842497533999
8.417596160036319E-7      -0.005189591012676364
1.0101115392043582E-6     -0.0051906677914171865
1.1801802473622774E-6     -0.0051887113240838304
1.3502489555201964E-6     -0.0051898868810529575
1.5203176636781154E-6     -0.005190118121607887
1.6903863718360344E-6     -0.005189405045752438
1.8604550799939534E-6     -0.00518774765348825
2.0305237881518723E-6     -0.005184914297113565
2.200592664946635E-6      -0.00519007445835252
2.370661541741397E-6      -0.005193752171151643
2.5407304185361593E-6     -0.005195715787827912
2.710799295330922E-6      -0.005195965308366359
2.880868172125684E-6      -0.005194500732771431
3.0509370489204466E-6     -0.005190938408696408
3.2210059257152087E-6     -0.005197072781542213
3.3910748025099717E-6     -0.005201702383015422
3.5611436793047335E-6     -0.005204443560754112
3.731212556099496E-6      -0.00520529631476481
3.901281432894258E-6      -0.005204260645045954
4.07135030968902E-6       -0.005201056620333737
4.2414191864837825E-6     -0.005207904861785594
4.411488063278545E-6      -0.005213081473104407
4.581556940073307E-6      -0.005216306523007933
4.751625816868069E-6      -0.005217580011486415
4.921694693662831E-6      -0.005216901938560587
5.091763570457593E-6      -0.005213950751660065
5.261832447252356E-6      -0.005221210302676014
5.4319013240471185E-6     -0.005226769533397314
5.601970200841881E-6      -0.005230306891265373
5.772039077636643E-6      -0.0052318223762785636
5.942107954431407E-6      -0.005231315988445424
6.112176831226169E-6      -0.005228593738949263
6.282245708020931E-6      -0.005236564411186847
6.452314584815693E-6      -0.00524261116856677
6.622383461610455E-6      -0.005246540022276003
6.7924523384052175E-6     -0.005248350972301535
6.96252121519998E-6       -0.005248044018659223
7.132590091994742E-6      -0.005245473546621575
7.302658968789505E-6      -0.005254150444835356
7.472727845584267E-6      -0.005260748901081469
7.642796722379028E-6      -0.005265123300644213
7.812865599173792E-6      -0.005267273643517082
7.982934475968554E-6      -0.005267199929704145
8.153003352763316E-6      -0.005264792057739802
8.323072229558079E-6      -0.005274206434506019
8.493141106352842E-6      -0.0052814019008867695
8.663209983147605E-6      -0.005286268355421337
8.833278859942367E-6      -0.005288805798103217
9.003347736737129E-6      -0.005289014228944608
9.173416613531891E-6      -0.0052868166361648185
9.343485490326653E-6      -0.005296941221247394
9.513554367121415E-6      -0.005304722948554152
9.683623243916178E-6      -0.0053100848062995285
9.853692120710938E-6      -0.00531302679449084
1.00237609975057E-5       -0.00531354891312524
1.0193829874300462E-5     -0.005311612620327289
1.0363898751095225E-5     -0.005322407035497501
1.0533967627889988E-5     -0.005330746990264857
1.070403650468475E-5      -0.0053365939427413136
1.0874105381479513E-5     -0.0053399478929203655
1.1044174258274277E-5     -0.005340808840816243
1.1214243135069039E-5     -0.005339179730240022
1.1384312011863803E-5     -0.005350602093296338
1.1554380888658565E-5     -0.0053594747653950975
1.1724449765453327E-5     -0.005365800690377868
1.1894518642248089E-5     -0.005369579868251155
1.2064587519042851E-5     -0.005370812299001137
1.2234656395837613E-5     -0.0053695386550837165
1.2404725272632376E-5     -0.005381543532146494
1.257479414942714E-5      -0.005390927160848045
1.27448630262219E-5       -0.005397730213616627
1.2914931903016664E-5     -0.005401952690465249
1.3085000779811424E-5     -0.005403594591386188
1.3255069656606186E-5     -0.0054027292491768825
1.3425138533400948E-5     -0.005415269885629166
1.3595207410195712E-5     -0.005425141676951141
1.3765276286990473E-5     -0.005432417955931711
1.3935345163785237E-5     -0.005437098722579006
1.4105414040579997E-5     -0.0054391839768893665
1.427548291737476E-5      -0.005438778097789609
1.4445551794169521E-5     -0.005451814587605883
1.4615620670964285E-5     -0.005462153027344272
1.4785689547759046E-5     -0.005469897795928746
1.495575842455381E-5      -0.005475048893379634
1.5125827301348572E-5     -0.0054776063196778245
1.5295896178143334E-5     -0.005477704101408801
1.5465965054938098E-5     -0.005491204046919301
1.5636033931732858E-5     -0.0055019913867152435
1.580610280852762E-5      -0.005510200147361377
1.5976171685322383E-5     -0.005515830328865019
1.6146240562117146E-5     -0.005518881931230233
1.6316309438911907E-5     -0.005519515280278012
1.648637831570667E-5      -0.005533457661669577
1.665644719250143E-5      -0.005544684863361035
1.6826516069296195E-5     -0.005553357211164431
1.6996584946090956E-5     -0.005559474705100091
1.716665382288572E-5      -0.005563037345153788
1.733672269968048E-5      -0.0055642279201868206
1.7506791576475244E-5     -0.005578604835952165
1.7676860453270008E-5     -0.005590268693745208
1.7846929330064768E-5     -0.005599402282397572
1.8016998206859532E-5     -0.00560600560192796
1.8187067083654292E-5     -0.00561007865233027
1.8357135960449056E-5     -0.005611817934764215
1.852720483724382E-5      -0.0056266464092759325
1.8697273714038584E-5     -0.00563876504430251
1.8867342590833344E-5     -0.005648370341015448
1.9037411467628108E-5     -0.005655462299400109
1.9207480344422872E-5     -0.005660040919473163
1.9377549221217633E-5     -0.0056623141888001985
1.9547618098012396E-5     -0.005677624129358628
1.9717686974807157E-5     -0.005690219307661101
1.9887755851601917E-5     -0.005700307711283372
2.005782472839668E-5      -0.005707889340225441
2.0227893605191438E-5     -0.005712964194486901
2.0397962481986202E-5     -0.005715750698282962
2.0568031358780966E-5     -0.005731571563527539
2.073810023557573E-5      -0.005744664857425336
2.090816911237049E-5      -0.005755249004193595
2.1078237989165254E-5     -0.005763324003825811
2.1248306865960018E-5     -0.005768889856328491
2.141837574275478E-5      -0.005772176484698026
2.1588444619549542E-5     -0.005788533621143477
2.1758513496344303E-5     -0.00580214304135641
2.1928582373139063E-5     -0.005813234668328339
2.2098651249933827E-5     -0.005821808502071461
2.2268720126728584E-5     -0.005827864542581711
2.2438789003523348E-5     -0.0058316453801541875
2.2608857880318112E-5     -0.005848559702406124
2.2778926757112876E-5     -0.005862699950129362
2.2948995633907636E-5     -0.005874308713623069
2.3119064510702397E-5     -0.005883385992897001
2.3289133387497164E-5     -0.005889931787943435
2.3459202264291924E-5     -0.005894199668800055
2.3629271141086688E-5     -0.005911692712718147
2.379934001788145E-5      -0.005926381569525749
2.396940889467621E-5      -0.005938519809259327
2.4139477771470973E-5     -0.0059481074319270135
2.4309546648265737E-5     -0.0059551444375157995
2.4479615525060497E-5     -0.005959896691379137
2.464968440185526E-5      -0.0059779906913421535
2.481975327865002E-5      -0.005993244822803864
2.4989822155444785E-5     -0.006005924951101463
2.515989103223955E-5      -0.00601603107622194
2.532995990903431E-5      -0.006023563198181151
2.5500028785829074E-5     -0.006028802146339957
2.5670097662623834E-5     -0.006047517374355415
2.5840166539418598E-5     -0.00606335099427978
2.6010235416213362E-5     -0.006076583835467815
2.6180304293008122E-5     -0.006087215897925209
2.6350373169802883E-5     -0.006095247181651559
2.6520442046597647E-5     -0.006100976316018293
2.669051092339241E-5      -0.006120332738516979
2.686057980018717E-5      -0.006136760633894864
2.703064867698193E-5      -0.0061505586315205325
2.7200717553776692E-5     -0.00616172673140049
2.7370786430571456E-5     -0.0061702649335375805
2.7540855307366216E-5     -0.006176491682991266
2.771092418416098E-5      -0.006196506606053126
2.7880993060955744E-5     -0.006213542423636812
2.8051061937750504E-5     -0.006227917580810322
2.8221130814545265E-5     -0.00623963207758504
2.839119969134003E-5      -0.006248685913943485
2.8561268568134793E-5     -0.006255418342768262
2.8731337444929556E-5     -0.006276106741922741
2.890140632172432E-5      -0.006293763960006895
2.907147519851908E-5      -0.006308729249895607
2.9241544075313845E-5     -0.0063210026115896895
2.9411612952108605E-5     -0.00633058404508711
2.958168182890337E-5      -0.006337831981584566
2.975175070569813E-5      -0.006359204883729526
2.9921819582492897E-5     -0.006377497392667831
3.0091888459287654E-5     -0.006393067939594148
3.0261957336082418E-5     -0.006405916524517419
3.0432026212877178E-5     -0.0064160431474315485
3.060209508967194E-5      -0.006423823301007544
3.07721639664667E-5       -0.006445889719121819
3.0942232843261466E-5     -0.0064648278458055404
3.111230172005623E-5      -0.006481013173717116
3.1282370596850994E-5     -0.006494445702869556
3.145243947364575E-5      -0.006505125433255948
3.1622508350440515E-5     -0.006513440201690252
3.179257722723528E-5      -0.006536224888934164
3.196264610403004E-5      -0.00655583124354362
3.21327149808248E-5       -0.00657264710232648
3.2302783857619563E-5     -0.006586672465284369
3.247285273441433E-5      -0.006597907332413224
3.264292161120909E-5      -0.006606750574766611
3.2812990488003855E-5     -0.006630293233825283
3.298305936479862E-5      -0.006650598594891368
3.315312824159338E-5      -0.006668065529010302
3.332319711838814E-5      -0.006682694036182897
3.3493265995182904E-5     -0.006694484116406715
3.366333487197767E-5      -0.006703847274852438
3.383340374877243E-5      -0.0067281881782730885
3.400347262556719E-5      -0.006749222225872021
3.417354150236195E-5      -0.006767360922813412
3.434361037915671E-5      -0.006782604269094822
3.4513679255951466E-5     -0.006794952264715848
3.468374813274623E-5      -0.0068048331845182945
3.4853817009540994E-5     -0.006830011060722678
3.502388588633576E-5      -0.006851802106420388
3.519395476313052E-5      -0.006870634596453638
3.5364023639925286E-5     -0.0068865085308142965
3.553409251672005E-5      -0.006899423909499519
3.5704161393514813E-5     -0.0069098274110153835
3.587423027030958E-5      -0.0069358731603155884
3.604429914710434E-5      -0.0069584461534883315
3.6214368023899105E-5     -0.0069779930690132665
3.638443690069387E-5      -0.006994513906899336
3.655450577748863E-5      -0.007008008667137599
3.672457465428339E-5      -0.007018942559562881
3.6894643531078154E-5     -0.007045885413579042
3.706471240787292E-5      -0.007069266210966922
3.7234781284667675E-5     -0.007089550161541832
3.740485016146244E-5      -0.007106737265316785
3.7574919038257195E-5     -0.007120827522278361
3.774498791505196E-5      -0.007132305859256807
3.791505679184672E-5      -0.0071601710564865645
3.808512566864148E-5      -0.007184382691872033
3.8255194545436244E-5     -0.007205425692239792
3.842526342223101E-5      -0.007223300057581715
3.8595332299025765E-5     -0.00723800578790471
3.876540117582053E-5      -0.007250051578421816
3.893547005261529E-5      -0.007278862329168568
3.910553892941006E-5      -0.007303924058000194
3.927560780620482E-5      -0.007325745460117947
3.9445676682999584E-5     -0.007344326535527109
3.961574555979435E-5      -0.007359667284228088
3.978581443658911E-5      -0.007372301147826803
3.995588331338387E-5      -0.007402088010140927
4.012595219017863E-5      -0.007428025864236873
4.02960210669734E-5       -0.00745064815170958
4.0466089943768154E-5     -0.007469954872559051
4.063615882056292E-5      -0.007485946026784878
4.0806227697357675E-5     -0.007499179253442691
4.097629657415244E-5      -0.0075299860121579515
4.11463654509472E-5       -0.007556835699721507
4.1316434327741966E-5     -0.007580285955179631
4.148650320453673E-5      -0.007600336778530291
4.165657208133149E-5      -0.00761698816977796
4.182664095812625E-5      -0.007630823229017894
4.1996709834921015E-5     -0.007662706607268762
4.216677871171578E-5      -0.007690511528245092
4.233684758851054E-5      -0.007714821092049865
4.2506916465305307E-5     -0.00773563529867048
4.267698534210007E-5      -0.007752954148113441
4.2847054218894834E-5     -0.007767390939916274
4.30171230956896E-5       -0.00780041078194414
4.3187191972484355E-5     -0.007829216076760811
4.335726084927912E-5      -0.007854420123889995
4.3527329726073876E-5     -0.007876022923339821
4.369739860286864E-5      -0.007894024475103782
4.38674674796634E-5       -0.007909070303975516
4.403753635645816E-5      -0.007943276815827937
4.4207605233252925E-5     -0.007973124010609624
4.437767411004769E-5      -0.007999257413115832
4.454774298684245E-5      -0.008021677023342494
4.471781186363721E-5      -0.008040382841292862
4.4887880740431973E-5     -0.008056055843684039
4.505794961722674E-5      -0.008091502943569417
4.52280184940215E-5       -0.008122433550512835
4.539808737081626E-5      -0.008149528641210248
4.556815624761102E-5      -0.008172788215678732
4.5738225124405786E-5     -0.008192212273907717
4.590829400120055E-5      -0.0082085100446244
4.6078362877995314E-5     -0.008245231548934204
4.624843175479008E-5      -0.008277297238152534
4.641850063158484E-5      -0.00830541634098951
4.65885695083796E-5       -0.008329588857442288
4.675863838517436E-5      -0.008349814787516964
4.6928707261969126E-5     -0.008366785156575778
4.709877613876389E-5      -0.008404738112979662
4.7268845015558654E-5     -0.00843794583078569
4.743891389235341E-5      -0.008467099335337
4.7608982769148175E-5     -0.008492198626650665
4.777905164594294E-5      -0.008513243704720992
4.79491205227377E-5       -0.00853098087580101
4.8119189399532466E-5     -0.008570304567579247
4.828925827632723E-5      -0.008604698129315871
4.845932715312199E-5      -0.008634907867265541
4.8629396029916744E-5     -0.008660933781427443
4.8799464906711515E-5     -0.00868277587180971
4.896953378350627E-5      -0.008701215816815117
4.9139602660301036E-5     -0.008742022034997627
4.93096715370958E-5       -0.008777708720001975
4.947974041389056E-5      -0.008809057550231753
4.9649809290685314E-5     -0.008836068525706883
4.981987816748008E-5      -0.008858741646410694
4.998994704427484E-5      -0.008877897905373616
5.0160015921069605E-5     -0.008920241929624189
5.033008479786437E-5      -0.008957270450175275
5.050015367465913E-5      -0.00898980446003006
5.067022255145389E-5      -0.009017843959208058
5.0840291428248654E-5     -0.009041388947700325
5.101036030504342E-5      -0.009061300656962094
5.1180429181838175E-5     -0.00910523835920158
5.135049805863294E-5      -0.009143661385477172
5.15205669354277E-5       -0.009177430967250612
5.169063581222245E-5      -0.009206547104529212
5.1860704689017224E-5     -0.00923100979729509
5.203077356581198E-5      -0.009251716572674184
5.2200842442606745E-5     -0.009297310777179843
5.237091131940151E-5      -0.009337188225544768
5.254098019619627E-5      -0.009372246444877831
5.2711049072991036E-5     -0.009402485435187569
5.28811179497858E-5       -0.009427905196463004
5.3051186826580564E-5     -0.009449435808834995
5.322125570337533E-5      -0.009496773552542533
5.339132458017009E-5      -0.00953818077514378
5.3561393456964855E-5     -0.00957458755675293
5.373146233375962E-5      -0.009605993897376893
5.390153121055438E-5      -0.009632399797016482
5.407160008734914E-5      -0.009654762405168379
5.4241668964143904E-5     -0.009703961123055379
5.441173784093867E-5      -0.009746993705305225
5.4581806717733425E-5     -0.009784817301413779
5.475187559452819E-5      -0.00981743191138186
5.492194447132294E-5      -0.009844837535213528
5.50920133481177E-5       -0.009868007467108315
5.526208222491247E-5      -0.009919225527645532
5.543215110170724E-5      -0.009964007951928191
5.5602219978501995E-5     -0.010003328034151755
5.577228885529676E-5      -0.010037185774315007
5.594235773209153E-5      -0.01006558117242038
5.611242660888629E-5      -0.010089475860279168
5.628249548568105E-5      -0.010142922926254174
5.6452564362475814E-5     -0.010189622115429555
5.662263323927058E-5      -0.010230535059606033
5.679270211606533E-5      -0.010265661758786855
5.69627709928601E-5       -0.010295002212967959
5.7132839869654856E-5     -0.010319472164205822
5.730290874644962E-5      -0.01037542194557753
5.747297762324438E-5      -0.010424247859754102
5.764304650003915E-5      -0.010466865648785316
5.781311537683391E-5      -0.010503275312680721
5.7983184253628675E-5     -0.01053347685142733
5.815325313042344E-5      -0.01055830413454217
5.83233220072182E-5       -0.010617105217772416
5.8493390884012966E-5     -0.010668317541110629
5.866345976080773E-5      -0.010712774974076744
5.8833528637602494E-5     -0.010750477516668834
5.900359751439725E-5      -0.010781425168886947
5.9173666391192015E-5     -0.010806344279611347
5.934373526798678E-5      -0.010868411530615423
5.951380414478154E-5      -0.010922308046397764
5.96838730215763E-5       -0.010968760175839502
5.9853941898371064E-5     -0.011007767918941145
6.0024010775165814E-5     -0.0110393312757033
6.019407965196058E-5      -0.011064058994312839
6.036414852875534E-5      -0.011129876646685693
6.0534217405550106E-5     -0.011186791464331741
6.070428628234486E-5      -0.011235412195445072
6.087435515913962E-5      -0.01127573884001684
6.104442403593438E-5      -0.01130777139805139
6.121449291272915E-5      -0.011332062600190184
6.138456178952391E-5      -0.011402187492025284
6.155463066631868E-5      -0.01146246702220851
6.172469954311344E-5      -0.011513453921389987
6.18947684199082E-5       -0.011555148189559954
6.206483729670297E-5      -0.011587549826726218
6.223490617349773E-5      -0.01161124454474484
6.24049750502925E-5       -0.011686145436113333
6.257504392708726E-5      -0.01175007631922917
6.274511280388202E-5      -0.011803622905951591
6.291518168067679E-5      -0.011846785196269213
6.308525055747155E-5      -0.011879563190188545
6.325531943426631E-5      -0.011902628083059643
6.342538831106108E-5      -0.011982578276198197
6.359545718785583E-5      -0.012050354540082771
6.376552606465059E-5      -0.012106628070065049
6.393559494144536E-5      -0.012151398866135277
6.41056638182401E-5       -0.012184666928300772
6.427573269503487E-5      -0.01220720184568173
6.444580157182963E-5      -0.012292352517644855
6.461587044862441E-5      -0.01236411456418962
6.478593932541916E-5      -0.01242325757443459
6.495600820221393E-5      -0.012469781548381392
6.512607707900869E-5      -0.012503686486025962
6.529614595580345E-5      -0.012525814106986468
6.546621483259822E-5      -0.012616330081415692
6.5636283709393E-5        -0.01269225108784649
6.580635258618774E-5      -0.012754418845889706
6.597642146298251E-5      -0.01280283335554453
6.614649033977727E-5      -0.012837494616807709
6.631655921657204E-5      -0.012859275795128425
6.64866280933668E-5       -0.012955411840591883
6.665669697016156E-5      -0.013035734218089012
6.682676584695633E-5      -0.01310111609307225
6.699683472375108E-5      -0.013151557465529398
6.716690360054584E-5      -0.013187058335464519
6.73369724773406E-5       -0.013208484046088282
6.750704135413537E-5      -0.013310603491019288
6.767711023093013E-5      -0.013395639434430708
6.784717910772488E-5      -0.013464457219524259
6.801724798451965E-5      -0.013517056846304413
6.818731686131441E-5      -0.0135534383147667
6.835738573810918E-5      -0.01357442649766781
6.852745461490394E-5      -0.013683017694703517
6.86975234916987E-5       -0.013773158953747243
6.886759236849347E-5      -0.013845675147547958
6.903766124528822E-5      -0.013900566276103626
6.920773012208298E-5      -0.013937832339411404
6.937779899887774E-5      -0.013958230571616794
6.954786787567251E-5      -0.014073894890098748
6.971793675246727E-5      -0.014169609312202198
6.988800562926202E-5      -0.014246131072066551
7.005807450605679E-5      -0.014303460169690588
7.022814338285155E-5      -0.0143415966050739
7.039821225964631E-5      -0.014361213185600765
7.056828113644108E-5      -0.014484645199562392
7.073835001323584E-5      -0.014586460443425145
7.09084188900306E-5       -0.014667331724557444
7.107848776682537E-5      -0.014727259042960511
7.124855664362013E-5      -0.014766242398645317
7.14186255204149E-5       -0.014784876455564248
7.158869439720966E-5      -0.014916876074264307
7.175876327400443E-5      -0.015025377033551092
7.192883215079919E-5      -0.015110973997385521
7.209890102759395E-5      -0.015173666965764743
7.226896990438872E-5      -0.015213455938696486
7.243903878118348E-5      -0.01523088457147412
7.260910765797824E-5      -0.015372376382840875
7.277917653477301E-5      -0.015488225315538113
7.294924541156777E-5      -0.015578975024858794
7.311931428836252E-5      -0.015644625510805362
7.32893831651573E-5       -0.015685176773383918
7.345945204195205E-5      -0.015701138828398856
7.362952091874681E-5      -0.015853130814667334
7.379958979554158E-5      -0.015977066884842846
7.396965867233633E-5      -0.016073457054739344
7.413972754913108E-5      -0.016142301324352966
7.430979642592586E-5      -0.016183599693684728
7.44798653027206E-5       -0.016197831137189492
7.464993417951538E-5      -0.01636134872229101
7.482000305631013E-5      -0.016494154228586785
7.499007193310491E-5      -0.01659672663052466
7.516014080989968E-5      -0.01666906592810433
7.533020968669444E-5      -0.01671117212132043
7.55002785634892E-5       -0.016723492499366617
7.567034744028397E-5      -0.016899537006781616
7.584041631707873E-5      -0.017041997373075848
7.601048519387348E-5      -0.017151320887430852
7.618055407066824E-5      -0.017227507549847434
7.6350622947463E-5        -0.01727055736032125
7.652069182425776E-5      -0.01728090957573253
7.669076070105252E-5      -0.01747052603649538
7.686082957784729E-5      -0.017623441915910386
7.703089845464205E-5      -0.017740096470842296
7.72009673314368E-5       -0.017820489701293244
7.737103620823156E-5      -0.01786462160725932
7.754110508502633E-5      -0.017872915859542933
7.771117396182109E-5      -0.01807729144909991
7.788124283861586E-5      -0.018241586312134205
7.805131171541062E-5      -0.018366224119438633
7.822138059220538E-5      -0.018451204871015932
7.839144946900015E-5      -0.01849652856686077
7.856151834579491E-5      -0.01850251590545616
7.873158722258968E-5      -0.018722966414097018
7.890165609938444E-5      -0.018899724584801974
7.907172497617919E-5      -0.019033111116047576
7.924179385297395E-5      -0.01912312600783749
7.941186272976872E-5      -0.019169769260170496
7.958193160656348E-5      -0.01917313038589001
7.975200048335824E-5      -0.01941103934193475
7.992206936015301E-5      -0.01960143954011157
8.009213823694777E-5      -0.019744420493246415
8.026220711374252E-5      -0.019839982201344166
8.04322759905373E-5       -0.01988812466440238
8.060234486733205E-5      -0.019888580334486976
8.077241374412683E-5      -0.020145429161629275
8.094248262092158E-5      -0.020350725679596622
8.111255149771634E-5      -0.02050420234044762
8.12826203745111E-5       -0.02060585914418918
8.145268925130588E-5      -0.02065569609081316
8.162275812810063E-5      -0.020652923171934748
8.179282700489541E-5      -0.020930400250848386
8.196289588169016E-5      -0.021152019490745914
8.213296475848491E-5      -0.02131699088323519
8.230303363527969E-5      -0.021425314428317844
8.247310251207444E-5      -0.021476990125990823
8.26431713888692E-5       -0.02147045897451405
8.281324026566398E-5      -0.0217705816220966
8.298330914245874E-5      -0.02201023934853151
8.31533780192535E-5       -0.02218787315207118
8.332344689604827E-5      -0.02230348303272415
8.349351577284304E-5      -0.02235706899047984
8.36635846496378E-5       -0.022345941895005304
8.383365352643258E-5      -0.022671011399835645
8.400372240322733E-5      -0.022930755958486326
8.417379128002208E-5      -0.023122486440617075
8.434386015681686E-5      -0.023246202846226263
8.45139290336116E-5       -0.023301905175311652
8.468399791040637E-5      -0.023285230355783056
8.485406678720113E-5      -0.023637703537604637
8.50241356639959E-5       -0.02391982526626569
8.519420454079065E-5      -0.024127232469662804
8.536427341758541E-5      -0.024259925147806144
8.553434229438016E-5      -0.024317903300688195
8.570441117117493E-5      -0.024294553272058206
8.587448004796969E-5      -0.02467734380350955
8.604454892476445E-5      -0.02498451881680996
8.621461780155922E-5      -0.02520946465569264
8.638468667835397E-5      -0.025352181320161652
8.655475555514873E-5      -0.02541266881021537
8.67248244319435E-5       -0.025381282682166155
8.689489330873826E-5      -0.025797601259450895
8.706496218553302E-5      -0.02613299770747371
8.723503106232779E-5      -0.026377827582540862
8.740509993912255E-5      -0.026532090884653966
8.757516881591731E-5      -0.026595787613809783
8.774523769271208E-5      -0.02655530939858472
8.791530656950684E-5      -0.02700841053145229
8.80853754463016E-5       -0.027375444228464087
8.825544432309636E-5      -0.027642802118187596
8.842551319989112E-5      -0.027810484200630134
8.859558207668588E-5      -0.027878490475788036
8.876565095348065E-5      -0.027828248889745447
8.893571983027541E-5      -0.028321774855574407
8.910578870707019E-5      -0.028724374624236076
8.927585758386494E-5      -0.029017476141811965
8.94459264606597E-5       -0.029201079408306338
8.961599533745447E-5      -0.029275184423709574
8.978606421424923E-5      -0.029215431606382243
8.9956133091044E-5        -0.029753119638544233
9.012620196783876E-5      -0.03019546835742621
9.029627084463352E-5      -0.030518118181382507
9.046633972142827E-5      -0.03072106911041047
9.063640859822305E-5      -0.030804321144506035
9.08064774750178E-5       -0.03073716557112114
9.097654635181258E-5      -0.031322197740057046
9.114661522860733E-5      -0.03180827679443886
9.131668410540209E-5      -0.0321646940217111
9.148675298219686E-5      -0.03239144942187023
9.165682185899162E-5      -0.03248854299492086
9.182689073578638E-5      -0.03241867394768747
9.199695961258116E-5      -0.03305325489770611
9.216702848937591E-5      -0.03358649751328416
9.233709736617066E-5      -0.033981101001256106
9.250716624296544E-5      -0.03423706536161828
9.267723511976019E-5      -0.034354390594370454
9.284730399655495E-5      -0.03428943911992294
9.301737287334972E-5      -0.03497455186870054
9.31874417501445E-5       -0.03555747787364115
9.335751062693924E-5      -0.03599457955515948
9.3527579503734E-5        -0.036285856913250966
9.369764838052876E-5      -0.03643130994791587
9.386771725732352E-5      -0.03638201861279716
9.403778613411829E-5      -0.03711702664939942
9.420785501091305E-5      -0.03775057886265793
9.43779238877078E-5       -0.03823375520622259
9.454799276450256E-5      -0.03856655568009352
9.471806164129733E-5      -0.03874898028426482
9.488813051809209E-5      -0.03872902772712862
9.505819939488686E-5      -0.039511075900927464
9.522826827168162E-5      -0.04019365102699987
9.539833714847638E-5      -0.04072475181373446
9.556840602527113E-5      -0.04110437826113102
9.57384749020659E-5       -0.04133253036918908
9.590854377886066E-5      -0.04135775030940123
9.607861265565543E-5      -0.04218092301234801
9.62486815324502E-5       -0.04290718630390049
9.641875040924495E-5      -0.04348508235556021
9.658881928603972E-5      -0.043914611167323404
9.675888816283448E-5      -0.04419577273919173
9.692895703962925E-5      -0.04428259965313886
9.709902591642401E-5      -0.04513694420205368
9.726909479321879E-5      -0.04589680257859275
9.743916367001354E-5      -0.046516207364732706
9.76092325468083E-5       -0.04699515856047289
9.777930142360306E-5      -0.047333656165814496
9.794937030039783E-5      -0.04749663703272884
9.811943917719258E-5      -0.04836762409418678
9.828950805398736E-5      -0.049146207609729244
9.84595769307821E-5       -0.04979732443133024
9.862964580757686E-5      -0.050320974558993196
9.879971468437162E-5      -0.05071715799271403
9.896978356116637E-5      -0.05096592920777812
9.913985243796113E-5      -0.051835095389476754
9.930992131475591E-5      -0.052614428811134414
9.947999019155066E-5      -0.05328398394800125
9.965005906834544E-5      -0.05384376080009725
9.982012794514019E-5      -0.054293759367414984
9.999019682193495E-5      -0.054630501528734866
1.0016026569872972E-4     -0.05547806358670262
1.003303345755245E-4      -0.05624040647302623
1.0050040345231925E-4     -0.05691405206644156
1.0067047232911402E-4     -0.057499000366968187
1.0084054120590877E-4     -0.05799525137459526
1.0101061008270354E-4     -0.05841377320082812
1.011806789594983E-4      -0.0592227072661789
1.0135074783629308E-4     -0.05995433095263959
1.0152081671308783E-4     -0.0606196123716827
1.016908855898826E-4      -0.061218551523320196
1.0186095446667736E-4     -0.0617511484075464
1.0203102334347212E-4     -0.062238159664991216
1.0220109222026688E-4     -0.06299755828034283
1.0237116109706166E-4     -0.06369113282185108
1.0254122997385641E-4     -0.06433963993009621
1.0271129885065116E-4     -0.06494307960510003
1.0288136772744593E-4     -0.06550145184685494
1.0305143660424069E-4     -0.06603965316676624
1.0322150548103545E-4     -0.06674589196985031
1.0339157435783022E-4     -0.06740047894581928
1.0356164323462497E-4     -0.06802831060603907
1.0373171211141973E-4     -0.06862938695052459
1.0390178098821448E-4     -0.0692037079792711
1.0407184986500925E-4     -0.06977537459251276
1.0424191874180401E-4     -0.0704310309015383
1.0441198761859879E-4     -0.07105019209652244
1.0458205649539355E-4     -0.07165695907766062
1.047521253721883E-4      -0.07225133184497373
1.0492219424898308E-4     -0.07283331039845568
1.0509226312577784E-4     -0.07342302200647374
1.052623320025726E-4      -0.07403458166079326
1.0543240087936737E-4     -0.07462394485451582
1.0560246975616213E-4     -0.07521123885596574
1.0577253863295688E-4     -0.07579646366516228
1.0594260750975165E-4     -0.07637961928210212
1.0611267638654641E-4     -0.07697557752868414
1.0628274526334116E-4     -0.07755098991637355
1.0645281414013594E-4     -0.07811629733720059
1.0662288301693069E-4     -0.07868637161305064
1.0679295189372544E-4     -0.07926121274392209
1.0696302077052022E-4     -0.07984082072982368
1.0713308964731497E-4     -0.08043491927078442
1.0730315852410975E-4     -0.0809817483824072
1.074732274009045E-4      -0.08152778434466859
1.0764329627769927E-4     -0.08208275085761367
1.0781336515449402E-4     -0.08264664792124041
1.0798343403128879E-4     -0.08321947553554636
1.0815350290808356E-4     -0.08380664155784474
1.0832357178487833E-4     -0.08433113849010264
1.0849364066167309E-4     -0.08486144029415327
1.0866370953846784E-4     -0.0854029548273132
1.088337784152626E-4      -0.08595568208957846
1.0900384729205736E-4     -0.0865196220809498
1.0917391616885212E-4     -0.08709688460290918
1.0934398504564688E-4     -0.08760381971742634
1.0951405392244166E-4     -0.08812086264189099
1.0968412279923641E-4     -0.08865012317778546
1.0985419167603116E-4     -0.0891916013251133
1.1002426055282593E-4     -0.08974529708387144
1.1019432942962069E-4     -0.09031098924018047
1.1036439830641547E-4     -0.0908039109963963
1.1053446718321023E-4     -0.09130941151269208
1.10704536060005E-4       -0.09182726957519574
1.1087460493679976E-4     -0.09235748518389755
1.1104467381359452E-4     -0.0929000583388053
1.1121474269038929E-4     -0.09345332593968034
1.1138481156718405E-4     -0.09393487883884039
1.1155488044397881E-4     -0.09443004295844379
1.1172494932077356E-4     -0.09493715519825718
1.1189501819756833E-4     -0.09545621555828103
1.1206508707436308E-4     -0.0959872240385162
1.1223515595115784E-4     -0.09652791513623427
1.124052248279526E-4      -0.09699981528992649
1.1257529370474738E-4     -0.09748531841762965
1.1274536258154213E-4     -0.09798215901662134
1.1291543145833691E-4     -0.09849033708689939
1.1308550033513168E-4     -0.09900985262846618
1.1325556921192644E-4     -0.09953842222199769
1.134256380887212E-4      -0.10000126385783853
1.1359570696551597E-4     -0.1004772325302647
1.1376577584231072E-4     -0.10096404481995411
1.1393584471910548E-4     -0.10146170072690698
1.1410591359590025E-4     -0.10197020025112322
1.1427598247269501E-4     -0.10248749243637
1.1444605134948977E-4     -0.10294104601258314
1.1461612022628454E-4     -0.10340727850761414
1.147861891030793E-4      -0.10388413896523208
1.1495625797987405E-4     -0.10437162738543541
1.1512632685666883E-4     -0.10486974376822265
1.1529639573346359E-4     -0.10537674318256934
1.1546646461025836E-4     -0.10582053849235049
1.156365334870531E-4      -0.10627677530019228
1.1580660236384786E-4     -0.10674370867507665
1.1597667124064261E-4     -0.10722133861699765
1.1614674011743738E-4     -0.10770966512595716
1.1631680899423213E-4     -0.10820724738919921
1.1648687787102691E-4     -0.10864089930528043
1.1665694674782166E-4     -0.10908697074602992
1.1682701562461643E-4     -0.10954402089869558
1.1699708450141119E-4     -0.11001204976327213
1.1716715337820595E-4     -0.11049105733976382
1.1733722225500072E-4     -0.11097985486596604
1.175072911317955E-4      -0.11140314223631272
1.1767736000859025E-4     -0.11183900414049157
1.17847428885385E-4       -0.11228625181630082
1.1801749776217977E-4     -0.11274488526373994
1.1818756663897452E-4     -0.11321490448280921
1.1835763551576929E-4     -0.11369530971744483
1.1852770439256405E-4     -0.1141082003912712
1.1869777326935883E-4     -0.1145339283936732
1.1886784214615358E-4     -0.11497149396858582
1.1903791102294836E-4     -0.11542089711600956
1.192079798997431E-4      -0.11588213783594521
1.1937804877653787E-4     -0.1163543629435187
1.1954811765333263E-4     -0.11675698904081898
1.1971818653012741E-4     -0.1171727468590333
1.1988825540692216E-4     -0.1176007832132823
1.2005832428371694E-4     -0.11804109810357032
1.2022839316051169E-4     -0.11849369152989261
1.2039846203730645E-4     -0.11895783727266374
1.2056853091410122E-4     -0.11935042344386486
1.20738599790896E-4       -0.11975641855233779
1.2090866866769075E-4     -0.120175096378485
1.2107873754448552E-4     -0.12060645692231327
1.2124880642128027E-4     -0.12105050018381747
1.2141887529807504E-4     -0.12150662158287874
1.215889441748698E-4      -0.12188941437903604
1.2175901305166458E-4     -0.12228585876264612
1.2192908192845933E-4     -0.12269535015358987
1.2209915080525408E-4     -0.12311788855186506
1.2226921968204886E-4     -0.12355347395747106
1.224392885588436E-4      -0.1240016161747158
1.2260935743563836E-4     -0.12437484279952415
1.2277942631243313E-4     -0.12476193497317437
1.2294949518922788E-4     -0.1251624024999656
1.2311956406602266E-4     -0.1255762453799013
1.232896329428174E-4      -0.1260034636129799
1.2345970181961216E-4     -0.12644366456336625
1.236297706964069E-4      -0.12680754098519378
1.2379983957320172E-4     -0.1271854750990548
1.2396990844999647E-4     -0.127577074269106
1.2413997732679122E-4     -0.12798233849535512
1.2431004620358597E-4     -0.12840126777779648
1.2448011508038075E-4     -0.12883354757332027
1.246501839571755E-4      -0.1291883083202535
1.2482025283397027E-4     -0.12955728932196744
1.2499032171076502E-4     -0.12994017603534824
1.2516039058755977E-4     -0.13033696846039897
1.2533045946435455E-4     -0.13074766659711415
1.255005283411493E-4      -0.13117201545288432
1.2567059721794408E-4     -0.13151792745003657
1.2584066609473883E-4     -0.13187817829820686
1.2601073497153358E-4     -0.13225251300477875
1.2618080384832836E-4     -0.1326409315697497
1.2635087272512313E-4     -0.1330434339931202
1.2652094160191788E-4     -0.13345981274929708
1.2669101047871266E-4     -0.1337971749508729
1.268610793555074E-4      -0.13414893474368647
1.270311482323022E-4      -0.1345148846021434
1.2720121710909694E-4     -0.13489502452624402
1.2737128598589172E-4     -0.13528935451598637
1.2754135486268647E-4     -0.13569771971146505
1.2771142373948125E-4     -0.13602684079015098
1.27881492616276E-4       -0.13637034604437964
1.2805156149307075E-4     -0.13672808061424083
1.282216303698655E-4      -0.13710004449973387
1.2839169924666027E-4     -0.1374862377008578
1.2856176812345502E-4     -0.13788657497138646
1.287318370002498E-4      -0.13820772892996958
1.2890190587704455E-4     -0.1385431878545157
1.290719747538393E-4      -0.1388928664987919
1.2924204363063408E-4     -0.1392567648627997
1.2941211250742886E-4     -0.13963488294653678
1.295821813842236E-4      -0.14002721210057012
1.2975225026101836E-4     -0.14034062087860802
1.2992231913781313E-4     -0.14066821322967524
1.3009238801460788E-4     -0.14100998050433525
1.3026245689140266E-4     -0.14136592270258833
1.304325257681974E-4      -0.1417360398244324
1.3060259464499216E-4     -0.14212039606313076
1.3077266352178694E-4     -0.14242626142857476
1.3094273239858172E-4     -0.1427461599304124
1.3111280127537647E-4     -0.14308015576190422
1.3128287015217125E-4     -0.14342824892304815
1.31452939028966E-4       -0.1437904394138471
1.3162300790576077E-4     -0.1441668642439783
1.3179307678255552E-4     -0.1444653888862113
1.319631456593503E-4      -0.1447777646152866
1.3213321453614505E-4     -0.14510412844088752
1.3230328341293983E-4     -0.14544448036301086
1.3247335228973458E-4     -0.1457988203816586
1.3264342116652933E-4     -0.14616735457298724
1.3281349004332408E-4     -0.14645873411139254
1.3298355892011888E-4     -0.14676375412476492
1.3315362779691363E-4     -0.14708262068925732
1.3332369667370838E-4     -0.14741533380487
1.3349376555050313E-4     -0.1477618934716039
1.336638344272979E-4      -0.14812256076877928
1.3383390330409266E-4     -0.14840699519733364
1.3400397218088744E-4     -0.14870483454422773
1.341740410576822E-4      -0.14901633988878224
1.3434410993447694E-4     -0.1493415112309927
1.3451417881127172E-4     -0.149680348570865
1.3468424768806647E-4     -0.15003316332573774
1.3485431656486125E-4     -0.15031086707796779
1.35024385441656E-4       -0.15060170622462016
1.3519445431845077E-4     -0.15090599218303777
1.3536452319524555E-4     -0.15122372495321665
1.355345920720403E-4      -0.1515549045351598
1.3570466094883508E-4     -0.15189990188731206
1.3587472982562983E-4     -0.1521710358294949
1.360447987024246E-4      -0.15245502732242058
1.3621486757921936E-4     -0.15275224732453382
1.363849364560141E-4      -0.15306269583583748
1.3655500533280886E-4     -0.1533863728563287
1.367250742096036E-4      -0.15372385957909102
1.3689514308639836E-4     -0.15398852668302565
1.3706521196319314E-4     -0.1542656953208041
1.3723528083998789E-4     -0.1545559466855085
1.3740534971678266E-4     -0.15485928077713784
1.375754185935774E-4      -0.1551756975956915
1.3774548747037216E-4     -0.1555057892539304
1.3791555634716691E-4     -0.15576381017734175
1.3808562522396172E-4     -0.1560341488544148
1.3825569410075647E-4     -0.15631739739790532
1.3842576297755122E-4     -0.15661355580781217
1.3859583185434597E-4     -0.15692262408413607
1.3876590073114075E-4     -0.1572453679189844
1.3893596960793552E-4     -0.1574972623875997
1.391060384847303E-4      -0.15776113281195323
1.3927610736152505E-4     -0.15803774488413225
1.3944617623831983E-4     -0.1583270986041525
1.3961624511511458E-4     -0.158629193972005
1.3978631399190936E-4     -0.1589447993349169
1.3995638286870413E-4     -0.15919027433135108
1.4012645174549888E-4     -0.15944749033101444
1.4029652062229363E-4     -0.15971721568112096
1.404665894990884E-4      -0.15999945038167182
1.406366583758832E-4      -0.16029419443266663
1.4080672725267794E-4     -0.16060210224118243
1.409767961294727E-4      -0.16084202135649633
1.4114686500626747E-4     -0.1610933417352122
1.4131693388306222E-4     -0.16135671778440802
1.41487002759857E-4       -0.16163214950408344
1.4165707163665175E-4     -0.16191963689423555
1.418271405134465E-4      -0.16221978417528746
1.4199720939024125E-4     -0.16245424321665555
1.4216727826703605E-4     -0.16269969961102007
1.423373471438308E-4      -0.1629567575788023
1.4250741602062555E-4     -0.16322541711999972
1.426774848974203E-4      -0.16350567823461484
1.4284755377421508E-4     -0.16379819429894776
1.4301762265100983E-4     -0.16402743422073449
1.431876915278046E-4      -0.16426716128018462
1.4335776040459936E-4     -0.16451802885359013
1.435278292813941E-4      -0.16478003694095505
1.4369789815818888E-4     -0.1650531855422788
1.4386796703498363E-4     -0.16533819799946106
1.440380359117784E-4      -0.16556223948783882
1.4420810478857316E-4     -0.16579629606374482
1.443781736653679E-4      -0.1660410910690798
1.445482425421627E-4      -0.16629662450384192
1.4471831141895747E-4     -0.1665628963680326
1.4488838029575222E-4     -0.16684084933306703
1.45058449172547E-4       -0.16705960976370618
1.4522851804934175E-4     -0.16728790772151292
1.4539858692613652E-4     -0.1675266858779022
1.4556865580293127E-4     -0.16777594423287223
1.4573872467972605E-4     -0.16803568278642564
1.459087935565208E-4      -0.16830709511322617
1.4607886243331558E-4     -0.16852035301648424
1.4624893131011033E-4     -0.16874271974129115
1.4641900018690508E-4     -0.16897538886231772
1.4658906906369983E-4     -0.16921836037956048
1.467591379404946E-4      -0.16947163429301865
1.4692920681728936E-4     -0.1697365697466191
1.4709927569408413E-4     -0.16994426841324003
1.4726934457087888E-4     -0.17016088105306537
1.4743941344767364E-4     -0.17038776680999385
1.476094823244684E-4      -0.17062492568403947
1.477795512012632E-4      -0.17087235767519526
1.4794962007805794E-4     -0.17113177884755573
1.4811968895485272E-4     -0.1713333882777014
1.4828975783164747E-4     -0.17154374345566437
1.4845982670844225E-4     -0.17176456044550978
1.48629895585237E-4       -0.17199583924725248
1.4879996446203175E-4     -0.17223757986088575
1.4897003333882652E-4     -0.1724915146958404
1.491401022156213E-4      -0.17268697463401061
1.4931017109241605E-4     -0.17289130380700907
1.494802399692108E-4      -0.17310623462425942
1.4965030884600555E-4     -0.17333176708575979
1.4982037772280033E-4     -0.1735679011915106
1.4999044659959508E-4     -0.17381630289259867
1.5016051547638986E-4     -0.17400580249217779
1.503305843531846E-4      -0.17420426786839763
1.5050065322997936E-4     -0.17441336497234314
1.506707221067741E-4      -0.174633093804013
1.5084079098356886E-4     -0.17486345436340786
1.510108598603636E-4      -0.17510596428418004
1.511809287371584E-4      -0.17528994669405903
1.5135099761395316E-4     -0.1754829325491813
1.515210664907479E-4      -0.17568643948319768
1.5169113536754272E-4     -0.17590046749611107
1.5186120424433747E-4     -0.1761250165879169
1.5203127312113225E-4     -0.17636156667655348
1.5220134199792702E-4     -0.1765403309268769
1.5237141087472177E-4     -0.176727996541471
1.5254147975151652E-4     -0.1769260434382752
1.5271154862831127E-4     -0.1771344716172862
1.5288161750510602E-4     -0.17735328107850692
1.5305168638190077E-4     -0.1775839907886512
1.5322175525869555E-4     -0.1777576744666896
1.533918241354903E-4      -0.17794009717629236
1.5356189301228508E-4     -0.17813277788417667
1.5373196188907983E-4     -0.17833571659034372
1.5390203076587458E-4     -0.1785489132947925
1.5407209964266936E-4     -0.178773958266912
1.5424216851946414E-4     -0.17894260160858363
1.5441223739625889E-4     -0.17911982414772903
1.5458230627305366E-4     -0.17930721615374318
1.5475237514984844E-4     -0.1795047776266223
1.549224440266432E-4      -0.17971250856636858
1.5509251290343797E-4     -0.17993208014330375
1.5526258178023272E-4     -0.18009568969122
1.554326506570275E-4      -0.180267745856371
1.5560271953382225E-4     -0.18044991980908306
1.5577278841061702E-4     -0.18064221154935453
1.559428572874118E-4      -0.18084462107718527
1.5611292616420655E-4     -0.18105889382237095
1.5628299504100133E-4     -0.18121748472378355
1.5645306391779608E-4     -0.18138442108081743
1.5662313279459083E-4     -0.18156144832326798
1.567932016713856E-4      -0.18174856645113527
1.5696327054818036E-4     -0.18194577546441892
1.571333394249751E-4      -0.1821548792241821
1.5730340830176988E-4     -0.18230849254799092
1.5747347717856466E-4     -0.18247037851207173
1.576435460553594E-4      -0.18264234097748974
1.5781361493215416E-4     -0.1828243799442436
1.5798368380894897E-4     -0.18301649541233392
1.5815375268574372E-4     -0.18322053760271656
1.583238215625385E-4      -0.18336922148639753
1.5849389043933325E-4     -0.18352613051833291
1.58663959316128E-4       -0.18369311491947823
1.5883402819292277E-4     -0.18387017468983258
1.5900409706971752E-4     -0.18405730982939686
1.5917416594651227E-4     -0.18425641593283382
1.5934423482330705E-4     -0.1844002085196454
1.595143037001018E-4      -0.1845522007343076
1.5968437257689655E-4     -0.18471428817148344
1.5985444145369133E-4     -0.18488647083117085
1.6002451033048608E-4     -0.1850687487133733
1.6019457920728083E-4     -0.18526307028636746
1.6036464808407558E-4     -0.18540200028346343
1.6053471696087036E-4     -0.18554912324454917
1.607047858376651E-4      -0.18570638763790412
1.6087485471445986E-4     -0.1858737934635275
1.6104492359125464E-4     -0.18605134072141985
1.6121499246804939E-4     -0.1862410382152101
1.6138506134484416E-4     -0.1863751338178975
1.6155513022163894E-4     -0.1865174323621177
1.617251990984337E-4      -0.18666994265150308
1.6189526797522844E-4     -0.1868326646860533
1.620653368520232E-4      -0.18700559846576797
1.6223540572881797E-4     -0.18719081516412575
1.6240547460561272E-4     -0.18732012423097605
1.625755434824075E-4      -0.18745765618119276
1.6274561235920225E-4     -0.18760548218825507
1.6291568123599702E-4     -0.18776360225216215
1.630857501127918E-4      -0.18793201637291343
1.6325581898958655E-4     -0.18811284398811673
1.6342588786638133E-4     -0.18823744051719557
1.6359595674317608E-4     -0.18837029063463662
1.6376602561997083E-4     -0.18851351377804804
1.639360944967656E-4      -0.18866710994742789
1.6410616337356036E-4     -0.1888310791427777
1.642762322503551E-4      -0.1890075668494614
1.6444630112714989E-4     -0.1891275446669665
1.6461637000394464E-4     -0.18925581482404097
1.647864388807394E-4      -0.1893945228060489
1.6495650775753416E-4     -0.18954366861299027
1.651265766343289E-4      -0.189703252244865
1.652966455111237E-4      -0.18987544222283798
1.6546671438791847E-4     -0.18999093108487114
1.6563678326471322E-4     -0.1901147310813268
1.6580685214150797E-4     -0.1902490107333714
1.6597692101830275E-4     -0.19039377004100405
1.6614698989509752E-4     -0.19054900900422467
1.6631705877189227E-4     -0.19071691869270055
1.6648712764868705E-4     -0.1908280756407357
1.666571965254818E-4      -0.19094753148087448
1.6682726540227658E-4     -0.19107747728278146
1.6699733427907133E-4     -0.1912179130464558
1.6716740315586608E-4     -0.19136883877189953
1.6733747203266086E-4     -0.19153245225099652
1.6750754090945563E-4     -0.19163942911391038
1.6767760978625038E-4     -0.19175467563614132
1.6784767866304514E-4     -0.19188038960957354
1.6801774753983989E-4     -0.19201657103420663
1.6818781641663466E-4     -0.19216321991004076
1.683578852934294E-4      -0.19232253629449267
1.685279541702242E-4      -0.19242547094472254
1.6869802304701894E-4     -0.19253662832677798
1.688680919238137E-4      -0.1926582084980731
1.6903816080060847E-4     -0.192790211458608
1.6920822967740322E-4     -0.19293263720838297
1.69378298554198E-4       -0.19308770042672208
1.6954836743099277E-4     -0.19318670850024322
1.6971843630778755E-4     -0.1932938727136668
1.698885051845823E-4      -0.19341140774631954
1.7005857406137708E-4     -0.19353931359819918
1.7022864293817186E-4     -0.19367759026930756
1.703987118149666E-4      -0.1938284778644993
1.7056878069176138E-4     -0.19392364762206743
1.707388495685561E-4      -0.1940268971703587
1.7090891844535086E-4     -0.19414046661423193
1.710789873221456E-4      -0.19426435595368516
1.7124905619894036E-4     -0.1943985651887195
1.714191250757351E-4      -0.19454536761808616
1.7158919395252989E-4     -0.19463677509733107
1.7175926282932466E-4     -0.19473618175827728
1.719293317061194E-4      -0.19484586089967626
1.7209940058291416E-4     -0.19496581252152703
1.7226946945970894E-4     -0.1950960366238302
1.7243953833650372E-4     -0.19523884111968387
1.726096072132985E-4      -0.19532655449168365
1.7277967609009325E-4     -0.1954221893126716
1.72949744966888E-4       -0.19552805349574295
1.7311981384368277E-4     -0.19564414704089958
1.7328988272047752E-4     -0.19577046994814057
1.7345995159727227E-4     -0.1959093589009916
1.7363002047406705E-4     -0.19599344124977253
1.738000893508618E-4      -0.19608537552012262
1.7397015822765658E-4     -0.196187498395567
1.7414022710445133E-4     -0.19629980987610637
1.7431029598124608E-4     -0.19642230996173943
1.7448036485804086E-4     -0.19655735764029975
1.7465043373483563E-4     -0.196637881597155
1.7482050261163039E-4     -0.1967261919142134
1.7499057148842514E-4     -0.19682464757930726
1.7516064036521989E-4     -0.19693324859243613
1.7533070924201466E-4     -0.19705199495359996
1.7550077811880941E-4     -0.19718326042880768
1.756708469956042E-4      -0.19726030946910436
1.7584091587239894E-4     -0.19734507970741602
1.760109847491937E-4      -0.19743994490974956
1.7618105362598847E-4     -0.1975449050761055
1.7635112250278322E-4     -0.19765996020648322
1.76521191379578E-4       -0.19778749395299283
1.7669126025637275E-4     -0.19786116173735566
1.7686132913316755E-4     -0.19794247977899204
1.770313980099623E-4      -0.1980338317300096
1.7720146688675705E-4     -0.19813521759040972
1.7737153576355183E-4     -0.1982466373601917
1.7754160464034658E-4     -0.19837048371535781
1.7771167351714136E-4     -0.19844087598193083
1.778817423939361E-4      -0.19851883405916376
1.7805181127073086E-4     -0.1986067506230575
1.782218801475256E-4      -0.19870462567361347
1.7839194902432036E-4     -0.19881245921083063
1.7856201790111514E-4     -0.19893265074614813
1.787320867779099E-4      -0.1989998785515584
1.789021556547047E-4      -0.19907457344407092
1.7907222453149944E-4     -0.1991591349351233
1.7924229340829422E-4     -0.1992535630247164
1.79412362285089E-4       -0.19935785771284967
1.7958243116188375E-4     -0.19947442223918332
1.7975250003867852E-4     -0.1995385892656778
1.7992256891547327E-4     -0.19961011519405975
1.8009263779226802E-4     -0.19969140326399087
1.8026270666906277E-4     -0.1997824534754707
1.8043277554585752E-4     -0.19988326582849875
1.806028444226523E-4      -0.19999625010428335
1.8077291329944705E-4     -0.2000574388497655
1.8094298217624183E-4     -0.20012587473025817
1.8111305105303658E-4     -0.20020396752696715
1.8128311992983136E-4     -0.20029171723989317
1.8145318880662613E-4     -0.20038912386903618
1.8162325768342089E-4     -0.20049861451704198
1.8179332656021566E-4     -0.2005568770567181
1.8196339543701044E-4     -0.2006222779995249
1.821334643138052E-4      -0.20069724444810647
1.8230353319059994E-4     -0.2007817764024635
1.824736020673947E-4      -0.20087587386259598
1.8264367094418947E-4     -0.2009819946423331
1.8281373982098422E-4     -0.20103735896480046
1.82983808697779E-4       -0.201099761490959
1.8315387757457375E-4     -0.201171660034638
1.8332394645136852E-4     -0.20125305459583712
1.834940153281633E-4      -0.20134394517455637
1.8366408420495805E-4     -0.2014468288647229
1.838341530817528E-4      -0.20149931959484582
1.8400422195854755E-4     -0.2015587591607714
1.841742908353423E-4      -0.2016276446564264
1.8434435971213705E-4     -0.20170597608181065
1.845144285889318E-4      -0.2017937534369245
1.8468449746572655E-4     -0.20189349753870403
1.8485456634252133E-4     -0.2019431224984329
1.850246352193161E-4      -0.20199964436334086
1.8519470409611086E-4     -0.20206558395036403
1.8536477297290564E-4     -0.20214094125950338
1.8553484184970039E-4     -0.20222571629075733
1.8570491072649516E-4     -0.20232245980501418
1.8587497960328991E-4     -0.20236918241759122
1.8604504848008472E-4     -0.20242278572030178
1.8621511735687947E-4     -0.20248582047401883
1.8638518623367422E-4     -0.20255828667875367
1.86555255110469E-4       -0.2026401843345002
1.8672532398726375E-4     -0.2027342604931684
1.8689539286405852E-4     -0.20277837095192514
1.870654617408533E-4      -0.20282911258801045
1.8723553061764805E-4     -0.2028892324533274
1.8740559949444283E-4     -0.20295873054787647
1.8757566837123758E-4     -0.20303760687165712
1.8774573724803236E-4     -0.20312837823447494
1.879158061248271E-4      -0.20316984652015618
1.8808587500162188E-4     -0.20321805241487323
1.8825594387841663E-4     -0.20327551272843059
1.8842601275521139E-4     -0.20334222746082894
1.8859608163200614E-4     -0.2034181966120674
1.8876615050880089E-4     -0.20350593902419917
1.8893621938559564E-4     -0.20354489147677762
1.891062882623904E-4      -0.20359050436856047
1.8927635713918516E-4     -0.20364529654160007
1.8944642601597991E-4     -0.2037092679958954
1.896164948927747E-4      -0.2037824187314468
1.8978656376956944E-4     -0.20386728752742406
1.8995663264636422E-4     -0.20390378058525915
1.90126701523159E-4       -0.20394684602918045
1.9029677039995375E-4     -0.20399902263835673
1.904668392767485E-4      -0.20406031041278877
1.906369081535433E-4      -0.20413070935247607
1.9080697703033805E-4     -0.20421280452102658
1.909770459071328E-4      -0.20424697971638558
1.9114711478392758E-4     -0.2042875777245589
1.9131718366072233E-4     -0.20433718360915307
1.9148725253751708E-4     -0.20439579737016864
1.9165732141431186E-4     -0.20446341900760495
1.918273902911066E-4      -0.20454252267833767
1.9199745916790139E-4     -0.20457450695166632
1.9216752804469614E-4     -0.20461285160329695
1.923375969214909E-4      -0.20466003079010353
1.9250766579828566E-4     -0.20471604451208647
1.9267773467508041E-4     -0.20478089276924594
1.928478035518752E-4      -0.20485687554755339
1.9301787242866997E-4     -0.20488664897672526
1.9318794130546472E-4     -0.20492279768704508
1.9335801018225947E-4     -0.204967621664485
1.9352807905905422E-4     -0.20502112090904492
1.9369814793584902E-4     -0.20508329542072473
1.9386821681264377E-4     -0.20515659091483995
1.9403828568943855E-4     -0.20518446072027802
1.942083545662333E-4      -0.20521840571997169
1.9437842344302805E-4     -0.2052608716292354
1.9454849231982283E-4     -0.20531185844806962
1.9471856119661758E-4     -0.2053713661764739
1.9488863007341233E-4     -0.20544171203245434
1.9505869895020708E-4     -0.2054675724161418
1.9522876782700189E-4     -0.2054994577990203
1.9539883670379664E-4     -0.205539685399083
1.9556890558059139E-4     -0.20558825521634017
1.9573897445738616E-4     -0.20564516725078633
1.959090433341809E-4      -0.20571311805457523
1.960791122109757E-4      -0.20573756588465308
1.9624918108777047E-4     -0.2057674168971395
1.964192499645652E-4      -0.20580536764418203
1.9658931884136E-4        -0.2058514181257804
1.9675938771815472E-4     -0.20590556834193433
1.969294565949495E-4      -0.20597017097850745
1.9709952547174425E-4     -0.20599284214317365
1.9726959434853905E-4     -0.2060210096895608
1.9743966322533377E-4     -0.2060570263035326
1.9760973210212855E-4     -0.2061008919850887
1.977798009789233E-4      -0.20615260673422908
1.9794986985571805E-4     -0.20621447448936317
1.981199387325128E-4      -0.2062351631610109
1.9829000760930758E-4     -0.20626131131751943
1.9846007648610233E-4     -0.20629522289727997
1.9863014536289708E-4     -0.20633689790030427
1.9880021423969186E-4     -0.20638633632658757
1.989702831164866E-4      -0.20644653787425118
1.9914035199328139E-4     -0.20646589261847453
1.9931042087007614E-4     -0.20648993982382235
1.9948048974687091E-4     -0.2065216791884099
1.9965055862366566E-4     -0.20656111071223734
1.9982062750046041E-4     -0.20660823439530465
1.999906963772552E-4      -0.20666579100453825
2.0016076525404997E-4     -0.20668318058989313
2.0033083413084472E-4     -0.20670541567283446
2.0050090300763947E-4     -0.206735237020289
2.0067097188443422E-4     -0.20677264463225684
2.00841040761229E-4       -0.2068176385087376
2.0101110963802375E-4     -0.20687293115877514
2.0118117851481853E-4     -0.20688844905704784
2.013512473916133E-4      -0.206908777360772
2.0152131626840805E-4     -0.20693662857899145
2.0169138514520283E-4     -0.20697200271170607
2.0186145402199758E-4     -0.20701489975891574
2.0203152289879236E-4     -0.20706797696859838
2.0220159177558714E-4     -0.20708173767052487
2.0237166065238189E-4     -0.20710026368018167
2.0254172952917664E-4     -0.2071262122455465
2.0271179840597139E-4     -0.20715958336661938
2.028818672827662E-4      -0.20720037704340022
2.0305193615956094E-4     -0.2072511822337318
2.0322200503635572E-4     -0.20726331082723942
2.033920739131505E-4      -0.2072801450666526
2.0356214278994525E-4     -0.20730427390981426
2.0373221166674E-4        -0.20733569735672416
2.039022805435348E-4      -0.20737441540738222
2.0407234942032955E-4     -0.20742298058839453
2.042424182971243E-4      -0.20743357611810578
2.0441248717391905E-4     -0.20744878450377383
2.045825560507138E-4      -0.2074711582720043
2.0475262492750855E-4     -0.20750069742279753
2.049226938043033E-4      -0.2075374019561532
2.0509276268109805E-4     -0.20758382336225306
2.0526283155789283E-4     -0.20759293395059777
2.054329004346876E-4      -0.2076065477007177
2.0560296931148236E-4     -0.20762721610279455
2.057730381882771E-4      -0.20765493915682845
2.0594310706507186E-4     -0.20768971686281917
2.0611317594186664E-4     -0.20773412893515342
2.0628324481866141E-4     -0.20774176117988025
2.064533136954562E-4      -0.2077537886720523
2.0662338257225094E-4     -0.20777279112605607
2.0679345144904572E-4     -0.20779876854189178
2.0696352032584047E-4     -0.2078317209195593
2.0713358920263525E-4     -0.2078742735779749
2.0730365807943002E-4     -0.20788040564408308
2.0747372695622477E-4     -0.20789084447310083
2.0764379583301952E-4     -0.20790821538394422
2.0781386470981427E-4     -0.20793251837661347
2.0798393358660902E-4     -0.2079637534511085
2.0815400246340378E-4     -0.20800459211078365
2.0832407134019855E-4     -0.2080091932964906
2.0849414021699333E-4     -0.20801804339623306
2.0866420909378808E-4     -0.20803381391336537
2.0883427797058283E-4     -0.20805650484788754
2.0900434684737764E-4     -0.2080861161997995
2.0917441572417239E-4     -0.20812534838104924
2.0934448460096714E-4     -0.20812841952156716
2.0951455347776189E-4     -0.20813570717674973
2.0968462235455664E-4     -0.20814991175854447
2.098546912313514E-4      -0.2081710332669514
2.1002476010814614E-4     -0.2081990717019705
2.101948289849409E-4      -0.20823672319525455
2.1036489786173566E-4     -0.2082383228916827
2.1053496673853044E-4     -0.2082441187585098
2.107050356153252E-4      -0.20825680692738838
2.1087510449211997E-4     -0.20827638739831822
2.1104517336891475E-4     -0.20830286017129965
2.1121524224570952E-4     -0.20833888984278717
2.113853111225043E-4      -0.20833911839329455
2.1155537999929905E-4     -0.20834351929659248
2.117254488760938E-4      -0.2083547571491356
2.1189551775288855E-4     -0.20837283195092426
2.1206558662968333E-4     -0.20839774370195804
2.1223565550647808E-4     -0.20843212192447844
2.1240572438327286E-4     -0.20843106910916262
2.1257579326006764E-4     -0.2084341552686167
2.1274586213686239E-4     -0.2084440099250817
2.1291593101365716E-4     -0.20846063307855756
2.130859998904519E-4      -0.20848402472904462
2.132560687672467E-4      -0.20851678575831376
2.1342613764404144E-4     -0.20851449312795461
2.135962065208362E-4      -0.2085163084039115
2.1376627539763094E-4     -0.20852483246795547
2.1393634427442566E-4     -0.2085400653200866
2.1410641315122044E-4     -0.2085620069603049
2.142764820280152E-4      -0.2085932486627871
2.1444655090480997E-4     -0.20858973768488326
2.1461661978160472E-4     -0.20859030295528155
2.147866886583995E-4      -0.2085975357481584
2.1495675753519428E-4     -0.20861143606351437
2.1512682641198903E-4     -0.20863200390134878
2.152968952887838E-4      -0.2086618436860772
2.1546696416557855E-4     -0.20865714404661498
2.1563703304237333E-4     -0.20865647934424744
2.1580710191916808E-4     -0.20866245400338967
2.1597717079596286E-4     -0.2086750680240416
2.1614723967275764E-4     -0.20869432140620345
2.1631730854955239E-4     -0.20872283586117307
2.1648737742634714E-4     -0.2087169934320576
2.1665744630314191E-4     -0.20871513888387394
2.1682751517993666E-4     -0.2087198939279206
2.1699758405673141E-4     -0.20873125856419733
2.171676529335262E-4      -0.20874923279270455
2.1733772181032094E-4     -0.20877643920941874
2.1750779068711572E-4     -0.20876950748388565
2.1767785956391047E-4     -0.2087665231874718
2.1784792844070525E-4     -0.20877010891615377
2.180179973175E-4         -0.208780264669932
2.1818806619429475E-4     -0.20879699044880637
2.1835813507108953E-4     -0.20882289423502792
2.185282039478843E-4      -0.20881492034887467
2.1869827282467905E-4     -0.20881086329679424
2.188683417014738E-4      -0.2088133310610373
2.1903841057826855E-4     -0.2088223236416043
2.1920847945506336E-4     -0.20883784103849495
2.193785483318581E-4      -0.20886248562936358
2.1954861720865289E-4     -0.20885351307808914
2.1971868608544764E-4     -0.20884842324614228
2.1988875496224239E-4     -0.20884981851117723
2.2005882383903716E-4     -0.20885769887319422
2.202288927158319E-4      -0.208872064332193
2.2039896159262666E-4     -0.20889552884227827
2.2056903046942141E-4     -0.20888558539338337
2.2073909934621622E-4     -0.2088794873949172
2.2090916822301097E-4     -0.20887984880098368
2.2107923709980572E-4     -0.20888666961158336
2.212493059766005E-4      -0.20889994982671578
2.2141937485339525E-4     -0.20892232171853023
2.2158944373019002E-4     -0.2089114171029923
2.217595126069848E-4      -0.2089043298499735
2.2192958148377953E-4     -0.2089036922316224
2.2209965036057433E-4     -0.20890950424793872
2.2226971923736905E-4     -0.2089217658989228
2.2243978811416383E-4     -0.2089431236629551
2.2260985699095858E-4     -0.20893126030266163
2.2277992586775339E-4     -0.20892320417657032
2.2294999474454814E-4     -0.2089216017630619
2.2312006362134289E-4     -0.20892645306213622
2.2329013249813766E-4     -0.2089377580737935
2.2346020137493241E-4     -0.20895817021998914
2.236302702517272E-4      -0.20894535568954228
2.2380033912852194E-4     -0.20893635505834904
2.239704080053167E-4      -0.20893382174836472
2.2414047688211144E-4     -0.20893775575958973
2.243105457589062E-4      -0.2089481570920241
2.2448061463570097E-4     -0.20896768128194032
2.2465068351249572E-4     -0.20895394007696363
2.248207523892905E-4      -0.20894402727126546
2.2499082126608525E-4     -0.20894059840111776
2.2516089014288E-4        -0.20894365346652102
2.2533095901967475E-4     -0.2089531924674748
2.2550102789646953E-4     -0.20897186684931324
2.256710967732643E-4      -0.2089572401538855
2.2584116565005905E-4     -0.2089464584902972
2.260112345268538E-4      -0.20894217330388223
2.2618130340364855E-4     -0.20894438459464038
2.2635137228044333E-4     -0.20895309236257104
2.2652144115723808E-4     -0.20897093289079233
2.2669151003403286E-4     -0.20895546938823945
2.2686157891082766E-4     -0.20894387040652512
2.2703164778762241E-4     -0.20893877222876717
2.2720171666441716E-4     -0.20894017485496533
2.2737178554121194E-4     -0.2089480782851197
2.2754185441800672E-4     -0.20896509658481005
2.2771192329480147E-4     -0.20894884730214003
2.2788199217159625E-4     -0.2089364818714331
2.28052061048391E-4       -0.20893061435826926
2.2822212992518575E-4     -0.20893124476264777
2.2839219880198052E-4     -0.20893837308456908
2.2856226767877528E-4     -0.20895459619884144
2.2873233655557005E-4     -0.20893761434885127
2.2890240543236483E-4     -0.2089245267652309
2.2907247430915958E-4     -0.20891793032278833
2.2924254318595433E-4     -0.20891782502152306
2.294126120627491E-4      -0.20892421086143567
2.2958268093954389E-4     -0.208939676380182
2.2975274981633864E-4     -0.2089220140240775
2.299228186931334E-4      -0.208908244878497
2.3009288756992816E-4     -0.20890095748109722
2.3026295644672291E-4     -0.20890015183187843
2.304330253235177E-4      -0.2089058279308401
2.3060309420031244E-4     -0.2089205664894506
2.3077316307710722E-4     -0.20890226889557711
2.3094323195390197E-4     -0.20888785978137434
2.3111330083069672E-4     -0.20887991985831034
2.312833697074915E-4      -0.20887844912638542
2.3145343858428622E-4     -0.2088834475855992
2.31623507461081E-4       -0.20889748153304732
2.3179357633787575E-4     -0.2088785843035447
2.3196364521467055E-4     -0.20886357586125803
2.3213371409146528E-4     -0.20885502250328344
2.3230378296826005E-4     -0.2088529242296205
2.324738518450548E-4      -0.2088572810402693
2.3264392072184955E-4     -0.20887064206225744
2.3281398959864433E-4     -0.20885117103991757
2.329840584754391E-4      -0.20883559583171502
2.3315412735223386E-4     -0.208826465564678
2.333241962290286E-4      -0.2088237802388061
2.3349426510582336E-4     -0.2088275398540997
2.3366433398261814E-4     -0.2088402839713353
2.338344028594129E-4      -0.20882025971085563
2.3400447173620766E-4     -0.20880413947858764
2.3417454061300241E-4     -0.208794462835307
2.3434460948979716E-4     -0.20879122978101433
2.3451467836659192E-4     -0.2087944403157092
2.346847472433867E-4      -0.20880663566650978
2.3485481612018147E-4     -0.20878608273217392
2.3502488499697622E-4     -0.2087694375257386
2.3519495387377097E-4     -0.20875924127432233
2.3536502275056572E-4     -0.2087554939779251
2.3553509162736053E-4     -0.2087581956365467
2.3570516050415528E-4     -0.20876988886090125
2.3587522938095005E-4     -0.208748841504549
2.360452982577448E-4      -0.20873170345012534
2.3621536713453958E-4     -0.2087210173083435
2.3638543601133433E-4     -0.20871678307920363
2.3655550488812908E-4     -0.20871900076270586
2.3672557376492386E-4     -0.2087301962417682
2.3689564264171864E-4     -0.2087087001462599
2.370657115185134E-4      -0.20869111929545492
2.3723578039530814E-4     -0.20867997957227144
2.374058492721029E-4      -0.20867528097670968
2.375759181488977E-4      -0.2086770235087691
2.3774598702569244E-4     -0.2086876928860292
2.3791605590248722E-4     -0.20866580834947157
2.3808612477928197E-4     -0.20864784778907858
2.3825619365607675E-4     -0.20863629692242938
2.384262625328715E-4      -0.2086311557495228
2.3859633140966625E-4     -0.20863242427036066
2.3876640028646102E-4     -0.208642534232018
2.389364691632558E-4      -0.20862032734236596
2.3910653804005055E-4     -0.2086020494014751
2.392766069168453E-4      -0.20859013215642175
2.3944667579364005E-4     -0.20858457560720642
2.3961674467043486E-4     -0.20858537975382782
2.397868135472296E-4      -0.20859492222270948
2.3995688242402439E-4     -0.20857244567347527
2.4012695130081914E-4     -0.2085538967167589
2.402970201776139E-4      -0.2085416529789824
2.4046708905440866E-4     -0.2085357144601448
2.4063715793120341E-4     -0.20853608116024733
2.408072268079982E-4      -0.20854508570337799
2.4097729568479294E-4     -0.20852235272824762
2.4114736456158772E-4     -0.20850355577968518
2.4131743343838247E-4     -0.20849102748177878
2.4148750231517722E-4     -0.20848476783452857
2.4165757119197197E-4     -0.20848477683793468
2.4182764006876672E-4     -0.20849334831094715
2.419977089455615E-4      -0.2084702358428012
2.4216777782235627E-4     -0.20845112553304285
2.4233784669915103E-4     -0.20843831120061537
2.425079155759458E-4      -0.2084317928455255
2.4267798445274055E-4     -0.20843157046776906
2.4284805332953533E-4     -0.20844018085729255
2.4301812220633008E-4     -0.20841693903878122
2.4318819108312486E-4     -0.20839745974436552
2.4335825995991958E-4     -0.20838427976397833
2.4352832883671433E-4     -0.20837739909762584
2.436983977135091E-4      -0.20837681774530567
2.4386846659030386E-4     -0.20838498337720301
2.4403853546709864E-4     -0.20836170394664183
2.442086043438934E-4      -0.20834214794023306
2.4437867322068814E-4     -0.20832876302815956
2.445487420974829E-4      -0.2083215492104205
2.447188109742777E-4      -0.20832050648701658
2.4488887985107244E-4     -0.20832786700031414
2.4505894872786725E-4     -0.20830458146777567
2.45229017604662E-4       -0.20828507936766805
2.4539908648145675E-4     -0.20827159284235794
2.455691553582515E-4      -0.20826412189184484
2.4573922423504625E-4     -0.20826266651612882
2.45909293111841E-4       -0.20826941970690846
2.4607936198863575E-4     -0.20824620098180566
2.4624943086543055E-4     -0.2082266891974668
2.4641949974222525E-4     -0.20821307734558314
2.4658956861902005E-4     -0.20820536542615978
2.467596374958148E-4      -0.20820355343919458
2.4692970637260955E-4     -0.2082099041624496
2.4709977524940436E-4     -0.20818691312893772
2.472698441261991E-4      -0.20816740860445607
2.4743991300299386E-4     -0.20815365336676298
2.476099818797886E-4      -0.20814564741586009
2.4778005075658336E-4     -0.2081433907517463
2.4795011963337816E-4     -0.20814908561726997
2.481201885101729E-4      -0.20812646759924602
2.482902573869677E-4      -0.20810715965229723
2.4846032626376247E-4     -0.20809336401927223
2.486303951405572E-4      -0.2080850807001704
2.48800464017352E-4       -0.20808230969499178
2.489705328941468E-4      -0.20808707228706474
2.491406017709416E-4      -0.208064814772371
2.4931067064773633E-4     -0.2080458124585093
2.494807395245311E-4      -0.2080320866288078
2.4965080840132583E-4     -0.20802363728326684
2.498208772781206E-4      -0.20802046442188593
2.4999094615491533E-4     -0.20802449558613428
2.501610150317101E-4      -0.2080024348220659
2.503310839085049E-4      -0.20798358805223036
2.5050115278529964E-4     -0.20796988281809134
2.506712216620944E-4      -0.2079613191196538
2.508412905388892E-4      -0.2079578969569148
2.5101135941568394E-4     -0.2079618735212166
2.511814282924787E-4      -0.20794022985885718
2.5135149716927344E-4     -0.20792138675115462
2.515215660460682E-4      -0.2079076013894382
2.51691634922863E-4       -0.20789887377371402
2.5186170379965775E-4     -0.20789520390397928
2.520317726764525E-4      -0.20789892681992134
2.5220184155324725E-4     -0.2078775270432097
2.5237191043004205E-4     -0.20785878247596007
2.525419793068368E-4      -0.2078450281578506
2.5271204818363155E-4     -0.20783626408888622
2.528821170604263E-4      -0.20783249026906486
2.5305218593722105E-4     -0.20783602856241234
2.532222548140158E-4      -0.20781459367062216
2.533923236908106E-4      -0.20779584418378028
2.5356239256760536E-4     -0.20778210196591063
2.5373246144440016E-4     -0.20777336701701288
2.539025303211949E-4      -0.20776963933708717
2.5407259919798966E-4     -0.20777326131260931
2.542426680747844E-4      -0.20775171241140836
2.5441273695157916E-4     -0.2077328771782645
2.545828058283739E-4      -0.2077190979996539
2.5475287470516866E-4     -0.20771037487557703
2.549229435819634E-4      -0.20770670780603326
2.5509301245875817E-4     -0.20771042632321704
2.552630813355529E-4      -0.20768882800766952
2.554331502123477E-4      -0.2076699656200866
2.5560321908914247E-4     -0.2076561686926622
2.557732879659372E-4      -0.20764743722539675
2.55943356842732E-4       -0.20764377121829017
2.561134257195268E-4      -0.20764744592416534
2.562834945963215E-4      -0.20762590932777264
2.564535634731163E-4      -0.20760712484991853
2.56623632349911E-4       -0.20759336774342543
2.5679370122670583E-4     -0.20758463800829347
2.569637701035006E-4      -0.20758093564452246
2.5713383898029533E-4     -0.2075844667263133
2.573039078570901E-4      -0.2075630763305102
2.574739767338849E-4      -0.20754444032335648
2.5764404561067964E-4     -0.207530764779052
2.578141144874744E-4      -0.20752204969759744
2.5798418336426914E-4     -0.20751829507899283
2.581542522410639E-4      -0.2075216629572174
2.5832432111785864E-4     -0.2075005021308567
2.5849438999465344E-4     -0.207482059223909
2.586644588714482E-4      -0.20746849627035407
2.58834527748243E-4       -0.20745981327019222
2.5900459662503775E-4     -0.20745601022342308
2.591746655018325E-4      -0.20745921990883875
2.5934473437862725E-4     -0.20743832709925325
2.5951480325542205E-4     -0.20742010139433173
2.5968487213221675E-4     -0.20740667557286618
2.5985494100901155E-4     -0.20739804963485667
2.600250098858063E-4      -0.20739422358030332
2.6019507876260105E-4     -0.20739731641677717
2.603651476393958E-4      -0.20737669662067648
2.605352165161906E-4      -0.2073586903233017
2.6070528539298536E-4     -0.2073454165322232
2.608753542697801E-4      -0.20733687524744152
2.6104542314657486E-4     -0.2073330664689565
2.612154920233696E-4      -0.20733610473874092
2.6138556090016436E-4     -0.20731574122429797
2.615556297769591E-4      -0.2072979457778307
2.6172569865375386E-4     -0.20728483294131103
2.6189576753054867E-4     -0.20727640271473896
2.620658364073434E-4      -0.2072726550981154
2.6223590528413817E-4     -0.20727569981515281
2.624059741609329E-4      -0.20725556712443038
2.625760430377277E-4      -0.2072379735774925
2.6274611191452247E-4     -0.20722502889805192
2.629161807913172E-4      -0.20721673308610972
2.63086249668112E-4       -0.20721308614166506
2.632563185449068E-4      -0.20721619006492584
2.634263874217016E-4      -0.20719626792618215
2.6359645629849633E-4     -0.20717887123282627
2.637665251752911E-4      -0.20716610198506485
2.6393659405208583E-4     -0.20715796018289884
2.641066629288806E-4      -0.20715444582632714
2.6427673180567533E-4     -0.20715765038019734
2.644468006824701E-4      -0.20713792563096212
2.646168695592649E-4      -0.2071207253223065
2.647869384360596E-4      -0.20710814091907653
2.649570073128544E-4      -0.2071001724212736
2.6512707618964914E-4     -0.20709681982889663
2.652971450664439E-4      -0.20710016493618078
2.654672139432387E-4      -0.20708062507913466
2.6563728282003344E-4     -0.207063618871327
2.658073516968282E-4      -0.20705122810699222
2.6597742057362294E-4     -0.20704345278613148
2.661474894504177E-4      -0.20704029290874382
2.663175583272125E-4      -0.20704382530679838
2.6648762720400725E-4     -0.20702445864755406
2.6665769608080205E-4     -0.20700764116883766
2.668277649575968E-4      -0.2069954497026177
2.6699783383439155E-4     -0.2069878842488942
2.671679027111863E-4      -0.20698494480766758
2.6733797158798105E-4     -0.2069887039537482
2.675080404647758E-4      -0.20696950391313176
2.676781093415706E-4      -0.2069528749475757
2.6784817821836536E-4     -0.2069408896318914
2.6801824709516016E-4     -0.20693354796607893
2.681883159719549E-4      -0.20693084995013813
2.6835838484874966E-4     -0.20693485814261048
2.685284537255444E-4      -0.20691582339407288
2.6869852260233917E-4     -0.2068993900354533
2.688685914791339E-4      -0.2068876206252927
2.6903866035592867E-4     -0.20688051516359085
2.692087292327234E-4      -0.2068780736503486
2.6937879810951817E-4     -0.20688234136048889
2.695488669863129E-4      -0.20686347732219404
2.697189358631077E-4      -0.20684725123294342
2.6988900473990247E-4     -0.20683570836766035
2.700590736166972E-4      -0.20682884872634527
2.70229142493492E-4       -0.2068266723089979
2.703992113702868E-4      -0.20683120357898482
2.705692802470816E-4      -0.20681252444085002
2.7073934912387633E-4     -0.20679652045329053
2.7090941800067114E-4     -0.2067852160796719
2.710794868774659E-4      -0.20677861131999456
2.712495557542607E-4      -0.20677670617425822
2.7141962463105544E-4     -0.20678150466035408
2.715896935078502E-4      -0.20676302624299372
2.7175976238464494E-4     -0.20674725810283842
2.719298312614397E-4      -0.20673620425777844
2.7209990013823444E-4     -0.20672986470781365
2.722699690150292E-4      -0.20672823945294436
2.7244003789182394E-4     -0.20673331225519376
2.7261010676861875E-4     -0.20671504669219054
2.727801756454135E-4      -0.206699525507114
2.7295024452220825E-4     -0.20668873246198755
2.73120313399003E-4       -0.2066826675568112
2.7329038227579775E-4     -0.20668133079158488
2.734604511525925E-4      -0.20668668325958645
2.7363052002938725E-4     -0.20666864425120268
2.7380058890618205E-4     -0.20665338285764617
2.7397065778297675E-4     -0.20664286017219463
2.7414072665977155E-4     -0.20663707619484875
2.743107955365663E-4      -0.2066360309256077
2.7448086441336105E-4     -0.20664165840294935
2.7465093329015586E-4     -0.2066238685749008
2.748210021669506E-4      -0.20660888566720614
2.7499107104374536E-4     -0.20659864371834216
2.751611399205401E-4      -0.20659314272830953
2.7533120879733486E-4     -0.2065923826971077
2.7550127767412966E-4     -0.20659826432991357
2.756713465509244E-4      -0.20658075882141694
2.758414154277192E-4      -0.20656608141965815
2.7601148430451397E-4     -0.20655613282981333
2.761815531813087E-4      -0.2065509130518829
2.7635162205810347E-4     -0.20655042208586644
2.765216909348982E-4      -0.2065565186666281
2.7669175981169297E-4     -0.20653934653268147
2.768618286884878E-4      -0.20652501108419238
2.770318975652825E-4      -0.2065153710560237
2.7720196644207733E-4     -0.20651042644817572
2.773720353188721E-4      -0.20651017726064838
2.7754210419566683E-4     -0.2065164307232282
2.777121730724616E-4      -0.2064996580923662
2.778822419492564E-4      -0.20648571150111275
2.7805231082605114E-4     -0.20647639817925367
2.782223797028459E-4      -0.20647171812678955
2.783924485796407E-4      -0.20647167134372027
2.7856251745643544E-4     -0.2064780033637439
2.787325863332302E-4      -0.20646171453973833
2.7890265521002494E-4     -0.20644821506728755
2.790727240868197E-4      -0.20643925048008863
2.7924279296361444E-4     -0.20643482077814115
2.794128618404092E-4      -0.2064349259614459
2.7958293071720394E-4     -0.20644123696423006
2.7975299959399875E-4     -0.2064255313332907
2.799230684707935E-4      -0.20641254823091262
2.800931373475883E-4      -0.20640395859132374
2.8026320622438305E-4     -0.20639976241452324
2.8043327510117786E-4     -0.2063999597005114
2.806033439779726E-4      -0.20640613026207183
2.8077341285476736E-4     -0.2063911181949766
2.809434817315621E-4      -0.20637873021857486
2.8111355060835686E-4     -0.20637054614564693
2.812836194851516E-4      -0.20636656597619515
2.8145368836194636E-4     -0.2063667897102182
2.816237572387411E-4      -0.20637268736090875
2.817938261155359E-4      -0.2063584785426522
2.8196389499233066E-4     -0.20634676833015286
2.821339638691254E-4      -0.2063390267365989
2.8230403274592016E-4     -0.20633525376199222
2.824741016227149E-4      -0.20633544940633197
2.8264417049950967E-4     -0.20634095844456135
2.828142391913719E-4      -0.2063276368081285
2.8298430788323417E-4     -0.2063166674022545
2.831543765750964E-4      -0.20630939500188067
2.833244452669586E-4      -0.20630581960700795
2.8349451395882084E-4     -0.20630594121763565
2.8366458265068306E-4     -0.20631107735050624
2.8383338426156093E-4     -0.20629876146603376
2.8400218587243875E-4     -0.2062885572264171
2.841709874833166E-4      -0.20628178214839515
2.8433978909419444E-4     -0.20627843623197015
2.8450859070507225E-4     -0.20627851947714082
2.846773923159501E-4      -0.20628342168209685
2.8484226869974994E-4     -0.20627218789166132
2.850071450835497E-4      -0.20626276097757593
2.851720214673495E-4      -0.2062565307380272
2.853368978511493E-4      -0.20625349717301716
2.855017742349491E-4      -0.2062536602825446
2.856666506187489E-4      -0.20625836300758638
2.8582628449681633E-4     -0.20624809978086198
2.859859183748838E-4      -0.20623946905110158
2.861455522529512E-4      -0.2062338137592793
2.8630518613101863E-4     -0.20623113390539619
2.864648200090861E-4      -0.20623142948945208
2.8662445388715353E-4     -0.20623591255602108
2.8677901195100846E-4     -0.20622650482001523
2.869335700148634E-4      -0.20621864712811327
2.870881280787183E-4      -0.2062135515248894
2.872426861425732E-4      -0.20621121801034398
2.8739724420642814E-4     -0.20621164658447652
2.8755180227028307E-4     -0.20621591385609322
2.8770144591355165E-4     -0.20620726209201573
2.878510895568202E-4      -0.20620011268685304
2.8800073320008876E-4     -0.20619554224941172
2.8815037684335734E-4     -0.20619355077969156
2.8830002048662587E-4     -0.2061941382776928
2.8844966412989445E-4     -0.20619828084919528
2.885945496144342E-4      -0.20619029008290357
2.88739435098974E-4       -0.20618375596692537
2.888843205835137E-4      -0.20617965460704069
2.8902920606805346E-4     -0.20617798600324952
2.891740915525932E-4      -0.20617875015555212
2.8931897703713294E-4     -0.20618283617010907
2.894592556562055E-4      -0.20617540740904633
2.895995342752781E-4      -0.20616941307706255
2.897398128943506E-4      -0.2061657422803174
2.898800915134232E-4      -0.20616439501881254
2.900203701324957E-4      -0.2061653712925471
2.901606487515683E-4      -0.20616948668690435
2.9029646698782384E-4     -0.20616249659828398
2.904322852240794E-4      -0.20615694737654078
2.9056810346033497E-4     -0.20615365460705617
2.907039216965905E-4      -0.2061526182898309
2.9083973993284604E-4     -0.20615383842486512
2.909755581691016E-4      -0.20615809908173222
2.9110705784754005E-4     -0.20615145139875482
2.9123855752597843E-4     -0.20614624984180605
2.913700572044168E-4      -0.20614327848045952
2.915015568828552E-4      -0.20614253731471632
2.9163305656129364E-4     -0.20614402634457546
2.9176455623973203E-4     -0.20614849017328468
2.918918746758003E-4      -0.2061420784228919
2.9201919311186853E-4     -0.20613715989695938
2.921465115479368E-4      -0.20613447919873312
2.9227382998400504E-4     -0.20613403632821417
2.9240114842007324E-4     -0.20613583128540175
2.925284668561415E-4      -0.20614057150319404
2.926517369991221E-4      -0.2061342650065466
2.927750071421027E-4      -0.2061295414124765
2.928982772850833E-4      -0.2061271081538797
2.930215474280639E-4      -0.2061269652307571
2.9314481757104446E-4     -0.2061291126431086
2.932680877140251E-4      -0.20613422340888252
2.933874382858653E-4      -0.20612787165749713
2.935067888577056E-4      -0.20612324042592378
2.936261394295458E-4      -0.2061210027321112
2.93745490001386E-4       -0.20612115857605917
2.938648405732263E-4      -0.2061237079577679
2.9398419114506653E-4     -0.2061292887571128
2.940997467747933E-4      -0.20612271195439366
2.942153024045201E-4      -0.20611805004045972
2.943308580342469E-4      -0.2061159408951856
2.9444641366397365E-4     -0.20611638451857175
2.9456196929370047E-4     -0.20611938091061768
2.9467752492342723E-4     -0.20612552837258918
2.9478940627728807E-4     -0.20611850964685008
2.949012876311489E-4      -0.2061136674736004
2.950131689850097E-4      -0.2061116001541049
2.9512505033887053E-4     -0.20611230768836353
2.9523693169273136E-4     -0.20611579007637634
2.953488130465922E-4      -0.20612260326151516
2.9545713695405807E-4     -0.20611484661850477
2.95565460861524E-4       -0.20610961363233848
2.956737847689898E-4      -0.20610746024638738
2.957821086764557E-4      -0.20610838646065238
2.958904325839216E-4      -0.20611239227513328
2.9599875649138744E-4     -0.20611997271582833
2.961036360671493E-4      -0.20611107311589152
2.9620851564291114E-4     -0.2061051556522974
2.96313395218673E-4       -0.20610271535104366
2.964182747944348E-4      -0.20610375221213031
2.9652315437019667E-4     -0.20610826623555742
2.966280339459585E-4      -0.20611665859341566
2.967295787080446E-4      -0.20610606061381437
2.968311234701307E-4      -0.20609905103887202
2.9693266823221676E-4     -0.20609603104067858
2.9703421299430286E-4     -0.20609700061923464
2.971357577563889E-4      -0.20610195977453977
2.97237302518475E-4       -0.20611115230665664
2.9733561850261254E-4     -0.20609808240169986
2.9743393448675013E-4     -0.20608938221029244
2.975322504708876E-4      -0.20608529553249588
2.976305664550252E-4      -0.20608582236831066
2.9772888243916274E-4     -0.20609096271773644
2.9782719842330027E-4     -0.20610079944101525
2.979223882936408E-4      -0.20608408550307153
2.9801757816398135E-4     -0.20607275410989173
2.9811276803432186E-4     -0.20606688812171747
2.9820795790466237E-4     -0.20606648753854892
2.9830314777500293E-4     -0.2060715523603861
2.9839833764534345E-4     -0.2060827568351215
2.9849050080166744E-4     -0.2060599524035812
2.985826639579914E-4      -0.2060437218959388
2.9867482711431526E-4     -0.20603473956008664
2.9876699027063926E-4     -0.20603300539602476
2.988591534269632E-4      -0.20603851940375306
2.9895131658328714E-4     -0.20605586749118
2.990405492601034E-4      -0.20601760621716977
2.991297819369197E-4      -0.2059883101078451
2.99219014613736E-4       -0.205972565071114
2.9930824729055227E-4     -0.20597037110697647
2.9939747996736855E-4     -0.20598172821543245
2.994867126441848E-4      -0.20598484865975164
2.9957226053682064E-4     -0.205951519815753
2.9965780842945656E-4     -0.20591267471320857
2.997433563220924E-4      -0.20584652561538724
2.9982890421472824E-4     -0.2057530725222894
2.999144521073641E-4      -0.20563231543391478
3.0E-4                    -0.20548425435026366
