% Model:              PLacek_MembTVNJ_ArticleDims_Rh100um_hg10um_To2MHz_PHedit.mph
% Version:            COMSOL 6.3.0.420
% Date:               Aug 12 2025, 09:40
% Dimension:          1
% Nodes:              1801
% Expressions:        1
% Description:        Line graph
% Arc length (m)          real(p)
0                         NaN
1.6835192320072636E-7     0.03311971668489507
3.367038464014527E-7      0.03312291548659337
5.050557696021791E-7      0.033123087460335335
6.734076928029054E-7      0.033120232605993394
8.417596160036319E-7      0.03311435092361208
1.0101115392043582E-6     0.03310496255539117
1.1801802473622774E-6     0.033112789133110686
1.3502489555201964E-6     0.033118070755801775
1.5203176636781154E-6     0.033120327565657706
1.6903863718360344E-6     0.03311955956269454
1.8604550799939534E-6     0.033115766746857185
2.0305237881518723E-6     0.03311094692836024
2.200592664946635E-6      0.033115381384066674
2.370661541741397E-6      0.033117080599563455
2.5407304185361593E-6     0.03311804238496089
2.710799295330922E-6      0.03311826674038176
2.880868172125684E-6      0.03311775366573136
3.0509370489204466E-6     0.03311756777045949
3.2210059257152087E-6     0.03311717838792665
3.3910748025099717E-6     0.03311588797658159
3.5611436793047335E-6     0.03311476114587353
3.731212556099496E-6      0.03311379789579331
3.901281432894258E-6      0.03311299822636817
4.07135030968902E-6       0.03311277895299844
4.2414191864837825E-6     0.0331102884384949
4.411488063278545E-6      0.03310801734093049
4.581556940073307E-6      0.03310638247578725
4.751625816868069E-6      0.03310538384297735
4.921694693662831E-6      0.03310502144260163
5.091763570457593E-6      0.03310538889776311
5.261832447252356E-6      0.03310121807064678
5.4319013240471185E-6     0.03309794429912066
5.601970200841881E-6      0.03309566120639512
5.772039077636643E-6      0.03309436879242462
5.942107954431407E-6      0.03309406705726121
6.112176831226169E-6      0.03309493874959635
6.282245708020931E-6      0.03308985890011963
6.452314584815693E-6      0.03308582002783217
6.622383461610455E-6      0.033083004881431934
6.7924523384052175E-6     0.03308141346104905
6.96252121519998E-6       0.03308104576654364
7.132590091994742E-6      0.03308196913927633
7.302658968789505E-6      0.033075981147218735
7.472727845584267E-6      0.03307132138223491
7.642796722379028E-6      0.03306805718561068
7.812865599173792E-6      0.03306618855734277
7.982934475968554E-6      0.03306571549738891
8.153003352763316E-6      0.033066543239800614
8.323072229558079E-6      0.033059742388616906
8.493141106352842E-6      0.03305456512810436
8.663209983147605E-6      0.03305091669226572
8.833278859942367E-6      0.033048797081126985
9.003347736737129E-6      0.03304820629465889
9.173416613531891E-6      0.033048944832155654
9.343485490326653E-6      0.033041466480583224
9.513554367121415E-6      0.033035817162815916
9.683623243916178E-6      0.033031797378190224
9.853692120710938E-6      0.03302940712668013
1.00237609975057E-5       0.03302864640826286
1.0193829874300462E-5     0.03302926669566185
1.0363898751095225E-5     0.03302123861456761
1.0533967627889988E-5     0.033015155181028356
1.070403650468475E-5      0.03301076786775126
1.0874105381479513E-5     0.0330080766747656
1.1044174258274277E-5     0.033007081602016076
1.1214243135069039E-5     0.033007505478022746
1.1384312011863803E-5     0.032999022260708354
1.1554380888658565E-5     0.032992548105262615
1.1724449765453327E-5     0.03298780584020884
1.1894518642248089E-5     0.03298479546550801
1.2064587519042851E-5     0.03298351698117311
1.2234656395837613E-5     0.03298366355429942
1.2404725272632376E-5     0.03297479790907996
1.257479414942714E-5      0.032967979419844626
1.27448630262219E-5       0.032962901253753736
1.2914931903016664E-5     0.03295956341072595
1.3085000779811424E-5     0.03295796589081333
1.3255069656606186E-5     0.0329577756016905
1.3425138533400948E-5     0.03294859821556033
1.3595207410195712E-5     0.03294147726694358
1.3765276286990473E-5     0.03293607966361247
1.3935345163785237E-5     0.03293240540547267
1.4105414040579997E-5     0.032930454492572966
1.427548291737476E-5      0.03292987494552166
1.4445551794169521E-5     0.032920460585642145
1.4615620670964285E-5     0.032913078765247954
1.4785689547759046E-5     0.03290737750502219
1.495575842455381E-5      0.032903356804922575
1.5125827301348572E-5     0.03290101666494585
1.5295896178143334E-5     0.03289998834745099
1.5465965054938098E-5     0.03289040493449112
1.5636033931732858E-5     0.03288280377144376
1.580610280852762E-5      0.0328768161206321
1.5976171685322383E-5     0.032872441982108175
1.6146240562117146E-5     0.032869681355780916
1.6316309438911907E-5     0.0328681449123184
1.648637831570667E-5      0.0328584424676494
1.665644719250143E-5      0.03285065725960958
1.6826516069296195E-5     0.032844399958880034
1.6996584946090956E-5     0.03283967056531766
1.716665382288572E-5      0.03283646907898749
1.733672269968048E-5      0.03283439222824382
1.7506791576475244E-5     0.03282461036340727
1.7676860453270008E-5     0.03281666199349999
1.7846929330064768E-5     0.032810143846915316
1.8016998206859532E-5     0.03280505592365323
1.8187067083654292E-5     0.03280139822370073
1.8357135960449056E-5     0.03279870643402703
1.852720483724382E-5      0.032788824159405025
1.8697273714038584E-5     0.03278073652573809
1.8867342590833344E-5     0.03277397922000194
1.9037411467628108E-5     0.032768552242209585
1.9207480344422872E-5     0.032764455592361026
1.9377549221217633E-5     0.032761186116719784
1.9547618098012396E-5     0.032751202406431146
1.9717686974807157E-5     0.032742962940898526
1.9887755851601917E-5     0.03273596456644396
2.005782472839668E-5      0.03273020728306746
2.0227893605191438E-5     0.03272569109075276
2.0397962481986202E-5     0.032721881137963704
2.0568031358780966E-5     0.032711780550430426
2.073810023557573E-5      0.03270337800784216
2.090816911237049E-5      0.032696138658666024
2.1078237989165254E-5     0.03269006250289226
2.1248306865960018E-5     0.03268514954049809
2.141837574275478E-5      0.03268084376516499
2.1588444619549542E-5     0.03267061515386126
2.1758513496344303E-5     0.03266203846857114
2.1928582373139063E-5     0.032654557702992366
2.2098651249933827E-5     0.03264817285700784
2.2268720126728584E-5     0.032642883930702145
2.2438789003523348E-5     0.03263812360858388
2.2608857880318112E-5     0.032627760168379205
2.2778926757112876E-5     0.03261900085676588
2.2948995633907636E-5     0.03261127835827857
2.3119064510702397E-5     0.03260459267289449
2.3289133387497164E-5     0.032598943800633176
2.3459202264291924E-5     0.032593746452774824
2.3629271141086688E-5     0.03258323155696014
2.379934001788145E-5      0.03257428604096399
2.396940889467621E-5      0.03256632461609911
2.4139477771470973E-5     0.0325593472823102
2.4309546648265737E-5     0.03255335403960704
2.4479615525060497E-5     0.03254774322054654
2.464968440185526E-5      0.032537076397833424
2.481975327865002E-5      0.03252794569655581
2.4989822155444785E-5     0.032519749449286935
2.515989103223955E-5      0.03251248765605606
2.532995990903431E-5      0.03250616031684692
2.5500028785829074E-5     0.03250014452519635
2.5670097662623834E-5     0.032489328096168356
2.5840166539418598E-5     0.03248001961938341
2.6010235416213362E-5     0.03247159618840112
2.6180304293008122E-5     0.032464057803211724
2.6350373169802883E-5     0.032457404463792444
2.6520442046597647E-5     0.03245098146115039
2.669051092339241E-5      0.03244001460632257
2.686057980018717E-5      0.032430538277130314
2.703064867698193E-5      0.03242189776450589
2.7200717553776692E-5     0.03241409306849811
2.7370786430571456E-5     0.03240712418905817
2.7540855307366216E-5     0.0324003103666277
2.771092418416098E-5      0.032389207541785425
2.7880993060955744E-5     0.0323795717521261
2.8051061937750504E-5     0.03237072223803605
2.8221130814545265E-5     0.0323626589994795
2.839119969134003E-5      0.032355382036495475
2.8561268568134793E-5     0.03234817755291513
2.8731337444929556E-5     0.0323369425215473
2.890140632172432E-5      0.03232715810134649
2.907147519851908E-5      0.03231811049611783
2.9241544075313845E-5     0.03230979970585482
2.9411612952108605E-5     0.03230222573057046
2.958168182890337E-5      0.03229464367942203
2.975175070569813E-5      0.03228328811891307
2.9921819582492897E-5     0.03227336524617458
3.0091888459287654E-5     0.03226413017038337
3.0261957336082418E-5     0.03225558289157846
3.0432026212877178E-5     0.032247723409727334
3.060209508967194E-5      0.03223979632648605
3.07721639664667E-5       0.032228351903042074
3.0942232843261466E-5     0.032218299094445534
3.111230172005623E-5      0.03220888250246958
3.1282370596850994E-5     0.03220010212702314
3.145243947364575E-5      0.03219195796818754
3.1622508350440515E-5     0.03218363146203672
3.179257722723528E-5      0.03217206962221422
3.196264610403004E-5      0.03216190865263166
3.21327149808248E-5       0.03215232998947034
3.2302783857619563E-5     0.03214333363275301
3.247285273441433E-5      0.0321349195824553
3.264292161120909E-5      0.03212623392112957
3.2812990488003855E-5     0.03211459250532489
3.298305936479862E-5      0.03210433268837301
3.315312824159338E-5      0.03209460055291575
3.332319711838814E-5      0.03208539609887505
3.3493265995182904E-5     0.0320767193263241
3.366333487197767E-5      0.03206766879591345
3.383340374877243E-5      0.03205595337355331
3.400347262556719E-5      0.03204561077229024
3.417354150236195E-5      0.0320357395528252
3.434361037915671E-5      0.03202633971525578
3.4513679255951466E-5     0.0320174112594551
3.468374813274623E-5      0.03200801599659695
3.4853817009540994E-5     0.03199625241910381
3.502388588633576E-5      0.031985840671430184
3.519395476313052E-5      0.03197584256465552
3.5364023639925286E-5     0.03196625809879282
3.553409251672005E-5      0.031957087273825825
3.5704161393514813E-5     0.03194734489322206
3.587423027030958E-5      0.031935543600947046
3.604429914710434E-5      0.03192508114399496
3.6214368023899105E-5     0.03191497232586259
3.638443690069387E-5      0.03190521714655643
3.655450577748863E-5      0.03189581560611716
3.672457465428339E-5      0.031885736984936255
3.6894643531078154E-5     0.03187392110382971
3.706471240787292E-5      0.03186342694767613
3.7234781284667675E-5     0.03185322379693046
3.740485016146244E-5      0.0318433116515992
3.7574919038257195E-5     0.03183369051164982
3.774498791505196E-5      0.031823294935250226
3.791505679184672E-5      0.03181149965140363
3.808512566864148E-5      0.031800994374311574
3.8255194545436244E-5     0.03179071366208991
3.842526342223101E-5      0.03178065751472887
3.8595332299025765E-5     0.031770825932218714
3.876540117582053E-5      0.031760115128538796
3.893547005261529E-5      0.0317483671471162
3.910553892941006E-5      0.03173787528327233
3.927560780620482E-5      0.03172753575095403
3.9445676682999584E-5     0.03171734855018082
3.961574555979435E-5      0.03170731368098032
3.978581443658911E-5      0.03169627446739834
3.995588331338387E-5      0.0316845909417342
4.012595219017863E-5      0.03167413829852704
4.02960210669734E-5       0.03166375986198687
4.0466089943768154E-5     0.03165345563203563
4.063615882056292E-5      0.03164322560873024
4.0806227697357675E-5     0.031631843509310864
4.097629657415244E-5      0.03162024217003476
4.11463654509472E-5       0.03160985688636798
4.1316434327741966E-5     0.0315994613755328
4.148650320453673E-5      0.031589055637571514
4.165657208133149E-5      0.031578639672446715
4.182664095812625E-5      0.031566906748407134
4.1996709834921015E-5     0.031555412491507374
4.216677871171578E-5      0.03154512414174976
4.233684758851054E-5      0.03153473496738466
4.2506916465305307E-5     0.03152424496849338
4.267698534210007E-5      0.03151365414498324
4.2847054218894834E-5     0.0315015766939304
4.30171230956896E-5       0.031490224190135606
4.3187191972484355E-5     0.031480061197324744
4.335726084927912E-5      0.03146970191251381
4.3527329726073876E-5     0.03145914633572232
4.369739860286864E-5      0.031448394466934
4.38674674796634E-5       0.031435989975911474
4.403753635645816E-5      0.03142481936810396
4.4207605233252925E-5     0.03141480820682377
4.437767411004769E-5      0.031404500161814015
4.454774298684245E-5      0.03139389523309095
4.471781186363721E-5      0.03138299342061229
4.4887880740431973E-5     0.03137025463000753
4.505794961722674E-5      0.03135929211120596
4.52280184940215E-5       0.0313494660598016
4.539808737081626E-5      0.031339236381355655
4.556815624761102E-5      0.03132860307591365
4.5738225124405786E-5     0.03131756614343818
4.590829400120055E-5      0.03130449586511624
4.6078362877995314E-5     0.031293763415559485
4.624843175479008E-5      0.03128415869708892
4.641850063158484E-5      0.031274051990909414
4.65885695083796E-5       0.03126344329705024
4.675863838517436E-5      0.03125233261544797
4.6928707261969126E-5     0.031239203247476383
4.709877613876389E-5      0.03122891565083023
4.7268845015558654E-5     0.031219530065705613
4.743891389235341E-5      0.031209529793458424
4.7608982769148175E-5     0.031198914834036622
4.777905164594294E-5      0.031187685187440202
4.79491205227377E-5       0.03117404765265381
4.8119189399532466E-5     0.031163929425928095
4.828925827632723E-5      0.031154857178149687
4.845932715312199E-5      0.031145037708270693
4.8629396029916744E-5     0.031134471016268345
4.8799464906711515E-5     0.031123157102121504
4.896953378350627E-5      0.031109224877347033
4.9139602660301036E-5     0.03109949448139318
4.93096715370958E-5       0.03109075640264791
4.947974041389056E-5      0.03108113955260696
4.9649809290685314E-5     0.03107064393120853
4.981987816748008E-5      0.031059269538450996
4.998994704427484E-5      0.031045039822818442
5.0160015921069605E-5     0.031035707434788107
5.033008479786437E-5      0.03102733861547204
5.050015367465913E-5      0.03101795681340148
5.067022255145389E-5      0.0310075620284691
5.0840291428248654E-5     0.0309961542607432
5.101036030504342E-5      0.030981665160814367
5.1180429181838175E-5     0.030972783601604607
5.135049805863294E-5      0.03096482084100562
5.15205669354277E-5       0.03095570852966329
5.169063581222245E-5      0.03094544666756136
5.1860704689017224E-5     0.03093403525475675
5.203077356581198E-5      0.030919301324004167
5.2200842442606745E-5     0.030910899921416355
5.237091131940151E-5      0.030903382476868902
5.254098019619627E-5      0.030894576023254742
5.2711049072991036E-5     0.030884480560469798
5.28811179497858E-5       0.030873096088610007
5.3051186826580564E-5     0.03085812921598769
5.322125570337533E-5      0.030850238781959496
5.339132458017009E-5      0.030843209834512428
5.3561393456964855E-5     0.030834748982051487
5.373146233375962E-5      0.030824856224573424
5.390153121055438E-5      0.030813531562063602
5.407160008734914E-5      0.0307983533348453
5.4241668964143904E-5     0.03079101305250102
5.441173784093867E-5      0.030784516997242245
5.4581806717733425E-5     0.030776443509358115
5.475187559452819E-5      0.030766792588920174
5.492194447132294E-5      0.030755564235850366
5.50920133481177E-5       0.030740196115718113
5.526208222491247E-5      0.030733438757143704
5.543215110170724E-5      0.030727520448073878
5.5602219978501995E-5     0.03071987885397397
5.577228885529676E-5      0.03071051397484399
5.594235773209153E-5      0.030699425810721322
5.611242660888629E-5      0.030683900000854296
5.628249548568105E-5      0.03067776228157815
5.6452564362475814E-5     0.030672469470786386
5.662263323927058E-5      0.030665307207901348
5.679270211606533E-5      0.030656275492835203
5.69627709928601E-5       0.030645374325661133
5.7132839869654856E-5     0.030629739739237216
5.730290874644962E-5      0.030624289414731377
5.747297762324438E-5      0.030619680466925592
5.764304650003915E-5      0.030613048928690947
5.781311537683391E-5      0.03060439480007786
5.7983184253628675E-5     0.03059371808106356
5.815325313042344E-5      0.030578016383018596
5.83233220072182E-5       0.030573353219515986
5.8493390884012966E-5     0.030569501675089778
5.866345976080773E-5      0.030563459361069856
5.8833528637602494E-5     0.030555226277535902
5.900359751439725E-5      0.03054480242442317
5.9173666391192015E-5     0.030529035655568738
5.934373526798678E-5      0.030525265512200167
5.951380414478154E-5      0.030522261503775083
5.96838730215763E-5       0.0305168714841091
5.9853941898371064E-5     0.030509095453205466
6.0024010775165814E-5     0.030498933411084
6.019407965196058E-5      0.0304830256335133
6.036414852875534E-5      0.03048024381198096
6.0534217405550106E-5     0.030478194234970803
6.070428628234486E-5      0.030473517178264936
6.087435515913962E-5      0.030466212641901566
6.104442403593438E-5      0.03045628062582379
6.121449291272915E-5      0.03044007346120228
6.138456178952391E-5      0.030438367681302037
6.155463066631868E-5      0.030437398838340537
6.172469954311344E-5      0.030433519263433993
6.18947684199082E-5       0.030426728956578324
6.206483729670297E-5      0.030417027917773544
6.223490617349773E-5      0.03040044663519695
6.24049750502925E-5       0.030399922694049612
6.257504392708726E-5      0.030400154603058966
6.274511280388202E-5      0.030397172850324252
6.291518168067679E-5      0.03039097743592029
6.308525055747155E-5      0.030381568359788527
6.325531943426631E-5      0.030364700801794937
6.342538831106108E-5      0.030365475860701815
6.359545718785583E-5      0.030366984295509693
6.376552606465059E-5      0.030364981286065015
6.393559494144536E-5      0.030359466832416578
6.41056638182401E-5       0.030350440934479812
6.427573269503487E-5      0.030333409700784554
6.444580157182963E-5      0.03033555693380532
6.461587044862441E-5      0.03033840103145659
6.478593932541916E-5      0.03033744810216086
6.495600820221393E-5      0.03033269814584983
6.512607707900869E-5      0.030324151162616202
6.529614595580345E-5      0.03030704077048011
6.546621483259822E-5      0.0303106036820005
6.5636283709393E-5        0.030314857367532658
6.580635258618774E-5      0.030315035445160142
6.597642146298251E-5      0.030311137914860186
6.614649033977727E-5      0.030303164776634424
6.631655921657204E-5      0.03028604938003747
6.64866280933668E-5       0.03029108443110502
6.665669697016156E-5      0.03029683550004472
6.682676584695633E-5      0.03029823593642907
6.699683472375108E-5      0.030295285740254835
6.716690360054584E-5      0.03028798491155453
6.73369724773406E-5       0.030270934544006506
6.750704135413537E-5      0.03027750464559529
6.767711023093013E-5      0.030284849334743156
6.784717910772488E-5      0.03028756970518699
6.801724798451965E-5      0.030285665756965837
6.818731686131441E-5      0.030279137490024397
6.835738573810918E-5      0.030262213915611087
6.852745461490394E-5      0.030270391307291183
6.86975234916987E-5       0.030279440509080564
6.886759236849347E-5      0.03028359053215608
6.903766124528822E-5      0.030282841376560017
6.920773012208298E-5      0.030277193042259853
6.937779899887774E-5      0.030260461505416295
6.954786787567251E-5      0.0302703370655627
6.971793675246727E-5      0.03028121812042978
6.988800562926202E-5      0.030286920646191266
7.005807450605679E-5      0.030287444642821133
7.022814338285155E-5      0.030282790110356783
7.039821225964631E-5      0.03026631103384362
7.056828113644108E-5      0.0302779977784344
7.073835001323584E-5      0.030290858466099666
7.09084188900306E-5       0.030298247081948216
7.107848776682537E-5      0.030300163626012594
7.124855664362013E-5      0.030296608098257006
7.14186255204149E-5       0.03028040522934718
7.158869439720966E-5      0.030294051007044943
7.175876327400443E-5      0.030309073418342325
7.192883215079919E-5      0.03031829719388225
7.209890102759395E-5      0.030321722333677747
7.226896990438872E-5      0.030319348837707656
7.243903878118348E-5      0.030303391887572653
7.260910765797824E-5      0.030319186152052913
7.277917653477301E-5      0.0303365947644585
7.294924541156777E-5      0.030347832906368947
7.311931428836252E-5      0.030352900577761483
7.32893831651573E-5       0.030351797778653995
7.345945204195205E-5      0.030336060276945437
7.362952091874681E-5      0.03035423015610894
7.379958979554158E-5      0.03037427680607188
7.396965867233633E-5      0.030387735994728337
7.413972754913108E-5      0.03039460772211407
7.430979642592586E-5      0.030394891988225033
7.44798653027206E-5       0.030379387663233802
7.464993417951538E-5      0.03040017753934338
7.482000305631013E-5      0.03042312662995632
7.499007193310491E-5      0.03043903380526311
7.516014080989968E-5      0.03044789906531009
7.533020968669444E-5      0.030449722410061383
7.55002785634892E-5       0.03043452653298779
7.567034744028397E-5      0.030458186207307822
7.584041631707873E-5      0.0304842950024945
7.601048519387348E-5      0.03050287561201058
7.618055407066824E-5      0.03051392803588209
7.6350622947463E-5        0.030517452274085963
7.652069182425776E-5      0.030502629744127506
7.669076070105252E-5      0.030529379748436634
7.686082957784729E-5      0.030558912166296193
7.703089845464205E-5      0.03058040841522154
7.72009673314368E-5       0.030593868495204544
7.737103620823156E-5      0.030599292406267877
7.754110508502633E-5      0.030584971965024306
7.771117396182109E-5      0.03061501628725146
7.788124283861586E-5      0.030648233630906612
7.805131171541062E-5      0.03067291581259207
7.822138059220538E-5      0.0306890628323314
7.839144946900015E-5      0.03069667469011232
7.856151834579491E-5      0.030683146302827476
7.873158722258968E-5      0.030716618532499552
7.890165609938444E-5      0.030753722810773626
7.907172497617919E-5      0.030781854054500988
7.924179385297395E-5      0.030801012263756446
7.941186272976872E-5      0.0308111974384847
7.958193160656348E-5      0.03079890043630167
7.975200048335824E-5      0.030835788669439857
7.992206936015301E-5      0.03087688782247132
8.009213823694777E-5      0.030908688752976192
8.026220711374252E-5      0.03093119146100001
8.04322759905373E-5       0.030944395946542774
8.060234486733205E-5      0.03093384984551252
8.077241374412683E-5      0.03097399009923088
8.094248262092158E-5      0.031019111651434523
8.111255149771634E-5      0.031054762138034743
8.12826203745111E-5       0.031080941559025035
8.145268925130588E-5      0.031097649914431418
8.162275812810063E-5      0.031089412277580473
8.179282700489541E-5      0.031132498640063587
8.196289588169016E-5      0.031181598150185712
8.213296475848491E-5      0.031221235881221387
8.230303363527969E-5      0.031251411833170616
8.247310251207444E-5      0.031272126006083804
8.26431713888692E-5       0.03126679127858446
8.281324026566398E-5      0.031312314426796245
8.298330914245874E-5      0.03136521098367951
8.31533780192535E-5       0.031408893827852884
8.332344689604827E-5      0.031443362959358664
8.349351577284304E-5      0.03146861837821311
8.36635846496378E-5       0.031466872335720375
8.383365352643258E-5      0.031513967085957134
8.400372240322733E-5      0.031570245271313406
8.417379128002208E-5      0.03161791914314543
8.434386015681686E-5      0.03165698870146294
8.45139290336116E-5       0.03168745394629523
8.468399791040637E-5      0.0316902473905189
8.485406678720113E-5      0.03173753253693325
8.50241356639959E-5       0.0317963676617227
8.519420454079065E-5      0.031847685277754154
8.536427341758541E-5      0.03189148538507638
8.553434229438016E-5      0.03192776798367311
8.570441117117493E-5      0.03193593931589979
8.587448004796969E-5      0.03198138648754914
8.604454892476445E-5      0.03204159630372688
8.621461780155922E-5      0.03209597500684701
8.638468667835397E-5      0.03214452259693879
8.655475555514873E-5      0.03218723907396319
8.67248244319435E-5       0.03220181191307682
8.689489330873826E-5      0.03224279104557923
8.706496218553302E-5      0.032302628136108125
8.723503106232779E-5      0.032359010659914436
8.740509993912255E-5      0.03241193861692661
8.757516881591731E-5      0.03246141200718368
8.774523769271208E-5      0.03248280643259678
8.791530656950684E-5      0.03251591287492761
8.80853754463016E-5       0.03257319743196093
8.825544432309636E-5      0.03263003570566966
8.842551319989112E-5      0.032686427696024555
8.859558207668588E-5      0.032742373403007695
8.876565095348065E-5      0.03277007429818691
8.893571983027541E-5      0.03279140629710352
8.910578870707019E-5      0.03284355869499002
8.927585758386494E-5      0.03289873296339958
8.94459264606597E-5       0.03295692910232246
8.961599533745447E-5      0.033018147111786404
8.978606421424923E-5      0.0330503437264381
8.9956133091044E-5        0.033055617447323285
9.012620196783876E-5      0.03309963714754066
9.029627084463352E-5      0.03315035956171855
9.046633972142827E-5      0.03320778468986955
9.063640859822305E-5      0.033271912532001985
9.08064774750178E-5       0.03330534968113223
9.097654635181258E-5      0.033290081898510106
9.114661522860733E-5      0.03332249522848723
9.131668410540209E-5      0.033365196264100505
9.148675298219686E-5      0.03341818500534788
9.165682185899162E-5      0.03348146145222102
9.182689073578638E-5      0.03351139940402258
9.199695961258116E-5      0.03347124270111138
9.216702848937591E-5      0.033488104019804135
9.233709736617066E-5      0.03351835715925691
9.250716624296544E-5      0.03356200211954736
9.267723511976019E-5      0.033619038900634834
9.284730399655495E-5      0.033639221766498126
9.301737287334972E-5      0.03357045975914052
9.31874417501445E-5       0.033567491757779275
9.335751062693924E-5      0.03358007202636027
9.3527579503734E-5        0.03360820056485381
9.369764838052876E-5      0.03365187737329415
9.386771725732352E-5      0.03365466378882892
9.403778613411829E-5      0.033554944064174065
9.420785501091305E-5      0.03352791408156028
9.43779238877078E-5       0.03351713517810988
9.454799276450256E-5      0.033522607353820434
9.471806164129733E-5      0.03354433060872416
9.488813051809209E-5      0.0335213377750909
9.505819939488686E-5      0.03339060378113335
9.522826827168162E-5      0.033335934009451604
9.539833714847638E-5      0.03329636129235686
9.556840602527113E-5      0.03327188562986417
9.57384749020659E-5       0.03326250702195746
9.590854377886066E-5      0.03320603165378062
9.607861265565543E-5      0.03304732536887321
9.62486815324502E-5       0.032962828403648566
9.641875040924495E-5      0.032890346943199124
9.658881928603972E-5      0.03282988098757774
9.675888816283448E-5      0.03278143053673512
9.692895703962925E-5      0.03268649481436872
9.709902591642401E-5      0.032506109862692235
9.726909479321879E-5      0.03239170180113038
9.743916367001354E-5      0.03228476985335551
9.76092325468083E-5       0.032185314019381045
9.777930142360306E-5      0.03209333429919803
9.794937030039783E-5      0.03195975995647042
9.811943917719258E-5      0.03176633967128972
9.828950805398736E-5      0.031624489942476575
9.84595769307821E-5       0.03148514003367135
9.862964580757686E-5      0.03134828994489681
9.879971468437162E-5      0.0312139396761313
9.896978356116637E-5      0.03104747699478385
9.913985243796113E-5      0.03085016792552416
9.930992131475591E-5      0.030685799852268148
9.947999019155066E-5      0.030519760542367744
9.965005906834544E-5      0.030352049995863106
9.982012794514019E-5      0.03018266821272542
9.999019682193495E-5      0.029994176900982217
1.0016026569872972E-4     0.029800456214029495
1.003303345755245E-4      0.029620103757847252
1.0050040345231925E-4     0.029435681240354443
1.0067047232911402E-4     0.029247188661607873
1.0084054120590877E-4     0.029054626021582236
1.0101061008270354E-4     0.028857304147167043
1.011806789594983E-4      0.028671331827916438
1.0135074783629308E-4     0.028481714962535674
1.0152081671308783E-4     0.0282877643778331
1.016908855898826E-4      0.028089480073878334
1.0186095446667736E-4     0.02788686205063522
1.0203102334347212E-4     0.027692905796955956
1.0220109222026688E-4     0.027515054457061507
1.0237116109706166E-4     0.027321532115444774
1.0254122997385641E-4     0.02712533426090864
1.0271129885065116E-4     0.026926460893499992
1.0288136772744593E-4     0.026724912013186296
1.0305143660424069E-4     0.026543136769560417
1.0322150548103545E-4     0.02637072837215423
1.0339157435783022E-4     0.02617626484630795
1.0356164323462497E-4     0.025982195341578692
1.0373171211141973E-4     0.02578851985799028
1.0390178098821448E-4     0.025595238395513257
1.0407184986500925E-4     0.02543023989267107
1.0424191874180401E-4     0.025258914979372698
1.0441198761859879E-4     0.025064012779064275
1.0458205649539355E-4     0.024873422230249288
1.047521253721883E-4      0.024687143332867065
1.0492219424898308E-4     0.02450517608698307
1.0509226312577784E-4     0.02435775739235799
1.052623320025726E-4      0.0241828746300957
1.0543240087936737E-4     0.02398633099422079
1.0560246975616213E-4     0.023798363384477175
1.0577253863295688E-4     0.023618971800928295
1.0594260750975165E-4     0.023448156243514203
1.0611267638654641E-4     0.02331647826485307
1.0628274526334116E-4     0.023134200702043955
1.0645281414013594E-4     0.022934142119294648
1.0662288301693069E-4     0.02274686406920893
1.0679295189372544E-4     0.022572366551734762
1.0696302077052022E-4     0.02241064956691443
1.0713308964731497E-4     0.02229149224202715
1.0730315852410975E-4     0.022099335168734916
1.074732274009045E-4      0.021894025502446537
1.0764329627769927E-4     0.02170534237043798
1.0781336515449402E-4     0.021533285772728773
1.0798343403128879E-4     0.02137785570927662
1.0815350290808356E-4     0.02126754414083986
1.0832357178487833E-4     0.02106439344139523
1.0849364066167309E-4     0.020852660426063784
1.0866370953846784E-4     0.02066083705554896
1.088337784152626E-4      0.020488923329852787
1.0900384729205736E-4     0.02033691924896317
1.0917391616885212E-4     0.020231895343119
1.0934398504564688E-4     0.02001777085120256
1.0951405392244166E-4     0.019799103171753953
1.0968412279923641E-4     0.01960296283496765
1.0985419167603116E-4     0.01942934984083917
1.1002426055282593E-4     0.019278264189372996
1.1019432942962069E-4     0.01917537229896579
1.1036439830641547E-4     0.018950941145764448
1.1053446718321023E-4     0.018725340066367342
1.10704536060005E-4       0.018524235479177645
1.1087460493679976E-4     0.018347627384175443
1.1104467381359452E-4     0.018195515781400266
1.1121474269038929E-4     0.018092073586330117
1.1138481156718405E-4     0.017858081098439133
1.1155488044397881E-4     0.017625833762800344
1.1172494932077356E-4     0.017419504494918883
1.1189501819756833E-4     0.017239093294811013
1.1206508707436308E-4     0.017084600162446964
1.1223515595115784E-4     0.016978675953291264
1.124052248279526E-4      0.016735837507249298
1.1257529370474738E-4     0.016497299798294986
1.1274536258154213E-4     0.016285713681893778
1.1291543145833691E-4     0.01610107915802495
1.1308550033513168E-4     0.015943396226697746
1.1325556921192644E-4     0.01583401222495784
1.134256380887212E-4      0.015583121104743407
1.1359570696551597E-4     0.015338610720429116
1.1376577584231072E-4     0.015121828409062349
1.1393584471910548E-4     0.014932774170619938
1.1410591359590025E-4     0.014771448005133489
1.1427598247269501E-4     0.01465823005489899
1.1444605134948977E-4     0.01440012006142068
1.1461612022628454E-4     0.014149936924724242
1.147861891030793E-4      0.013928060787076885
1.1495625797987405E-4     0.013734491648497724
1.1512632685666883E-4     0.013569229508993462
1.1529639573346359E-4     0.013451900360121435
1.1546646461025836E-4     0.013187288105721232
1.156365334870531E-4      0.012931757869812554
1.1580660236384786E-4     0.012704935643898865
1.1597667124064261E-4     0.01250682142803708
1.1614674011743738E-4     0.012337415222156563
1.1631680899423213E-4     0.01221567413667582
1.1648687787102691E-4     0.011945137754071028
1.1665694674782166E-4     0.011684596059753716
1.1682701562461643E-4     0.011453006164090656
1.1699708450141119E-4     0.011250368067084694
1.1716715337820595E-4     0.011076681768736541
1.1733722225500072E-4     0.010950289577980056
1.175072911317955E-4      0.010674340492196578
1.1767736000859025E-4     0.010409108651202061
1.17847428885385E-4       0.010172936363909738
1.1801749776217977E-4     0.009965823630363102
1.1818756663897452E-4     0.009787770450517846
1.1835763551576929E-4     0.009656524959754376
1.1852770439256405E-4     0.009375619292748822
1.1869777326935883E-4     0.009106008977227112
1.1886784214615358E-4     0.008865442148536325
1.1903791102294836E-4     0.008653918806714268
1.192079798997431E-4      0.008471438951717645
1.1937804877653787E-4     0.008335146838543094
1.1954811765333263E-4     0.00804968255846068
1.1971818653012741E-4     0.00777599136905305
1.1988825540692216E-4     0.007531217525350383
1.2005832428371694E-4     0.007315361027321783
1.2022839316051169E-4     0.007128421874988389
1.2039846203730645E-4     0.006986934620649204
1.2056853091410122E-4     0.00669725894786941
1.20738599790896E-4       0.006419752707682573
1.2090866866769075E-4     0.006170950452460874
1.2107873754448552E-4     0.005950852182160405
1.2124880642128027E-4     0.005759457896823448
1.2141887529807504E-4     0.005612709013712955
1.215889441748698E-4      0.0053191242077039735
1.2175901305166458E-4     0.005038026207544582
1.2192908192845933E-4     0.004785356430579046
1.2209915080525408E-4     0.004561114876779716
1.2226921968204886E-4     0.004365301546154727
1.224392885588436E-4      0.004213313700643199
1.2260935743563836E-4     0.003916102338898543
1.2277942631243313E-4     0.003631599944462496
1.2294949518922788E-4     0.003375203779292068
1.2311956406602266E-4     0.00314691384337425
1.232896329428174E-4      0.0029467301367187993
1.2345970181961216E-4     0.002789566244579351
1.236297706964069E-4      0.00248900207783394
1.2379983957320172E-4     0.002201267594480856
1.2396990844999647E-4     0.0019412763798452891
1.2413997732679122E-4     0.0017090284338768253
1.2431004620358597E-4     0.0015045237566275055
1.2448011508038075E-4     0.0013422361398723014
1.246501839571755E-4      0.0010385674591616518
1.2482025283397027E-4     7.477677720713796E-4
1.2499032171076502E-4     4.84310870474032E-4
1.2516039058755977E-4     2.481967543322056E-4
1.2533045946435455E-4     3.9425423667041495E-5
1.255005283411493E-4      -1.2794810481137298E-4
1.2567059721794408E-4     -4.34511149972202E-4
1.2584066609473883E-4     -7.282183346844172E-4
1.2601073497153358E-4     -9.95014642272082E-4
1.2618080384832836E-4     -0.0012349000726847837
1.2635087272512313E-4     -0.0014478746259566728
1.2652094160191788E-4     -0.001620305496150632
1.2669101047871266E-4     -0.001929594161582876
1.268610793555074E-4      -0.002226061457711564
1.270311482323022E-4      -0.0024960745785686813
1.2720121710909694E-4     -0.0027396335242078924
1.2737128598589172E-4     -0.002956738294583664
1.2754135486268647E-4     -0.0031341833512625933
1.2771142373948125E-4     -0.0034460613024327024
1.27881492616276E-4       -0.0037451589636486554
1.2805156149307075E-4     -0.00401827079642176
1.282216303698655E-4      -0.004265396800765025
1.2839169924666027E-4     -0.00448653697667845
1.2856176812345502E-4     -0.004668885020014129
1.287318370002498E-4      -0.00498323311437394
1.2890190587704455E-4     -0.005284862787484019
1.290719747538393E-4      -0.005560967735150926
1.2924204363063408E-4     -0.005811547957399054
1.2941211250742886E-4     -0.006036603454210514
1.295821813842236E-4      -0.006223681017597745
1.2975225026101836E-4     -0.006540384813881929
1.2992231913781313E-4     -0.006844466203481159
1.3009238801460788E-4     -0.007123471978399744
1.3026245689140266E-4     -0.007377402138616544
1.304325257681974E-4      -0.007606256684146195
1.3060259464499216E-4     -0.007797918934091364
1.3077266352178694E-4     -0.008116862514400344
1.3094273239858172E-4     -0.008423298612767652
1.3111280127537647E-4     -0.008705110548281313
1.3128287015217125E-4     -0.00896229832093808
1.31452939028966E-4       -0.009194861930744458
1.3162300790576077E-4     -0.009391026750342396
1.3179307678255552E-4     -0.009712080632428486
1.319631456593503E-4      -0.010020751810394227
1.3213321453614505E-4     -0.010305265656901085
1.3230328341293983E-4     -0.01056562217196695
1.3247335228973458E-4     -0.010801821355572304
1.3264342116652933E-4     -0.011002426050103466
1.3281349004332408E-4     -0.011325433385222941
1.3298355892011888E-4     -0.011636209903304393
1.3315362779691363E-4     -0.011923318446727633
1.3332369667370838E-4     -0.012186759015497543
1.3349376555050313E-4     -0.012426531609625504
1.336638344272979E-4      -0.012631544283317106
1.3383390330409266E-4     -0.012956338060177416
1.3400397218088744E-4     -0.013269075652942245
1.341740410576822E-4      -0.01355866511578628
1.3434410993447694E-4     -0.013825106448706275
1.3451417881127172E-4     -0.014068399651715231
1.3468424768806647E-4     -0.014277843643376788
1.3485431656486125E-4     -0.014604291753684596
1.35024385441656E-4       -0.014918840037693362
1.3519445431845077E-4     -0.015210787413950464
1.3536452319524555E-4     -0.015480133882451017
1.355345920720403E-4      -0.01572687944319828
1.3570466094883508E-4     -0.015940762810756036
1.3587472982562983E-4     -0.016268821617569727
1.360447987024246E-4      -0.016585065934543935
1.3621486757921936E-4     -0.016879234476209915
1.363849364560141E-4      -0.0171513272426002
1.3655500533280886E-4     -0.017401344233692016
1.367250742096036E-4      -0.017619586022174276
1.3689514308639836E-4     -0.01794950326318559
1.3706521196319314E-4     -0.01826748794401559
1.3723528083998789E-4     -0.01856384063733042
1.3740534971678266E-4     -0.018838561343149592
1.375754185935774E-4      -0.01909165006147636
1.3774548747037216E-4     -0.01931301794630648
1.3791555634716691E-4     -0.019643830964805487
1.3808562522396172E-4     -0.019963558035425658
1.3825569410075647E-4     -0.02026211031215949
1.3842576297755122E-4     -0.02053948779498909
1.3859583185434597E-4     -0.020795690483927477
1.3876590073114075E-4     -0.021021659100859846
1.3893596960793552E-4     -0.0213545314985824
1.391060384847303E-4      -0.021675731176682686
1.3927610736152505E-4     -0.02197619885704583
1.3944617623831983E-4     -0.022255934539655745
1.3961624511511458E-4     -0.02251493822453938
1.3978631399190936E-4     -0.022743319710031396
1.3995638286870413E-4     -0.02307650553087984
1.4012645174549888E-4     -0.0233993525764346
1.4029652062229363E-4     -0.023701970645035174
1.404665894990884E-4      -0.02398435973667506
1.406366583758832E-4      -0.024246519851393297
1.4080672725267794E-4     -0.024479433839860162
1.409767961294727E-4      -0.02481374070773116
1.4114686500626747E-4     -0.02513752981941892
1.4131693388306222E-4     -0.025441784025649027
1.41487002759857E-4       -0.025726503326429603
1.4165707163665175E-4     -0.025991687721754142
1.418271405134465E-4      -0.026228697582631133
1.4199720939024125E-4     -0.026563671760745502
1.4216727826703605E-4     -0.02688842964995394
1.423373471438308E-4      -0.027194331621206373
1.4250741602062555E-4     -0.027481377674536966
1.426774848974203E-4      -0.027749567809944895
1.4284755377421508E-4     -0.02799078510614702
1.4301762265100983E-4     -0.02832638533705615
1.431876915278046E-4      -0.02865195727099658
1.4335776040459936E-4     -0.028959383986671344
1.435278292813941E-4      -0.029248665484103195
1.4369789815818888E-4     -0.029519801763272634
1.4386796703498363E-4     -0.029765071911979676
1.440380359117784E-4      -0.030101083604848318
1.4420810478857316E-4     -0.030427371142216147
1.443781736653679E-4      -0.030736213611853896
1.445482425421627E-4      -0.031027611013756687
1.4471831141895747E-4     -0.03130156334792696
1.4488838029575222E-4     -0.03155093084507789
1.45058449172547E-4       -0.03188747934376114
1.4522851804934175E-4     -0.03221443599807941
1.4539858692613652E-4     -0.03252466103872879
1.4556865580293127E-4     -0.0328181544657304
1.4573872467972605E-4     -0.03309491627907533
1.459087935565208E-4      -0.03334713459777312
1.4607886243331558E-4     -0.03368273995868866
1.4624893131011033E-4     -0.03401023001129339
1.4641900018690508E-4     -0.034321792874613996
1.4658906906369983E-4     -0.03461742854865696
1.467591379404946E-4      -0.03489713703343611
1.4692920681728936E-4     -0.03515416987712971
1.4709927569408413E-4     -0.03549016023763543
1.4726934457087888E-4     -0.03581781547774023
1.4743941344767364E-4     -0.03613038714567283
1.476094823244684E-4      -0.036427875241386104
1.477795512012632E-4      -0.03671027976489863
1.4794962007805794E-4     -0.03697015642351423
1.4811968895485272E-4     -0.03730514044063531
1.4828975783164747E-4     -0.0376332004096983
1.4845982670844225E-4     -0.03794689203800819
1.48629895585237E-4       -0.0382462153255507
1.4879996446203175E-4     -0.03853117027234464
1.4897003333882652E-4     -0.03879452501350862
1.491401022156213E-4      -0.03912949127012867
1.4931017109241605E-4     -0.03945791666114802
1.494802399692108E-4      -0.03977256932171609
1.4965030884600555E-4     -0.04007344925181136
1.4982037772280033E-4     -0.04036055645144488
1.4999044659959508E-4     -0.04062651375581043
1.5016051547638986E-4     -0.04096159265662483
1.503305843531846E-4      -0.0412906678479796
1.5050065322997936E-4     -0.041606362165093204
1.506707221067741E-4      -0.04190867560794774
1.5084079098356886E-4     -0.04219760817654881
1.510108598603636E-4      -0.042466052872898175
1.511809287371584E-4      -0.04280190686492884
1.5135099761395316E-4     -0.04313174380026169
1.515210664907479E-4      -0.04344845668086648
1.5169113536754272E-4     -0.04375204550677044
1.5186120424433747E-4     -0.04404251027793406
1.5203127312113225E-4     -0.044313024017235705
1.5220134199792702E-4     -0.04464980732078261
1.5237141087472177E-4     -0.04498047487493311
1.5254147975151652E-4     -0.04529819970253931
1.5271154862831127E-4     -0.045602981803595496
1.5288161750510602E-4     -0.045894821178099336
1.5305168638190077E-4     -0.046167163696166705
1.5322175525869555E-4     -0.0465048154431016
1.533918241354903E-4      -0.04683625568777653
1.5356189301228508E-4     -0.04715493030031254
1.5373196188907983E-4     -0.04746083928070273
1.5390203076587458E-4     -0.04775398262895355
1.5407209964266936E-4     -0.0480280694653384
1.5424216851946414E-4     -0.04836644006952935
1.5441223739625889E-4     -0.0486985390261522
1.5458230627305366E-4     -0.049018075455525924
1.5475237514984844E-4     -0.04932504935762694
1.549224440266432E-4      -0.04961946073245277
1.5509251290343797E-4     -0.04989526219223984
1.5526258178023272E-4     -0.05023416754164532
1.554326506570275E-4      -0.05056679628516628
1.5560271953382225E-4     -0.050887101035065614
1.5577278841061702E-4     -0.05119508179131447
1.559428572874118E-4      -0.05149073855392204
1.5611292616420655E-4     -0.05176823817869709
1.5628299504100133E-4     -0.05210746533923943
1.5645306391779608E-4     -0.052440483627601654
1.5662313279459083E-4     -0.052761459899593695
1.567932016713856E-4      -0.053070394155206396
1.5696327054818036E-4     -0.053367286394442506
1.571333394249751E-4      -0.05364651230573239
1.5730340830176988E-4     -0.0539858648090096
1.5747347717856466E-4     -0.054319125075162206
1.576435460553594E-4      -0.0546406687926339
1.5781361493215416E-4     -0.05495049596139929
1.5798368380894897E-4     -0.0552486065814757
1.5815375268574372E-4     -0.055529598756541884
1.583238215625385E-4      -0.05586892761380141
1.5849389043933325E-4     -0.05620229842943907
1.58663959316128E-4       -0.05652430930714496
1.5883402819292277E-4     -0.05683496024690708
1.5900409706971752E-4     -0.05713425124872521
1.5917416594651227E-4     -0.057417001489669724
1.5934423482330705E-4     -0.05775617833860193
1.595143037001018E-4      -0.05808955135897372
1.5968437257689655E-4     -0.05841193972784661
1.5985444145369133E-4     -0.0587233434452196
1.6002451033048608E-4     -0.059023762511095104
1.6019457920728083E-4     -0.05930821521227152
1.6036464808407558E-4     -0.05964711415750141
1.6053471696087036E-4     -0.0599803960154131
1.607047858376651E-4      -0.060303079072832194
1.6087485471445986E-4     -0.060615163329729854
1.6104492359125464E-4     -0.06091664878611195
1.6121499246804939E-4     -0.06120272145657801
1.6138506134484416E-4     -0.06154122490039863
1.6155513022163894E-4     -0.061874333996132666
1.617251990984337E-4      -0.06219723475836987
1.6189526797522844E-4     -0.06250992718711207
1.620653368520232E-4      -0.06281241128236263
1.6223540572881797E-4     -0.06309999767382979
1.6240547460561272E-4     -0.06343799000864539
1.625755434824075E-4      -0.06377085331281714
1.6274561235920225E-4     -0.06409389821605928
1.6291568123599702E-4     -0.0644071247183779
1.630857501127918E-4      -0.06471053281976893
1.6325581898958655E-4     -0.06499953965613858
1.6342588786638133E-4     -0.06533694472152715
1.6359595674317608E-4     -0.06566949627318608
1.6376602561997083E-4     -0.06599261144703455
1.639360944967656E-4      -0.06630629024307667
1.6410616337356036E-4     -0.06661053266130704
1.642762322503551E-4      -0.0669008783328061
1.6444630112714989E-4     -0.06723767403425705
1.6461637000394464E-4     -0.06756986138336632
1.647864388807394E-4      -0.06789298001121812
1.6495650775753416E-4     -0.06820702991780432
1.651265766343289E-4      -0.06851201110313092
1.652966455111237E-4      -0.06880356877515446
1.6546671438791847E-4     -0.0691397103727158
1.6563678326471322E-4     -0.06947148916652769
1.6580685214150797E-4     -0.06979455036453562
1.6597692101830275E-4     -0.07010889396675317
1.6614698989509752E-4     -0.07041451997315847
1.6631705877189227E-4     -0.07070715716763418
1.6648712764868705E-4     -0.07104259563946032
1.666571965254818E-4      -0.07137392053889709
1.6682726540227658E-4     -0.07169686064979051
1.6699733427907133E-4     -0.07201141597214628
1.6716740315586608E-4     -0.07231758650595489
1.6733747203266086E-4     -0.07261120385899408
1.6750754090945563E-4     -0.07294593730181416
1.6767760978625038E-4     -0.07327676606763421
1.6784767866304514E-4     -0.07359952176418783
1.6801774753983989E-4     -0.07391420439149043
1.6818781641663466E-4     -0.07422081394952701
1.683578852934294E-4      -0.07451530295040754
1.685279541702242E-4      -0.07484933666595095
1.6869802304701894E-4     -0.07517963333121058
1.688680919238137E-4      -0.07550214545827992
1.6903816080060847E-4     -0.07581687304714457
1.6920822967740322E-4     -0.07612381609781474
1.69378298554198E-4       -0.07641904843068684
1.6954836743099277E-4     -0.07675237004476292
1.6971843630778755E-4     -0.07708209960698105
1.698885051845823E-4      -0.07740431093777844
1.7005857406137708E-4     -0.0777190040371411
1.7022864293817186E-4     -0.0780261789050733
1.703987118149666E-4      -0.07832202765421953
1.7056878069176138E-4     -0.0786546072424887
1.707388495685561E-4      -0.07898372759099541
1.7090891844535086E-4     -0.07930558081239945
1.710789873221456E-4      -0.07962016690670244
1.7124905619894036E-4     -0.07992748587390396
1.714191250757351E-4      -0.08022384276897185
1.7158919395252989E-4     -0.0805556278025728
1.7175926282932466E-4     -0.0808840847651713
1.719293317061194E-4      -0.0812055187117233
1.7209940058291416E-4     -0.0815199296422427
1.7226946945970894E-4     -0.08182731755671888
1.7243953833650372E-4     -0.08212409989293393
1.726096072132985E-4      -0.08245503203708078
1.7277967609009325E-4     -0.08278276408760496
1.72949744966888E-4       -0.0831037134822536
1.7311981384368277E-4     -0.08341788022104371
1.7328988272047752E-4     -0.0837252643039721
1.7345995159727227E-4     -0.08402239636377097
1.7363002047406705E-4     -0.08435241940858247
1.738000893508618E-4      -0.08467936559353599
1.7397015822765658E-4     -0.08499976555135075
1.7414022710445133E-4     -0.08531361928202591
1.7431029598124608E-4     -0.08562092678557047
1.7448036485804086E-4     -0.0859183263591078
1.7465043373483563E-4     -0.0862473836358412
1.7482050261163039E-4     -0.08657348657509396
1.7499057148842514E-4     -0.08689327347401468
1.7516064036521989E-4     -0.08720674433259118
1.7533070924201466E-4     -0.08751389915082915
1.7550077811880941E-4     -0.08781147988604206
1.756708469956042E-4      -0.0881395261346011
1.7584091587239894E-4     -0.08846473459490241
1.760109847491937E-4      -0.08878384722424729
1.7618105362598847E-4     -0.0890968640226479
1.7635112250278322E-4     -0.0894037849900937
1.76521191379578E-4       -0.08970145117003776
1.7669126025637275E-4     -0.09002844814289859
1.7686132913316755E-4     -0.09035271649172305
1.770313980099623E-4      -0.09067109725996339
1.7720146688675705E-4     -0.09098359044764158
1.7737153576355183E-4     -0.09129019605472753
1.7754160464034658E-4     -0.09158784781937278
1.7771167351714136E-4     -0.09191375322381445
1.778817423939361E-4      -0.0922370354646916
1.7805181127073086E-4     -0.09255462828010128
1.782218801475256E-4      -0.09286653167005812
1.7839194902432036E-4     -0.09317274563457024
1.7856201790111514E-4     -0.09347029862739287
1.787320867779099E-4      -0.09379506665695517
1.789021556547047E-4      -0.09411731023549738
1.7907222453149944E-4     -0.09443405781676982
1.7924229340829422E-4     -0.09474530940077168
1.79412362285089E-4       -0.09505106498750947
1.7958243116188375E-4     -0.09534846192799609
1.7975250003867852E-4     -0.0956720406835522
1.7992256891547327E-4     -0.0959931825462631
1.8009263779226802E-4     -0.09630902486713847
1.8026270666906277E-4     -0.09661956764618235
1.8043277554585752E-4     -0.09692481088339151
1.806028444226523E-4      -0.09722201862489302
1.8077291329944705E-4     -0.09754433825645831
1.8094298217624183E-4     -0.09786430275339171
1.8111305105303658E-4     -0.09817917616181053
1.8128311992983136E-4     -0.0984889584817123
1.8145318880662613E-4     -0.09879364971310599
1.8162325768342089E-4     -0.09909065160900038
1.8179332656021566E-4     -0.09941161309641357
1.8196339543701044E-4     -0.0997303114954001
1.821334643138052E-4      -0.10004414855893538
1.8230353319059994E-4     -0.10035312428703409
1.824736020673947E-4      -0.100657238679697
1.8264367094418947E-4     -0.10095403045422702
1.8281373982098422E-4     -0.10127350302618637
1.82983808697779E-4       -0.10159083473504606
1.8315387757457375E-4     -0.10190356429813086
1.8332394645136852E-4     -0.10221169171542532
1.834940153281633E-4      -0.10251521698694005
1.8366408420495805E-4     -0.10281180216554088
1.838341530817528E-4      -0.10312963171225596
1.8400422195854755E-4     -0.10344548877536634
1.841742908353423E-4      -0.10375703540776476
1.8434435971213705E-4     -0.10406427160943738
1.845144285889318E-4      -0.10436719738039396
1.8468449746572655E-4     -0.10466360108751241
1.8485456634252133E-4     -0.10497966137443995
1.850246352193161E-4      -0.10529394061369973
1.8519470409611086E-4     -0.10560422717215828
1.8536477297290564E-4     -0.10591052104982213
1.8553484184970039E-4     -0.10621282224667986
1.8570491072649516E-4     -0.10650909317456188
1.8587497960328991E-4     -0.10682334437987248
1.8604504848008472E-4     -0.1071359716150853
1.8621511735687947E-4     -0.1074449372920247
1.8638518623367422E-4     -0.10775024141067961
1.86555255110469E-4       -0.10805188397105303
1.8672532398726375E-4     -0.10834762091786733
1.8689539286405852E-4     -0.10865958807792672
1.870654617408533E-4      -0.10897048569544938
1.8723553061764805E-4     -0.10927806971514759
1.8740559949444283E-4     -0.10958234013705465
1.8757566837123758E-4     -0.10988329696113888
1.8774573724803236E-4     -0.11017900081082721
1.879158061248271E-4      -0.11048910578523242
1.8808587500162188E-4     -0.11079818822445167
1.8825594387841663E-4     -0.11110430875191432
1.8842601275521139E-4     -0.1114074673676245
1.8859608163200614E-4     -0.11170766407157523
1.8876615050880089E-4     -0.11200306182572767
1.8893621938559564E-4     -0.11231108618535708
1.891062882623904E-4      -0.11261832589330781
1.8927635713918516E-4     -0.11292294391152823
1.8944642601597991E-4     -0.11322494024001517
1.896164948927747E-4      -0.11352431487877591
1.8978656376956944E-4     -0.11381930888129052
1.8995663264636422E-4     -0.11412518676654677
1.90126701523159E-4       -0.11443053678870546
1.9029677039995375E-4     -0.1147336000012629
1.904668392767485E-4      -0.11503437640420604
1.906369081535433E-4      -0.11533286599754711
1.9080697703033805E-4     -0.11562731033939808
1.909770459071328E-4      -0.11593093335160126
1.9114711478392758E-4     -0.11623435221527428
1.9131718366072233E-4     -0.11653580848852099
1.9148725253751708E-4     -0.11683530217133893
1.9165732141431186E-4     -0.11713283326374112
1.918273902911066E-4      -0.11742667743444739
1.9199745916790139E-4     -0.11772807168066415
1.9216752804469614E-4     -0.11802953124821386
1.923375969214909E-4      -0.11832933180582694
1.9250766579828566E-4     -0.11862747335349445
1.9267773467508041E-4     -0.11892395589123388
1.928478035518752E-4      -0.11921734498288222
1.9301787242866997E-4     -0.11951678124849498
1.9318794130546472E-4     -0.11981626991957625
1.9335801018225947E-4     -0.12011437655996592
1.9352807905905422E-4     -0.12041110116966235
1.9369814793584902E-4     -0.12070644374867204
1.9386821681264377E-4     -0.12099883951286328
1.9403828568943855E-4     -0.12129592165676864
1.942083545662333E-4      -0.12159343487151428
1.9437842344302805E-4     -0.12188981437297253
1.9454849231982283E-4     -0.12218506016114342
1.9471856119661758E-4     -0.1224791722360269
1.9488863007341233E-4     -0.12277083071476194
1.9505869895020708E-4     -0.12306592784920964
1.9522876782700189E-4     -0.12336144784437417
1.9539883670379664E-4     -0.12365607081740412
1.9556890558059139E-4     -0.12394979676830242
1.9573897445738616E-4     -0.12424262569706146
1.959090433341809E-4      -0.1245328453701118
1.960791122109757E-4      -0.12482526177991367
1.9624918108777047E-4     -0.12511873085483932
1.964192499645652E-4      -0.1254115403613258
1.9658931884136E-4        -0.1257036902993665
1.9675938771815472E-4     -0.12599518066896515
1.969294565949495E-4      -0.12628468230058446
1.9709952547174425E-4     -0.12657512998315434
1.9726959434853905E-4     -0.1268665009076598
1.9743966322533377E-4     -0.12715746590457866
1.9760973210212855E-4     -0.12744802497390442
1.977798009789233E-4      -0.12773817811563629
1.9794986985571805E-4     -0.1280269660177849
1.981199387325128E-4      -0.128315222569581
1.9829000760930758E-4     -0.12860435570176332
1.9846007648610233E-4     -0.12889340610233818
1.9863014536289708E-4     -0.12918237377130293
1.9880021423969186E-4     -0.12947125870866696
1.989702831164866E-4      -0.12975858288685765
1.9914035199328139E-4     -0.1300435657654049
1.9931042087007614E-4     -0.1303303106393297
1.9948048974687091E-4     -0.1306173394810785
1.9965055862366566E-4     -0.13090465229063203
1.9982062750046041E-4     -0.13119224906800675
1.999906963772552E-4      -0.1314789752559399
2.0016076525404997E-4     -0.13176152129827584
2.0033083413084472E-4     -0.13204585505378488
2.0050090300763947E-4     -0.13233082196521784
2.0067097188443422E-4     -0.13261642203258364
2.00841040761229E-4       -0.13290265525587025
2.0101110963802375E-4     -0.1331883712960072
2.0118117851481853E-4     -0.13346822938870312
2.013512473916133E-4      -0.13375016455075683
2.0152131626840805E-4     -0.13403302644310158
2.0169138514520283E-4     -0.13431681506574156
2.0186145402199758E-4     -0.1346015304186626
2.0203152289879236E-4     -0.13488600939167916
2.0220159177558714E-4     -0.1351633125316597
2.0237166065238189E-4     -0.13544292381137835
2.0254172952917664E-4     -0.13572368012064903
2.0271179840597139E-4     -0.13600558145945657
2.028818672827662E-4      -0.13628862782780718
2.0305193615956094E-4     -0.1365717012391573
2.0322200503635572E-4     -0.13684659338105082
2.033920739131505E-4      -0.1371239215295715
2.0356214278994525E-4     -0.1374025676981803
2.0373221166674E-4        -0.13768253188688567
2.039022805435348E-4      -0.1379638140956717
2.0407234942032955E-4     -0.1382453736591307
2.042424182971243E-4      -0.13851787307966454
2.0441248717391905E-4     -0.1387928972018424
2.045825560507138E-4      -0.13906940536024875
2.0475262492750855E-4     -0.1393473975548806
2.049226938043033E-4      -0.13962687378573893
2.0509276268109805E-4     -0.13990688395027975
2.0526283155789283E-4     -0.14017692151174174
2.054329004346876E-4      -0.14044957763081245
2.0560296931148236E-4     -0.1407239022049507
2.057730381882771E-4      -0.14099989523415454
2.0594310706507186E-4     -0.1412775567184255
2.0611317594186664E-4     -0.14155602673309087
2.0628324481866141E-4     -0.14182348558069444
2.064533136954562E-4      -0.1420936879892426
2.0662338257225094E-4     -0.1423657740340722
2.0679345144904572E-4     -0.14263974371517724
2.0696352032584047E-4     -0.1429155970325628
2.0713358920263525E-4     -0.14319255821159865
2.0730365807943002E-4     -0.1434573060184908
2.0747372695622477E-4     -0.14372496246967423
2.0764379583301952E-4     -0.14399475179052754
2.0781386470981427E-4     -0.14426667398103973
2.0798393358660902E-4     -0.14454072904121765
2.0815400246340378E-4     -0.14481621282033502
2.0832407134019855E-4     -0.14507812011209462
2.0849414021699333E-4     -0.14534314314144495
2.0866420909378808E-4     -0.1456105777576653
2.0883427797058283E-4     -0.14588042396074724
2.0900434684737764E-4     -0.1461526817506976
2.0917441572417239E-4     -0.1464266944137414
2.0934448460096714E-4     -0.14668565120871604
2.0951455347776189E-4     -0.14694797105043056
2.0968462235455664E-4     -0.14721299722511805
2.098546912313514E-4      -0.1474807297327782
2.1002476010814614E-4     -0.1477511685734083
2.101948289849409E-4      -0.14802368594255422
2.1036489786173566E-4     -0.14827963415785878
2.1053496673853044E-4     -0.14853920890989714
2.107050356153252E-4      -0.1488017823942201
2.1087510449211997E-4     -0.14906735461082882
2.1104517336891475E-4     -0.14933592555972147
2.1121524224570952E-4     -0.14960689785443942
2.113853111225043E-4      -0.14985983426581037
2.1155537999929905E-4     -0.15011664516547255
2.117254488760938E-4      -0.15037673316697867
2.1189551775288855E-4     -0.15064009827032948
2.1206558662968333E-4     -0.15090674047552344
2.1223565550647808E-4     -0.15117611029751718
2.1240572438327286E-4     -0.15142604939248522
2.1257579326006764E-4     -0.15168008078524484
2.1274586213686239E-4     -0.15193765499075948
2.1291593101365716E-4     -0.1521987720090231
2.130859998904519E-4      -0.15246343184003996
2.132560687672467E-4      -0.15273114553403333
2.1342613764404144E-4     -0.15297808384104183
2.135962065208362E-4      -0.1532293119705736
2.1376627539763094E-4     -0.15348434097285074
2.1393634427442566E-4     -0.1537431708478801
2.1410641315122044E-4     -0.1540058015956531
2.142764820280152E-4      -0.15427179416390768
2.1444655090480997E-4     -0.15451570317227653
2.1461661978160472E-4     -0.15476410222126166
2.147866886583995E-4      -0.15501655225860037
2.1495675753519428E-4     -0.15527305328429472
2.1512682641198903E-4     -0.15553360529834143
2.152968952887838E-4      -0.15579779235573848
2.1546696416557855E-4     -0.15603864138513618
2.1563703304237333E-4     -0.15628419325789775
2.1580710191916808E-4     -0.15653403202902266
2.1597717079596286E-4     -0.15678815769851207
2.1614723967275764E-4     -0.15704657026636168
2.1631730854955239E-4     -0.1573088586971222
2.1648737742634714E-4     -0.1575466476913176
2.1665744630314191E-4     -0.15778934830614538
2.1682751517993666E-4     -0.15803654950615378
2.1699758405673141E-4     -0.1582882512913399
2.171676529335262E-4      -0.15854445366170505
2.1733772181032094E-4     -0.15880475539076078
2.1750779068711572E-4     -0.15903951927609924
2.1767785956391047E-4     -0.15927937418406715
2.1784792844070525E-4     -0.1595239188881774
2.180179973175E-4         -0.15977315338842804
2.1818806619429475E-4     -0.16002707768481889
2.1835813507108953E-4     -0.16028531599758708
2.185282039478843E-4      -0.16051708882572854
2.1869827282467905E-4     -0.16075409772529753
2.188683417014738E-4      -0.16099596691653317
2.1903841057826855E-4     -0.16124269639943362
2.1920847945506336E-4     -0.161494286174
2.193785483318581E-4      -0.16175039844208478
2.1954861720865289E-4     -0.16197918709835205
2.1971868608544764E-4     -0.16221333523104253
2.1988875496224239E-4     -0.16245250504201555
2.2005882383903716E-4     -0.16269669653127036
2.202288927158319E-4      -0.16294590969880648
2.2039896159262666E-4     -0.16319984634260487
2.2056903046942141E-4     -0.16342562712039851
2.2073909934621622E-4     -0.16365688788308433
2.2090916822301097E-4     -0.16389333042864926
2.2107923709980572E-4     -0.1641349547570891
2.212493059766005E-4      -0.16438176086840642
2.2141937485339525E-4     -0.16463348786955048
2.2158944373019002E-4     -0.16485622247405127
2.217595126069848E-4      -0.16508456274559358
2.2192958148377953E-4     -0.1653182477911309
2.2209965036057433E-4     -0.16555727761066405
2.2226971923736905E-4     -0.16580165220418935
2.2243978811416383E-4     -0.16605114699360085
2.2260985699095858E-4     -0.16627079658159202
2.2277992586775339E-4     -0.16649618184888132
2.2294999474454814E-4     -0.16672707821736238
2.2312006362134289E-4     -0.16696348568703312
2.2329013249813766E-4     -0.16720540425789496
2.2346020137493241E-4     -0.16745264218578718
2.236302702517272E-4      -0.16766917323378758
2.2380033912852194E-4     -0.16789157296781038
2.239704080053167E-4      -0.16811964964369877
2.2414047688211144E-4     -0.16835340326145107
2.243105457589062E-4      -0.16859283382106485
2.2448061463570097E-4     -0.1688377740119368
2.2465068351249572E-4     -0.16905116655418823
2.248207523892905E-4      -0.16927056108094707
2.2499082126608525E-4     -0.16949579028160738
2.2516089014288E-4        -0.16972685415616748
2.2533095901967475E-4     -0.16996375270462857
2.2550102789646953E-4     -0.1702063332286733
2.256710967732643E-4      -0.17041658823641623
2.2584116565005905E-4     -0.1706329721281697
2.260112345268538E-4      -0.17085533220561092
2.2618130340364855E-4     -0.17108366846873999
2.2635137228044333E-4     -0.17131798091756095
2.2652144115723808E-4     -0.1715581275099129
2.2669151003403286E-4     -0.1717652671940368
2.2686157891082766E-4     -0.17197864552525424
2.2703164778762241E-4     -0.1721981204614112
2.2720171666441716E-4     -0.17242369200250382
2.2737178554121194E-4     -0.17265536014853694
2.2754185441800672E-4     -0.17289299533519098
2.2771192329480147E-4     -0.17309705039042048
2.2788199217159625E-4     -0.17330743060490109
2.28052061048391E-4       -0.17352400641431937
2.2822212992518575E-4     -0.17374677781867512
2.2839219880198052E-4     -0.17397574481796566
2.2856226767877528E-4     -0.1742107918092204
2.2873233655557005E-4     -0.17441178690746806
2.2890240543236483E-4     -0.1746191732572258
2.2907247430915958E-4     -0.17483283525551765
2.2924254318595433E-4     -0.1750527729023461
2.294126120627491E-4      -0.17527898619770665
2.2958268093954389E-4     -0.17551137349931364
2.2975274981633864E-4     -0.17570932431751324
2.299228186931334E-4      -0.17591371704229386
2.3009288756992816E-4     -0.17612445003136176
2.3026295644672291E-4     -0.17634152328471694
2.304330253235177E-4      -0.17656493680236016
2.3060309420031244E-4     -0.1767946058397018
2.3077316307710722E-4     -0.1769895214424061
2.3094323195390197E-4     -0.1771909160489676
2.3111330083069672E-4     -0.17739870491479295
2.312833697074915E-4      -0.1776128880398806
2.3145343858428622E-4     -0.17783346542423414
2.31623507461081E-4       -0.1780603777877085
2.3179357633787575E-4     -0.1782522571695585
2.3196364521467055E-4     -0.17845064056141632
2.3213371409146528E-4     -0.17865546868312773
2.3230378296826005E-4     -0.1788667415347017
2.324738518450548E-4      -0.17908445911613463
2.3264392072184955E-4     -0.17930859826933004
2.3281398959864433E-4     -0.1794974222123974
2.329840584754391E-4      -0.17969276908708298
2.3315412735223386E-4     -0.17989461573528948
2.333241962290286E-4      -0.18010296215701824
2.3349426510582336E-4     -0.18031780835226563
2.3366433398261814E-4     -0.18053917150549598
2.338344028594129E-4      -0.18072489968567576
2.3400447173620766E-4     -0.18091717487287404
2.3417454061300241E-4     -0.18111601425154983
2.3434460948979716E-4     -0.18132141782170433
2.3451467836659192E-4     -0.18153338558333842
2.346847472433867E-4      -0.181751969037751
2.3485481612018147E-4     -0.1819345529385662
2.3502488499697622E-4     -0.18212372162959148
2.3519495387377097E-4     -0.18231952661212233
2.3536502275056572E-4     -0.1825219678861586
2.3553509162736053E-4     -0.18273104545169863
2.3570516050415528E-4     -0.18294683437524414
2.3587522938095005E-4     -0.1831262383216097
2.360452982577448E-4      -0.1833122766253696
2.3621536713453958E-4     -0.18350502435302496
2.3638543601133433E-4     -0.18370448150457327
2.3655550488812908E-4     -0.18391064808001722
2.3672557376492386E-4     -0.18412361240203728
2.3689564264171864E-4     -0.1842998243297633
2.370657115185134E-4      -0.18448272306808233
2.3723578039530814E-4     -0.18467239693967616
2.374058492721029E-4      -0.1848688459445441
2.375759181488977E-4      -0.18507207008268725
2.3774598702569244E-4     -0.18528216399883957
2.3791605590248722E-4     -0.18545519334971666
2.3808612477928197E-4     -0.18563495530602003
2.3825619365607675E-4     -0.18582154451248495
2.384262625328715E-4      -0.1860149609691136
2.3859633140966625E-4     -0.18621520467590413
2.3876640028646102E-4     -0.18642237820472318
2.389364691632558E-4      -0.18659224382288156
2.3910653804005055E-4     -0.18676887372936793
2.392766069168453E-4      -0.18695237049604585
2.3944667579364005E-4     -0.187142734122919
2.3961674467043486E-4     -0.1873399646099856
2.397868135472296E-4      -0.1875441823283741
2.3995688242402439E-4     -0.18771089355040718
2.4012695130081914E-4     -0.18788438548039976
2.402970201776139E-4      -0.18806477848948253
2.4046708905440866E-4     -0.18825207257765347
2.4063715793120341E-4     -0.18844626774491477
2.408072268079982E-4      -0.18864750827022925
2.4097729568479294E-4     -0.18881103198629715
2.4114736456158772E-4     -0.1889813643696065
2.4131743343838247E-4     -0.18915864969911883
2.4148750231517722E-4     -0.18934288797483853
2.4165757119197197E-4     -0.18953407919676102
2.4182764006876672E-4     -0.1897325108915684
2.419977089455615E-4      -0.1898928302504662
2.4216777782235627E-4     -0.19005991056403213
2.4233784669915103E-4     -0.1902340393589427
2.425079155759458E-4      -0.19041521663519795
2.4267798445274055E-4     -0.19060344239279822
2.4284805332953533E-4     -0.19079895832163352
2.4301812220633008E-4     -0.19095584609727312
2.4318819108312486E-4     -0.19111960039279058
2.4335825995991958E-4     -0.19129046289806528
2.4352832883671433E-4     -0.19146843361310167
2.436983977135091E-4      -0.19165351253789825
2.4386846659030386E-4     -0.19184585921679984
2.4403853546709864E-4     -0.1919996580660448
2.442086043438934E-4      -0.19216034856534134
2.4437867322068814E-4     -0.19232809025902958
2.445487420974829E-4      -0.1925028831471131
2.447188109742777E-4      -0.19268472722958896
2.4488887985107244E-4     -0.19287378594615895
2.4505894872786725E-4     -0.19302462616631738
2.45229017604662E-4       -0.19318229847928325
2.4539908648145675E-4     -0.1933469663247565
2.455691553582515E-4      -0.1935186297027378
2.4573922423504625E-4     -0.19369728861322627
2.45909293111841E-4       -0.19388317451325512
2.4607936198863575E-4     -0.1940309166702196
2.4624943086543055E-4     -0.1941854239896098
2.4641949974222525E-4     -0.1943469279284539
2.4658956861902005E-4     -0.19451542848675563
2.467596374958148E-4      -0.19469092566451274
2.4692970637260955E-4     -0.19487364861135387
2.4709977524940436E-4     -0.19501820643640705
2.472698441261991E-4      -0.1951695101306896
2.4743991300299386E-4     -0.19532778884382726
2.476099818797886E-4      -0.19549304257581768
2.4778005075658336E-4     -0.1956652713266622
2.4795011963337816E-4     -0.19584466223048125
2.481201885101729E-4      -0.19598618986054112
2.482902573869677E-4      -0.19613442419596838
2.4846032626376247E-4     -0.1962895523708841
2.486303951405572E-4      -0.1964515743852885
2.48800464017352E-4       -0.1966204902391813
2.489705328941468E-4      -0.19679646829958447
2.491406017709416E-4      -0.19693495791340163
2.4931067064773633E-4     -0.197080146278466
2.494807395245311E-4      -0.19723220176179995
2.4965080840132583E-4     -0.19739112436340325
2.498208772781206E-4      -0.1975569140832755
2.4999094615491533E-4     -0.19772995849463743
2.501610150317101E-4      -0.19786519677666112
2.503310839085049E-4      -0.19800703445543874
2.5050115278529964E-4     -0.19815585910418618
2.506712216620944E-4      -0.198311670722907
2.508412905388892E-4      -0.19847446931159868
2.5101135941568394E-4     -0.198644723406446
2.511814282924787E-4      -0.19877629814053788
2.5135149716927344E-4     -0.1989145766855343
2.515215660460682E-4      -0.1990600275776103
2.51691634922863E-4       -0.19921265081676987
2.5186170379965775E-4     -0.19937244640301108
2.520317726764525E-4      -0.1995400011850933
2.5220184155324725E-4     -0.19966794512205605
2.5237191043004205E-4     -0.1998027202444043
2.525419793068368E-4      -0.19994491340089018
2.5271204818363155E-4     -0.20009452459151722
2.528821170604263E-4      -0.20025155381628354
2.5305218593722105E-4     -0.20041670859192334
2.532222548140158E-4      -0.20054063670999867
2.533923236908106E-4      -0.20067166666290093
2.5356239256760536E-4     -0.20081050596736205
2.5373246144440016E-4     -0.20095715462338193
2.539025303211949E-4      -0.20111161263096036
2.5407259919798966E-4     -0.20127460142874204
2.542426680747844E-4      -0.20139420530012936
2.5441273695157916E-4     -0.20152133072081738
2.545828058283739E-4      -0.20165669912945022
2.5475287470516866E-4     -0.20180031052602768
2.549229435819634E-4      -0.2019521649105499
2.5509301245875817E-4     -0.20211292061793956
2.552630813355529E-4      -0.2022282729301035
2.554331502123477E-4      -0.20235157055854755
2.5560321908914247E-4     -0.20248347183819498
2.557732879659372E-4      -0.20262397676904545
2.55943356842732E-4       -0.20277308535109886
2.561134257195268E-4      -0.20293138043806103
2.562834945963215E-4      -0.20304270352127282
2.564535634731163E-4      -0.20316232192253028
2.56623632349911E-4       -0.20329081849553943
2.5679370122670583E-4     -0.20342819324030004
2.569637701035006E-4      -0.20357444615681203
2.5713383898029533E-4     -0.2037300974698954
2.573039078570901E-4      -0.20383756646324766
2.574739767338849E-4      -0.2039536036830349
2.5764404561067964E-4     -0.2040787293540769
2.578141144874744E-4      -0.2042129434763737
2.5798418336426914E-4     -0.2043562460499251
2.581542522410639E-4      -0.2045091034538914
2.5832432111785864E-4     -0.20461285291158682
2.5849438999465344E-4     -0.20472538481740385
2.586644588714482E-4      -0.2048471655505024
2.58834527748243E-4       -0.20497819511088253
2.5900459662503775E-4     -0.20511847349854434
2.591746655018325E-4      -0.20526843920793872
2.5934473437862725E-4     -0.2053685764787006
2.5951480325542205E-4     -0.20547765430835427
2.5968487213221675E-4     -0.20559611119135093
2.5985494100901155E-4     -0.20572394712769046
2.600250098858063E-4      -0.20586116211737282
2.6019507876260105E-4     -0.20600818778717037
2.603651476393958E-4      -0.2061047648013955
2.605352165161906E-4      -0.2062104081607253
2.6070528539298536E-4     -0.20632554949193185
2.608753542697801E-4      -0.20645018879501528
2.6104542314657486E-4     -0.2065843260699754
2.612154920233696E-4      -0.20672839345561062
2.6138556090016436E-4     -0.20682142746317458
2.615556297769591E-4      -0.20692364209814268
2.6172569865375386E-4     -0.2070354694993132
2.6189576753054867E-4     -0.20715690966668604
2.620658364073434E-4      -0.20728796260026122
2.6223590528413817E-4     -0.20742905748520019
2.624059741609329E-4      -0.20751856135547336
2.625760430377277E-4      -0.20761735608378928
2.6274611191452247E-4     -0.207725870855309
2.629161807913172E-4      -0.2078441056700329
2.63086249668112E-4       -0.20797206052796063
2.632563185449068E-4      -0.20811015273355532
2.634263874217016E-4      -0.2081961551071318
2.6359645629849633E-4     -0.2082915509624028
2.637665251752911E-4      -0.2083967576038308
2.6393659405208583E-4     -0.20851177503141602
2.641066629288806E-4      -0.20863660324515815
2.6427673180567533E-4     -0.20877164112029314
2.644468006824701E-4      -0.208854193809064
2.646168695592649E-4      -0.20894622616549782
2.647869384360596E-4      -0.20904813706482986
2.649570073128544E-4      -0.20915992650706053
2.6512707618964914E-4     -0.20928159449218933
2.652971450664439E-4      -0.20941352467165092
2.654672139432387E-4      -0.20949268719261216
2.6563728282003344E-4     -0.20958139098278608
2.658073516968282E-4      -0.20968001969360664
2.6597742057362294E-4     -0.20978857332507422
2.661474894504177E-4      -0.20990705187718833
2.663175583272125E-4      -0.21003582750248967
2.6648762720400725E-4     -0.21011165541582458
2.6665769608080205E-4     -0.21019706142930913
2.668277649575968E-4      -0.21029241769548362
2.6699783383439155E-4     -0.21039772421434813
2.671679027111863E-4      -0.21051298098590265
2.6733797158798105E-4     -0.21063854575683355
2.675080404647758E-4      -0.21071110319170286
2.676781093415706E-4      -0.21079325213617853
2.6784817821836536E-4     -0.21088535033694697
2.6801824709516016E-4     -0.21098739779400794
2.681883159719549E-4      -0.21109939450736168
2.6835838484874966E-4     -0.21122167749500742
2.685284537255444E-4      -0.2112910394971875
2.6869852260233917E-4     -0.21136998221493594
2.688685914791339E-4      -0.21145884266625134
2.6903866035592867E-4     -0.21155762085113403
2.692087292327234E-4      -0.21166631676958392
2.6937879810951817E-4     -0.2117852399627769
2.695488669863129E-4      -0.21185148667050377
2.697189358631077E-4      -0.21192727725233282
2.6988900473990247E-4     -0.21201292124943907
2.700590736166972E-4      -0.21210841866182337
2.70229142493492E-4       -0.21221376948948484
2.703992113702868E-4      -0.21232925625289792
2.705692802470816E-4      -0.21239247433170166
2.7073934912387633E-4     -0.21246516724563674
2.7090941800067114E-4     -0.21254761751517548
2.710794868774659E-4      -0.21263982514031865
2.712495557542607E-4      -0.2127417901210661
2.7141962463105544E-4     -0.21285377580053355
2.715896935078502E-4      -0.2129140459893411
2.7175976238464494E-4     -0.21298368860369052
2.719298312614397E-4      -0.21306296698669694
2.7209990013823444E-4     -0.21315188113836078
2.722699690150292E-4      -0.2132504310586821
2.7244003789182394E-4     -0.21335886478970595
2.7261010676861875E-4     -0.21341625110500131
2.727801756454135E-4      -0.21348288289168516
2.7295024452220825E-4     -0.21355900819180273
2.73120313399003E-4       -0.21364462700535433
2.7329038227579775E-4     -0.2137397393323397
2.734604511525925E-4      -0.2138445748644885
2.7363052002938725E-4     -0.2138991343654264
2.7380058890618205E-4     -0.21396279452020228
2.7397065778297675E-4     -0.2140357850205459
2.7414072665977155E-4     -0.21411810586645635
2.743107955365663E-4      -0.21420975705793463
2.7448086441336105E-4     -0.21431094614786955
2.7465093329015586E-4     -0.21436274064692845
2.748210021669506E-4      -0.2144234715549231
2.7499107104374536E-4     -0.21449334642474321
2.751611399205401E-4      -0.214572365256389
2.7533120879733486E-4     -0.21466052804986074
2.7550127767412966E-4     -0.21475801755383
2.756713465509244E-4      -0.21480711661397614
2.758414154277192E-4      -0.21486496495282428
2.7601148430451397E-4     -0.21493174531904644
2.761815531813087E-4      -0.21500745771264293
2.7635162205810347E-4     -0.2150921021336137
2.765216909348982E-4      -0.21518583215728138
2.7669175981169297E-4     -0.21523231107588908
2.768618286884878E-4      -0.21528732817026922
2.770318975652825E-4      -0.2153510370157436
2.7720196644207733E-4     -0.21542343761231195
2.773720353188721E-4      -0.2155045299599748
2.7754210419566683E-4     -0.21559443337735978
2.777121730724616E-4      -0.21563837508322523
2.778822419492564E-4      -0.21569061744329865
2.7805231082605114E-4     -0.2157512797762082
2.782223797028459E-4      -0.2158203620819539
2.783924485796407E-4      -0.2158978643605352
2.7856251745643544E-4     -0.21598386689023846
2.787325863332302E-4      -0.2160253618161403
2.7890265521002494E-4     -0.21607489104318006
2.790727240868197E-4      -0.21613253484964345
2.7924279296361444E-4     -0.21619829323553078
2.794128618404092E-4      -0.21627216620084136
2.7958293071720394E-4     -0.21635418831553208
2.7975299959399875E-4     -0.2163933281124307
2.799230684707935E-4      -0.216440208627322
2.800931373475883E-4      -0.2164948644301634
2.8026320622438305E-4     -0.21655729552095326
2.8043327510117786E-4     -0.21662750189969263
2.806033439779726E-4      -0.21670546203375715
2.8077341285476736E-4     -0.2167423328043225
2.809434817315621E-4      -0.2167866291327745
2.8111355060835686E-4     -0.2168383294864852
2.812836194851516E-4      -0.21689743386545754
2.8145368836194636E-4     -0.21696394226969012
2.816237572387411E-4      -0.21703776385012696
2.817938261155359E-4      -0.21707243126820663
2.8196389499233066E-4     -0.21711420166162052
2.821339638691254E-4      -0.21716298418130842
2.8230403274592016E-4     -0.21721877882727253
2.824741016227149E-4      -0.21728158559951163
2.8264417049950967E-4     -0.2173512416056727
2.828142391913719E-4      -0.21738373044588527
2.8298430788323417E-4     -0.21742299782842414
2.831543765750964E-4      -0.2174688808609339
2.833244452669586E-4      -0.2175213795434157
2.8349451395882084E-4     -0.21758049387586886
2.8366458265068306E-4     -0.21764618144769254
2.8383338426156093E-4     -0.2176761683220815
2.8400218587243875E-4     -0.2177124833323041
2.841709874833166E-4      -0.2177550840677576
2.8433978909419444E-4     -0.2178039705284429
2.8450859070507225E-4     -0.21785914271435997
2.846773923159501E-4      -0.21792088952950167
2.8484226869974994E-4     -0.21794767744696164
2.850071450835497E-4      -0.2179802594900349
2.851720214673495E-4      -0.21801892456271219
2.853368978511493E-4      -0.2180636726649943
2.855017742349491E-4      -0.21811450379688088
2.856666506187489E-4      -0.2181718361230668
2.8582628449681633E-4     -0.2181950655759707
2.859859183748838E-4      -0.21822380242918926
2.861455522529512E-4      -0.21825846484741604
2.8630518613101863E-4     -0.21829905283065215
2.864648200090861E-4      -0.21834556637889693
2.8662445388715353E-4     -0.2183983575175501
2.8677901195100846E-4     -0.2184181785750471
2.869335700148634E-4      -0.21844341562418917
2.870881280787183E-4      -0.2184744206903747
2.872426861425732E-4      -0.21851119377360523
2.8739724420642814E-4     -0.21855373487387927
2.8755180227028307E-4     -0.21860229867547426
2.8770144591355165E-4     -0.2186189421675037
2.878510895568202E-4      -0.2186409562655073
2.8800073320008876E-4     -0.21866859565376207
2.8815037684335734E-4     -0.2187018603322683
2.8830002048662587E-4     -0.2187407503010264
2.8844966412989445E-4     -0.21878545500592572
2.885945496144342E-4      -0.21879918921723823
2.88739435098974E-4       -0.21881821750432434
2.888843205835137E-4      -0.21884272931307386
2.8902920606805346E-4     -0.2188727246434871
2.891740915525932E-4      -0.2189082034955644
2.8931897703713294E-4     -0.2189492828701431
2.894592556562055E-4      -0.21896040761597368
2.895995342752781E-4      -0.21897674028950403
2.897398128943506E-4      -0.218998397891571
2.898800915134232E-4      -0.21902538042217645
2.900203701324957E-4      -0.21905768788131913
2.901606487515683E-4      -0.21909538085641453
2.9029646698782384E-4     -0.21910416852219355
2.904322852240794E-4      -0.21911804503361312
2.9056810346033497E-4     -0.21913707097808693
2.907039216965905E-4      -0.2191612463556149
2.9083973993284604E-4     -0.21919057116619767
2.909755581691016E-4      -0.21922509602744128
2.9110705784754005E-4     -0.21923187302679378
2.9123855752597843E-4     -0.21924353274327896
2.913700572044168E-4      -0.21926012579450221
2.915015568828552E-4      -0.21928165218046466
2.9163305656129364E-4     -0.21930811190116498
2.9176455623973203E-4     -0.2193394932752451
2.918918746758003E-4      -0.2193446077905842
2.9201919311186853E-4     -0.21935438188605594
2.921465115479368E-4      -0.2193688038803
2.9227382998400504E-4     -0.21938787377331762
2.9240114842007324E-4     -0.21941159156510778
2.925284668561415E-4      -0.21943986411560626
2.926517369991221E-4      -0.21944362630963163
2.927750071421027E-4      -0.21945178811785052
2.928982772850833E-4      -0.21946425640019587
2.930215474280639E-4      -0.2194810311566696
2.9314481757104446E-4     -0.21950211238727127
2.932680877140251E-4      -0.21952730195481224
2.933874382858653E-4      -0.21953003582619263
2.935067888577056E-4      -0.21953686467802017
2.936261394295458E-4      -0.2195475903731074
2.93745490001386E-4       -0.21956221291145467
2.938648405732263E-4      -0.21958073229306233
2.9398419114506653E-4     -0.21960280940939791
2.940997467747933E-4      -0.21960487567567427
2.942153024045201E-4      -0.21961067771074408
2.943308580342469E-4      -0.21961987640607641
2.9444641366397365E-4     -0.21963247176167155
2.9456196929370047E-4     -0.219648463777529
2.9467752492342723E-4     -0.21966734106049404
2.9478940627728807E-4     -0.21966916462784283
2.949012876311489E-4      -0.21967428570175757
2.950131689850097E-4      -0.21968219288908247
2.9512505033887053E-4     -0.21969288618981772
2.9523693169273136E-4     -0.21970636560396292
2.953488130465922E-4      -0.21972193826212386
2.9545713695405807E-4     -0.2197240024381578
2.95565460861524E-4       -0.21972881430459287
2.956737847689898E-4      -0.21973568099203314
2.957821086764557E-4      -0.21974460250047984
2.958904325839216E-4      -0.21975557882993235
2.9599875649138744E-4     -0.2197677196307113
2.961036360671493E-4      -0.21977058815479242
2.9620851564291114E-4     -0.2197755272515719
2.96313395218673E-4       -0.2197816465713688
2.964182747944348E-4      -0.21978894611418393
2.9652315437019667E-4     -0.2197974258800167
2.966280339459585E-4      -0.21980599808859697
2.967295787080446E-4      -0.21981038143920606
2.968311234701307E-4      -0.2198159905478387
2.9693266823221676E-4     -0.2198217376342229
2.9703421299430286E-4     -0.21982762269835965
2.971357577563889E-4      -0.21983364574024813
2.97237302518475E-4       -0.2198384767012475
2.9733561850261254E-4     -0.2198452766203988
2.9743393448675013E-4     -0.21985229837620615
2.975322504708876E-4      -0.2198582119100277
2.976305664550252E-4      -0.21986301722186358
2.9772888243916274E-4     -0.21986671431171373
2.9782719842330027E-4     -0.21986761819404388
2.979223882936408E-4      -0.21987816858688392
2.9801757816398135E-4     -0.21988773421248045
2.9811276803432186E-4     -0.2198946300852985
2.9820795790466237E-4     -0.21989885620533853
2.9830314777500293E-4     -0.21990041257260004
2.9839833764534345E-4     -0.21989630183109266
2.9849050080166744E-4     -0.21991309384585903
2.985826639579914E-4      -0.21992772523079962
2.9867482711431526E-4     -0.21993719862992314
2.9876699027063926E-4     -0.21994151404322973
2.988591534269632E-4      -0.21994067147071902
2.9895131658328714E-4     -0.2199264104248626
2.990405492601034E-4      -0.21995840924027119
2.991297819369197E-4      -0.21998662792511198
2.99219014613736E-4       -0.22000280599185612
2.9930824729055227E-4     -0.22000694344050378
2.9939747996736855E-4     -0.2199990402710549
2.994867126441848E-4      -0.21999130418539165
2.9957226053682064E-4     -0.22002010020009855
2.9965780842945656E-4     -0.22005984664954242
2.997433563220924E-4      -0.22012275123560524
2.9982890421472824E-4     -0.22020881395828712
2.999144521073641E-4      -0.22031803481758772
3.0E-4                    -0.2204504138135077
