% Model:              PLacek_MembTVNJ_ArticleDims_Rh100um_hg10um_To2MHz_PHedit.mph
% Version:            COMSOL 6.3.0.335
% Date:               May 22 2025, 12:31
% Dimension:          1
% Nodes:              1801
% Expressions:        1
% Description:        Line graph
% Arc length (m)          real(p)
0                         NaN
1.6835192320072636E-7     0.05769445047863833
3.367038464014527E-7      0.05769524929944324
5.050557696021791E-7      0.05769511127267477
6.734076928029054E-7      0.05769403639830413
8.417596160036319E-7      0.05769202467636465
1.0101115392043582E-6     0.0576892772485791
1.1801802473622774E-6     0.05769153042219728
1.3502489555201964E-6     0.05769283416798491
1.5203176636781154E-6     0.057693389627731774
1.6903863718360344E-6     0.05769319680129984
1.8604550799939534E-6     0.057692255688866184
2.0305237881518723E-6     0.05769145739939707
2.200592664946635E-6      0.05769196016820979
2.370661541741397E-6      0.05769179243029674
2.5407304185361593E-6     0.05769184529488375
2.710799295330922E-6      0.0576921187618587
2.880868172125684E-6      0.05769261283123475
3.0509370489204466E-6     0.05769375588461085
3.2210059257152087E-6     0.0576923514271969
3.3910748025099717E-6     0.057691105844969955
3.5611436793047335E-6     0.05769044751933561
3.731212556099496E-6      0.057690376450339025
3.901281432894258E-6      0.05769089263793183
4.07135030968902E-6       0.057692208709788036
4.2414191864837825E-6     0.05768970854450324
4.411488063278545E-6      0.057687794387087224
4.581556940073307E-6      0.05768667886505041
4.751625816868069E-6      0.05768636197830614
4.921694693662831E-6      0.05768684372693195
5.091763570457593E-6      0.05768832911304239
5.261832447252356E-6      0.057685355110967375
5.4319013240471185E-6     0.05768305675309878
5.601970200841881E-6      0.05768163904158306
5.772039077636643E-6      0.05768110197637004
5.942107954431407E-6      0.05768144555750535
6.112176831226169E-6      0.05768291141377743
6.282245708020931E-6      0.05767976351203908
6.452314584815693E-6      0.05767727101503005
6.622383461610455E-6      0.05767567555149316
6.7924523384052175E-6     0.05767497712143756
6.96252121519998E-6       0.0576751757248313
7.132590091994742E-6      0.0576765300534507
7.302658968789505E-6      0.05767325715775168
7.472727845584267E-6      0.0576706199595442
7.642796722379028E-6      0.057668877150435775
7.812865599173792E-6      0.0576680287303808
7.982934475968554E-6      0.057668074699465936
8.153003352763316E-6      0.05766928869254846
8.323072229558079E-6      0.05766587557198821
8.493141106352842E-6      0.05766308241722331
8.663209983147605E-6      0.05766118286317035
8.833278859942367E-6      0.05766017690979282
9.003347736737129E-6      0.05766006455709529
9.173416613531891E-6      0.057661143511438515
9.343485490326653E-6      0.05765759031313597
9.513554367121415E-6      0.0576546356132552
9.683623243916178E-6      0.05765257711790606
9.853692120710938E-6      0.057651414827175236
1.00237609975057E-5       0.05765114874103078
1.0193829874300462E-5     0.05765209690859395
1.0363898751095225E-5     0.05764840025495565
1.0533967627889988E-5     0.05764528465824763
1.070403650468475E-5      0.05764306816740413
1.0874105381479513E-5     0.05764175078245708
1.1044174258274277E-5     0.05764133250348402
1.1214243135069039E-5     0.05764214765902409
1.1384312011863803E-5     0.057638306736398
1.1554380888658565E-5     0.057635030742942156
1.1724449765453327E-5     0.057632654007163754
1.1894518642248089E-5     0.05763117652916771
1.2064587519042851E-5     0.057630598308876485
1.2234656395837613E-5     0.05763127010861678
1.2404725272632376E-5     0.057627289685682634
1.257479414942714E-5      0.05762385337836481
1.27448630262219E-5       0.05762131194868441
1.2914931903016664E-5     0.057619665396805665
1.3085000779811424E-5     0.05761891372266469
1.3255069656606186E-5     0.05761942744001279
1.3425138533400948E-5     0.05761531674836475
1.3595207410195712E-5     0.05761172147517239
1.3765276286990473E-5     0.05760901213421436
1.3935345163785237E-5     0.057607188725572765
1.4105414040579997E-5     0.057606251249165505
1.427548291737476E-5      0.05760659269113448
1.4445551794169521E-5     0.05760236011118115
1.4615620670964285E-5     0.05759860735300187
1.4785689547759046E-5     0.05759572740257434
1.495575842455381E-5      0.0575937202599168
1.5125827301348572E-5     0.057592585925115916
1.5295896178143334E-5     0.057592743001029054
1.5465965054938098E-5     0.05758839483100412
1.5636033931732858E-5     0.057584484745517174
1.580610280852762E-5      0.057581431347448364
1.5976171685322383E-5     0.05757923463674294
1.6146240562117146E-5     0.05757789461356515
1.6316309438911907E-5     0.05757785824705332
1.648637831570667E-5      0.05757339690060891
1.665644719250143E-5      0.05756932741969167
1.6826516069296195E-5     0.05756609677346732
1.6996584946090956E-5     0.05756370496214571
1.716665382288572E-5      0.057562151985621916
1.733672269968048E-5      0.057561917969806746
1.7506791576475244E-5     0.0575573438341023
1.7676860453270008E-5     0.057553111401619166
1.7846929330064768E-5     0.05754970079814499
1.8016998206859532E-5     0.05754711202380749
1.8187067083654292E-5     0.05754534507854281
1.8357135960449056E-5     0.057544915555687984
1.852720483724382E-5      0.057540214126453965
1.8697273714038584E-5     0.05753580648270862
1.8867342590833344E-5     0.05753220821784374
1.9037411467628108E-5     0.057529419331904946
1.9207480344422872E-5     0.057527439824801
1.9377549221217633E-5     0.05752682214287322
1.9547618098012396E-5     0.05752197830829872
1.9717686974807157E-5     0.05751738426748879
1.9887755851601917E-5     0.05751359246662965
2.005782472839668E-5      0.05751060290577146
2.0227893605191438E-5     0.05750841558491881
2.0397962481986202E-5     0.05750762032318037
2.0568031358780966E-5     0.05750261742424224
2.073810023557573E-5      0.05749782488022689
2.090816911237049E-5      0.0574938325101107
2.1078237989165254E-5     0.05749064031395754
2.1248306865960018E-5     0.05748824829173092
2.141837574275478E-5      0.05748728383039654
2.1588444619549542E-5     0.05748210634823321
2.1758513496344303E-5     0.05747710375864128
2.1928582373139063E-5     0.057472903448531724
2.2098651249933827E-5     0.05746950541794557
2.2268720126728584E-5     0.05746690966684178
2.2438789003523348E-5     0.05746578196691564
2.2608857880318112E-5     0.05746041646803817
2.2778926757112876E-5     0.057455193098181596
2.2948995633907636E-5     0.05745077762914612
2.3119064510702397E-5     0.057447170060863306
2.3289133387497164E-5     0.0574443703934016
2.3459202264291924E-5     0.05744308408539907
2.3629271141086688E-5     0.05743751691666422
2.379934001788145E-5      0.05743206118018806
2.396940889467621E-5      0.05742742233481396
2.4139477771470973E-5     0.05742360038046895
2.4309546648265737E-5     0.05742059531721689
2.4479615525060497E-5     0.05741915321886884
2.464968440185526E-5      0.05741337188561235
2.481975327865002E-5      0.05740767295751627
2.4989822155444785E-5     0.0574028025084099
2.515989103223955E-5      0.05739876053827045
2.532995990903431E-5      0.05739554704716633
2.5500028785829074E-5     0.05739394980834884
2.5670097662623834E-5     0.057387942944134705
2.5840166539418598E-5     0.057381990615939384
2.6010235416213362E-5     0.057376880597073465
2.6180304293008122E-5     0.057372612887573435
2.6350373169802883E-5     0.057369187487389124
2.6520442046597647E-5     0.05736743439732532
2.669051092339241E-5      0.05736119029740688
2.686057980018717E-5      0.057354974174434095
2.703064867698193E-5      0.057349616029170665
2.7200717553776692E-5     0.05734511586161663
2.7370786430571456E-5     0.05734147367177195
2.7540855307366216E-5     0.05733956334147622
2.771092418416098E-5      0.057333072088631004
2.7880993060955744E-5     0.05732658211628536
2.8051061937750504E-5     0.05732096730641571
2.8221130814545265E-5     0.05731622765894909
2.839119969134003E-5      0.057312363173867224
2.8561268568134793E-5     0.057310293350937035
2.8731337444929556E-5     0.05730354553079173
2.890140632172432E-5      0.05729677156623656
2.907147519851908E-5      0.057290890956874244
2.9241544075313845E-5     0.05728590370269565
2.9411612952108605E-5     0.057281809803737274
2.958168182890337E-5      0.05727957712390755
2.975175070569813E-5      0.05727256496113766
2.9921819582492897E-5     0.057265496654682176
3.0091888459287654E-5     0.05725934006845865
3.0261957336082418E-5     0.05725409520250356
3.0432026212877178E-5     0.05724976205678501
3.060209508967194E-5      0.057247362824583425
3.07721639664667E-5       0.05724008170882011
3.0942232843261466E-5     0.05723270941751542
3.111230172005623E-5      0.057226268143799254
3.1282370596850994E-5     0.05722075788777654
3.145243947364575E-5      0.05721617864941534
3.1622508350440515E-5     0.05721361061858023
3.179257722723528E-5      0.05720604611161577
3.196264610403004E-5      0.0571983553926337
3.21327149808248E-5       0.057191618651567036
3.2302783857619563E-5     0.057185835888365566
3.247285273441433E-5      0.05718100710307037
3.264292161120909E-5      0.057178273452757444
3.2812990488003855E-5     0.05717040686105903
3.298305936479862E-5      0.05716238062235384
3.315312824159338E-5      0.05715533589365858
3.332319711838814E-5      0.05714927267506906
3.3493265995182904E-5     0.05714419096650772
3.366333487197767E-5      0.05714129537026094
3.383340374877243E-5      0.05713310783302495
3.400347262556719E-5      0.05712472896321833
3.417354150236195E-5      0.0571173633630864
3.434361037915671E-5      0.057111011032560735
3.4513679255951466E-5     0.05710567197176452
3.468374813274623E-5      0.05710261597683448
3.4853817009540994E-5     0.05709408936217842
3.502388588633576E-5      0.05708534104000635
3.519395476313052E-5      0.05707764080643222
3.5364023639925286E-5     0.057070988661456004
3.553409251672005E-5      0.057065384605100515
3.5704161393514813E-5     0.05706216646455916
3.587423027030958E-5      0.057053284825540694
3.604429914710434E-5      0.0570441508367262
3.6214368023899105E-5     0.05703610232521324
3.638443690069387E-5      0.05702913929112499
3.655450577748863E-5      0.0570232617343976
3.672457465428339E-5      0.05701987889609278
3.6894643531078154E-5     0.05701062609297025
3.706471240787292E-5      0.05700108919918336
3.7234781284667675E-5     0.05699267745581206
3.740485016146244E-5      0.05698539086288371
3.7574919038257195E-5     0.0569792294203664
3.774498791505196E-5      0.05697567867161189
3.791505679184672E-5      0.05696604136205483
3.808512566864148E-5      0.05695608451859094
3.8255194545436244E-5     0.05694729368465864
3.842526342223101E-5      0.056939668860134775
3.8595332299025765E-5     0.056933210045087765
3.876540117582053E-5      0.056929484985937945
3.893547005261529E-5      0.05691945233524331
3.910553892941006E-5      0.056909059400721176
3.927560780620482E-5      0.056899873928933316
3.9445676682999584E-5     0.0568918959197748
3.961574555979435E-5      0.056885125373341436
3.978581443658911E-5      0.056881219139715083
3.995588331338387E-5      0.05687077730649704
4.012595219017863E-5      0.056859929549382564
4.02960210669734E-5       0.05685033271851283
4.0466089943768154E-5     0.05684198681384224
4.063615882056292E-5      0.056834891835370764
4.0806227697357675E-5     0.05683080064708962
4.097629657415244E-5      0.05681992882835228
4.11463654509472E-5       0.05680860314375876
4.1316434327741966E-5     0.056798576457291125
4.148650320453673E-5      0.05678984876892658
4.165657208133149E-5      0.056782420078733534
4.182664095812625E-5      0.05677814459140772
4.1996709834921015E-5     0.05676681447227572
4.216677871171578E-5      0.0567549838715058
4.233684758851054E-5      0.05674450699379826
4.2506916465305307E-5     0.05673538383904818
4.267698534210007E-5      0.0567276144074152
4.2847054218894834E-5     0.05672315690038939
4.30171230956896E-5       0.05671133705030311
4.3187191972484355E-5     0.056698973273755386
4.335726084927912E-5      0.05668802377221345
4.3527329726073876E-5     0.05667848854569099
4.369739860286864E-5      0.0566703675942473
4.38674674796634E-5       0.05666572671699091
4.403753635645816E-5      0.05665338910860492
4.4207605233252925E-5     0.05664046495835573
4.437767411004769E-5      0.05662902006545678
4.454774298684245E-5      0.05661905442988526
4.471781186363721E-5      0.05661056805165484
4.4887880740431973E-5     0.05660573821452372
4.505794961722674E-5      0.05659285118614915
4.52280184940215E-5       0.05657933747641967
4.539808737081626E-5      0.05656737436896112
4.556815624761102E-5      0.05655696186381461
4.5738225124405786E-5     0.05654809996093905
4.590829400120055E-5      0.056543080192715964
4.6078362877995314E-5     0.05652961703341884
4.624843175479008E-5      0.056515478817540356
4.641850063158484E-5      0.05650295707737533
4.65885695083796E-5       0.056492051812882714
4.675863838517436E-5      0.0564827630240762
4.6928707261969126E-5     0.056477548024398624
4.709877613876389E-5      0.056463541114896786
4.7268845015558654E-5     0.05644875782651544
4.743891389235341E-5      0.05643565547248305
4.7608982769148175E-5     0.056424234052913635
4.777905164594294E-5      0.05641449356780266
4.79491205227377E-5       0.05640906604511034
4.8119189399532466E-5     0.05639447060162721
4.828925827632723E-5      0.05637900582570397
4.845932715312199E-5      0.056365303745314545
4.8629396029916744E-5     0.056353364360486276
4.8799464906711515E-5     0.05634318767120093
4.896953378350627E-5      0.056337563711254444
4.9139602660301036E-5     0.05632228942788693
4.93096715370958E-5       0.056306082664481616
4.947974041389056E-5      0.056291733454834424
4.9649809290685314E-5     0.056279241798981854
4.981987816748008E-5      0.056268607696946714
4.998994704427484E-5      0.05626279061110841
5.0160015921069605E-5     0.05624680408260217
5.033008479786437E-5      0.05622981590561605
5.050015367465913E-5      0.056214785542625226
5.067022255145389E-5      0.056201712993593236
5.0840291428248654E-5     0.056190598258579354
5.101036030504342E-5      0.0561845781651151
5.1180429181838175E-5     0.056167837091295254
5.135049805863294E-5      0.05615002271847075
5.15205669354277E-5       0.05613427187417764
5.169063581222245E-5      0.0561205845585391
5.1860704689017224E-5     0.0561089607714274
5.203077356581198E-5      0.056102730787511726
5.2200842442606745E-5     0.05608519272591229
5.237091131940151E-5      0.05606650202321249
5.254098019619627E-5      0.0560499889539994
5.2711049072991036E-5     0.05603565351837338
5.28811179497858E-5       0.05602349571617476
5.3051186826580564E-5     0.056017055045796765
5.322125570337533E-5      0.05599866052931936
5.339132458017009E-5      0.05597903264893883
5.3561393456964855E-5     0.055961710902843124
5.373146233375962E-5      0.05594669529109155
5.390153121055438E-5      0.055933985813679546
5.407160008734914E-5      0.05592734727133959
5.4241668964143904E-5     0.055908014563421635
5.441173784093867E-5      0.055887374361257465
5.4581806717733425E-5     0.05586919146568449
5.475187559452819E-5      0.05585346587658867
5.492194447132294E-5      0.0558401975940658
5.50920133481177E-5       0.05583339577881424
5.526208222491247E-5      0.055813014787083275
5.543215110170724E-5      0.0557912676275488
5.5602219978501995E-5     0.0557721634608134
5.577228885529676E-5      0.05575570228699566
5.594235773209153E-5      0.055741884105954195
5.611242660888629E-5      0.05573498946507427
5.628249548568105E-5      0.05571341217625298
5.6452564362475814E-5     0.0556904349494871
5.662263323927058E-5      0.05567033833196573
5.679270211606533E-5      0.05565312232368888
5.69627709928601E-5       0.05563878692467482
5.7132839869654856E-5     0.05563191713119561
5.730290874644962E-5      0.05560894767546856
5.747297762324438E-5      0.05558458323447844
5.764304650003915E-5      0.05556340880465585
5.781311537683391E-5      0.055545424386017915
5.7983184253628675E-5     0.05553062997847824
5.815325313042344E-5      0.05552395536045272
5.83233220072182E-5       0.055499354833190684
5.8493390884012966E-5     0.055473410854303865
5.866345976080773E-5      0.05545105320222382
5.8833528637602494E-5     0.05543228187681144
5.900359751439725E-5      0.05541709687819758
5.9173666391192015E-5     0.05541082018058813
5.934373526798678E-5      0.0553843287159795
5.951380414478154E-5      0.05535659161572723
5.96838730215763E-5       0.05533293085411273
5.9853941898371064E-5     0.05531334643117363
6.0024010775165814E-5     0.05529783834681673
6.019407965196058E-5      0.05529216668406716
6.036414852875534E-5      0.05526350485794082
6.0534217405550106E-5     0.05523375165698975
6.070428628234486E-5      0.05520866716422285
6.087435515913962E-5      0.05518825137952608
6.104442403593438E-5      0.055172504303005784
6.121449291272915E-5      0.05516761576593143
6.138456178952391E-5      0.05513646119985147
6.155463066631868E-5      0.05510447013160058
6.172469954311344E-5      0.055077832392507235
6.18947684199082E-5       0.05505654798250415
6.206483729670297E-5      0.055040616901692554
6.223490617349773E-5      0.05503661455886781
6.24049750502925E-5       0.05500266819968948
6.257504392708726E-5      0.05496824682844691
6.274511280388202E-5      0.05493992585403499
6.291518168067679E-5      0.05491770527634423
6.308525055747155E-5      0.054901585095456756
6.325531943426631E-5      0.054898478093093575
6.342538831106108E-5      0.05486152727440236
6.359545718785583E-5      0.05482453631735071
6.376552606465059E-5      0.05479441800370982
6.393559494144536E-5      0.054771172333402146
6.41056638182401E-5       0.05475479930651434
6.427573269503487E-5      0.05475253535530885
6.444580157182963E-5      0.05471244585522891
6.461587044862441E-5      0.054672773786900546
6.478593932541916E-5      0.054640755582604415
6.495600820221393E-5      0.0546163912423907
6.512607707900869E-5      0.05459968076621834
6.529614595580345E-5      0.054598215941849895
6.546621483259822E-5      0.054554867525060016
6.5636283709393E-5        0.05451238255832672
6.580635258618774E-5      0.05447835282943081
6.597642146298251E-5      0.0544527783383586
6.614649033977727E-5      0.05443565908512834
6.631655921657204E-5      0.05443498997674193
6.64866280933668E-5       0.054388226330083986
6.665669697016156E-5      0.05434276155342099
6.682676584695633E-5      0.054306590553764
6.699683472375108E-5      0.05427971333107194
6.716690360054584E-5      0.054262129885363074
6.73369724773406E-5       0.05426229328554801
6.750704135413537E-5      0.05421191745181085
6.767711023093013E-5      0.05416327518965775
6.784717910772488E-5      0.05412481956797194
6.801724798451965E-5      0.05409655058674431
6.818731686131441E-5      0.05407846824595205
6.835738573810918E-5      0.05407954421723064
6.852745461490394E-5      0.05402531225259964
6.86975234916987E-5       0.05397325926459144
6.886759236849347E-5      0.05393235692479134
6.903766124528822E-5      0.05390260523322674
6.920773012208298E-5      0.053884004189870244
6.937779899887774E-5      0.053886110557186895
6.954786787567251E-5      0.05382774553085409
6.971793675246727E-5      0.05377201932127212
6.988800562926202E-5      0.05372848869086039
7.005807450605679E-5      0.05369715363973293
7.022814338285155E-5      0.05367801416773011
7.039821225964631E-5      0.05368128956880764
7.056828113644108E-5      0.05361850886414462
7.073835001323584E-5      0.05355883348352511
7.09084188900306E-5       0.05351248272061742
7.107848776682537E-5      0.05347945657552193
7.124855664362013E-5      0.05345975504822039
7.14186255204149E-5       0.053464349856896715
7.158869439720966E-5      0.053396870221435286
7.175876327400443E-5      0.05333296139223524
7.192883215079919E-5      0.05328359508749873
7.209890102759395E-5      0.05324877130719838
7.226896990438872E-5      0.053228490051384365
7.243903878118348E-5      0.05323457685347959
7.260910765797824E-5      0.05316210985978754
7.277917653477301E-5      0.053093667124545635
7.294924541156777E-5      0.05304107418117222
7.311931428836252E-5      0.05300433102971291
7.32893831651573E-5       0.05298343767016314
7.345945204195205E-5      0.05299120301722736
7.362952091874681E-5      0.052913493517492374
7.379958979554158E-5      0.052840210223883535
7.396965867233633E-5      0.05278416205117485
7.413972754913108E-5      0.052745348999344646
7.430979642592586E-5      0.05272377106839449
7.44798653027206E-5       0.05273338952438776
7.464993417951538E-5      0.052650278601630025
7.482000305631013E-5      0.05257187258660544
7.499007193310491E-5      0.052512132745337024
7.516014080989968E-5      0.05247105907775636
7.533020968669444E-5      0.052448651583908476
7.55002785634892E-5       0.05246023109076649
7.567034744028397E-5      0.05237171390222651
7.584041631707873E-5      0.05228797352556521
7.601048519387348E-5      0.05222433078771294
7.618055407066824E-5      0.05218078568863549
7.6350622947463E-5        0.052157338228392004
7.652069182425776E-5      0.05217092828096494
7.669076070105252E-5      0.052077140501197536
7.686082957784729E-5      0.05198791207423839
7.703089845464205E-5      0.051920182874037
7.72009673314368E-5       0.05187395290060362
7.737103620823156E-5      0.05184922215393997
7.754110508502633E-5      0.05186488579920099
7.771117396182109E-5      0.05176605051060127
7.788124283861586E-5      0.05167117790575426
7.805131171541062E-5      0.051599163149832566
7.822138059220538E-5      0.05155000624280995
7.839144946900015E-5      0.051523707184710936
7.856151834579491E-5      0.05154156284001467
7.873158722258968E-5      0.05143808001274221
7.890165609938444E-5      0.051337433878435895
7.907172497617919E-5      0.05126092130150473
7.924179385297395E-5      0.051208542282062765
7.941186272976872E-5      0.051180296820005064
7.958193160656348E-5      0.051200455102261226
7.975200048335824E-5      0.05109304422787772
7.992206936015301E-5      0.05098660954090569
8.009213823694777E-5      0.05090542122815613
8.026220711374252E-5      0.05084947928968377
8.04322759905373E-5       0.050818783725379145
8.060234486733205E-5      0.05084131040741085
8.077241374412683E-5      0.05073105725695167
8.094248262092158E-5      0.05061894196633279
8.111255149771634E-5      0.05053294040764069
8.12826203745111E-5       0.05047305258086171
8.145268925130588E-5      0.050439278485954794
8.162275812810063E-5      0.05046430676165959
8.179282700489541E-5      0.05035266438315087
8.196289588169016E-5      0.050235025831141436
8.213296475848491E-5      0.05014407974424325
8.230303363527969E-5      0.05007982612248823
8.247310251207444E-5      0.05004226496585355
8.26431713888692E-5       0.05007014759360388
8.281324026566398E-5      0.04995896044431167
8.298330914245874E-5      0.049835975123013326
8.31533780192535E-5       0.04973994294880015
8.332344689604827E-5      0.049670863921754245
8.349351577284304E-5      0.04962873804182999
8.36635846496378E-5       0.04966007815585682
8.383365352643258E-5      0.04955168618794762
8.400372240322733E-5      0.0494235832717392
8.417379128002208E-5      0.04932228225407469
8.434386015681686E-5      0.04924778313490843
8.45139290336116E-5       0.049200085914286075
8.468399791040637E-5      0.04923564049162234
8.485406678720113E-5      0.04913317405290657
8.50241356639959E-5       0.04900041534019332
8.519420454079065E-5      0.048893814252865424
8.536427341758541E-5      0.04881337079099585
8.553434229438016E-5      0.0487590849545481
8.570441117117493E-5      0.0487999669827303
8.587448004796969E-5      0.04870710314318457
8.604454892476445E-5      0.048570221686058734
8.621461780155922E-5      0.048458332850474274
8.638468667835397E-5      0.04837143663648136
8.655475555514873E-5      0.048309533044084536
8.67248244319435E-5       0.04835735676894841
8.689489330873826E-5      0.048278553445151286
8.706496218553302E-5      0.048138235922796334
8.723503106232779E-5      0.0480211388975892
8.740509993912255E-5      0.04792726236960743
8.757516881591731E-5      0.04785660633878262
8.774523769271208E-5      0.04791396091691901
8.791530656950684E-5      0.04785473838625899
8.80853754463016E-5       0.04771168058609543
8.825544432309636E-5      0.0475895776281596
8.842551319989112E-5      0.047488429512483436
8.859558207668588E-5      0.047408236239103424
8.876565095348065E-5      0.04747922757200081
8.893571983027541E-5      0.047445527101281436
8.910578870707019E-5      0.047300151625789634
8.927585758386494E-5      0.04717333090961839
8.94459264606597E-5       0.04706506495278821
8.961599533745447E-5      0.04697535375525949
8.978606421424923E-5      0.04706593255717714
8.9956133091044E-5        0.047063533850372784
9.012620196783876E-5      0.04691596130706937
9.029627084463352E-5      0.046784950167516444
9.046633972142827E-5      0.046670500431696904
9.063640859822305E-5      0.04657261209959707
9.08064774750178E-5       0.04669046858725314
9.097654635181258E-5      0.04672397681920595
9.114661522860733E-5      0.046574068975480776
9.131668410540209E-5      0.04643992847198152
9.148675298219686E-5      0.04632155530871278
9.165682185899162E-5      0.04621894948569605
9.182689073578638E-5      0.04637341840358282
9.199695961258116E-5      0.04644481707410039
9.216702848937591E-5      0.04629219431948124
9.233709736617066E-5      0.04615685754043741
9.250716624296544E-5      0.04603880673693928
9.267723511976019E-5      0.04593804190901006
9.284730399655495E-5      0.04613993580418953
9.301737287334972E-5      0.04624705305062662
9.31874417501445E-5       0.04609124680522745
9.335751062693924E-5      0.04595788981562603
9.3527579503734E-5        0.04584698208177787
9.369764838052876E-5      0.04575852360368481
9.386771725732352E-5      0.0460191482818
9.403778613411829E-5      0.046154171549621585
9.420785501091305E-5      0.04599507639886244
9.43779238877078E-5       0.045868496730079894
9.454799276450256E-5      0.045774432543277364
9.471806164129733E-5      0.045712883838420086
9.488813051809209E-5      0.04604161271743051
9.505819939488686E-5      0.04619003120320447
9.522826827168162E-5      0.046028793376539714
9.539833714847638E-5      0.04591566133946535
9.556840602527113E-5      0.04585063509192093
9.57384749020659E-5       0.04583371463389648
9.590854377886066E-5      0.04623405969574991
9.607861265565543E-5      0.04637520077093504
9.62486815324502E-5       0.04621554565890062
9.641875040924495E-5      0.04612425408984349
9.658881928603972E-5      0.04610132606377505
9.675888816283448E-5      0.046146761580694876
9.692895703962925E-5      0.046611852508070525
9.709902591642401E-5      0.04672232081540586
9.726909479321879E-5      0.04657176380740217
9.743916367001354E-5      0.04651147335164722
9.76092325468083E-5       0.04654144944807144
9.777930142360306E-5      0.04666169209669065
9.794937030039783E-5      0.04717135116330503
9.811943917719258E-5      0.047231428921745186
9.828950805398736E-5      0.04710120667285586
9.84595769307821E-5       0.04707983428248641
9.862964580757686E-5      0.04716731175061288
9.879971468437162E-5      0.047363639077236855
9.896978356116637E-5      0.047885515885097124
9.913985243796113E-5      0.04788614028698706
9.930992131475591E-5      0.04778896063396645
9.947999019155066E-5      0.04781067654901218
9.965005906834544E-5      0.04795128803200717
9.982012794514019E-5      0.048210795082917465
9.999019682193495E-5      0.048706828533007965
1.0016026569872972E-4     0.04865320412511802
1.003303345755245E-4      0.048599334928695524
1.0050040345231925E-4     0.04866285177525977
1.0067047232911402E-4     0.04884375466456216
1.0084054120590877E-4     0.04914204359673698
1.0101061008270354E-4     0.049578572469743946
1.011806789594983E-4      0.04948795164843181
1.0135074783629308E-4     0.04948149036662671
1.0152081671308783E-4     0.049580042522448874
1.016908855898826E-4      0.049783608115721495
1.0186095446667736E-4     0.050092187146533566
1.0203102334347212E-4     0.05044878945293821
1.0220109222026688E-4     0.05034370570145876
1.0237116109706166E-4     0.050381250356909435
1.0254122997385641E-4     0.05050443325751346
1.0271129885065116E-4     0.05071325440318017
1.0288136772744593E-4     0.05100771379393957
1.0305143660424069E-4     0.051280252546431704
1.0322150548103545E-4     0.05118113705035664
1.0339157435783022E-4     0.05125372341152588
1.0356164323462497E-4     0.05139045274680265
1.0373171211141973E-4     0.05159132505600776
1.0390178098821448E-4     0.051856340339227924
1.0407184986500925E-4     0.052053757272269296
1.0424191874180401E-4     0.05197451052027686
1.0441198761859879E-4     0.05207136120384444
1.0458205649539355E-4     0.05221256799911692
1.047521253721883E-4      0.052398130906005064
1.0492219424898308E-4     0.05262804992445598
1.0509226312577784E-4     0.05276608333067645
1.052623320025726E-4      0.05271328373840864
1.0543240087936737E-4     0.05282495275185999
1.0560246975616213E-4     0.05296484864750996
1.0577253863295688E-4     0.05313297142512334
1.0594260750975165E-4     0.053329321084880886
1.0611267638654641E-4     0.053424674753963515
1.0628274526334116E-4     0.05339908114890996
1.0645281414013594E-4     0.05351884854106689
1.0662288301693069E-4     0.053654754057755494
1.0679295189372544E-4     0.05380679769895755
1.0696302077052022E-4     0.05397497946471637
1.0713308964731497E-4     0.054041950859959845
1.0730315852410975E-4     0.05404070660574249
1.074732274009045E-4      0.054164449013577046
1.0764329627769927E-4     0.05429582958854422
1.0781336515449402E-4     0.05443484833045695
1.0798343403128879E-4     0.054581505239518255
1.0815350290808356E-4     0.05463101056920547
1.0832357178487833E-4     0.05464949402542625
1.0849364066167309E-4     0.054774823778365615
1.0866370953846784E-4     0.05490221008165253
1.088337784152626E-4      0.05503165293529045
1.0900384729205736E-4     0.0551631523392497
1.0917391616885212E-4     0.05520303167613226
1.0934398504564688E-4     0.05523609988410551
1.0951405392244166E-4     0.055361586062760315
1.0968412279923641E-4     0.05548581359480131
1.0985419167603116E-4     0.05560878248020111
1.1002426055282593E-4     0.05573049271898141
1.1019432942962069E-4     0.05576628222730977
1.1036439830641547E-4     0.055809120180051054
1.1053446718321023E-4     0.05593375385075324
1.10704536060005E-4       0.056055521155551985
1.1087460493679976E-4     0.05617442209438683
1.1104467381359452E-4     0.056290456667299434
1.1121474269038929E-4     0.05632600911178047
1.1138481156718405E-4     0.05637477824729705
1.1155488044397881E-4     0.056497853125609294
1.1172494932077356E-4     0.05661761798425293
1.1189501819756833E-4     0.05673407282310938
1.1206508707436308E-4     0.05684721764232973
1.1223515595115784E-4     0.056884862223798544
1.124052248279526E-4      0.05693700088243379
1.1257529370474738E-4     0.05705818430710535
1.1274536258154213E-4     0.05717622227991047
1.1291543145833691E-4     0.057291114800848
1.1308550033513168E-4     0.057402861869899145
1.1325556921192644E-4     0.05744333282459983
1.134256380887212E-4      0.05749745514326237
1.1359570696551597E-4     0.05761686552100261
1.1376577584231072E-4     0.0577334332952818
1.1393584471910548E-4     0.05784715846612045
1.1410591359590025E-4     0.05795804103347979
1.1427598247269501E-4     0.058000886405132804
1.1444605134948977E-4     0.058056472546990534
1.1461612022628454E-4     0.05817457137080893
1.147861891030793E-4      0.05828998828434843
1.1495625797987405E-4     0.058402723287544034
1.1512632685666883E-4     0.05851277638043053
1.1529639573346359E-4     0.05855714828467456
1.1546646461025836E-4     0.05861423500188738
1.156365334870531E-4      0.058731568343192785
1.1580660236384786E-4     0.05884614903030474
1.1597667124064261E-4     0.05895797706315026
1.1614674011743738E-4     0.05906705244179007
1.1631680899423213E-4     0.05911217720480397
1.1648687787102691E-4     0.05917102968764307
1.1665694674782166E-4     0.059288047485233086
1.1682701562461643E-4     0.059402032636255014
1.1699708450141119E-4     0.059512985140665525
1.1716715337820595E-4     0.059620904998491125
1.1733722225500072E-4     0.059666170329000796
1.175072911317955E-4      0.059727021285515575
1.1767736000859025E-4     0.05984403299241023
1.17847428885385E-4       0.05995758356896601
1.1801749776217977E-4     0.06006767301515325
1.1818756663897452E-4     0.060174301330998894
1.1835763551576929E-4     0.06021929970541573
1.1852770439256405E-4     0.060282289873195255
1.1869777326935883E-4     0.060399474210642935
1.1886784214615358E-4     0.06051268390665259
1.1903791102294836E-4     0.06062191896122991
1.192079798997431E-4      0.060727179374377195
1.1937804877653787E-4     0.06077171626504935
1.1954811765333263E-4     0.06083691758817233
1.1971818653012741E-4     0.060954345514313064
1.1988825540692216E-4     0.06106725116233295
1.2005832428371694E-4     0.061175634532286735
1.2022839316051169E-4     0.061279495624131076
1.2039846203730645E-4     0.06132351779128625
1.2056853091410122E-4     0.061390945651691814
1.20738599790896E-4       0.061508617561780915
1.2090866866769075E-4     0.061621216874729746
1.2107873754448552E-4     0.06172874359066606
1.2124880642128027E-4     0.061831197709532826
1.2141887529807504E-4     0.06187470711452739
1.215889441748698E-4      0.06194433177935594
1.2175901305166458E-4     0.062062217030091876
1.2192908192845933E-4     0.062174490749934835
1.2209915080525408E-4     0.06228115293887567
1.2226921968204886E-4     0.062382203596921246
1.224392885588436E-4      0.06242518863548195
1.2260935743563836E-4     0.06249693555406486
1.2277942631243313E-4     0.06261500265083512
1.2294949518922788E-4     0.06272693583729211
1.2311956406602266E-4     0.0628327351133537
1.232896329428174E-4      0.06293240047905412
1.2345970181961216E-4     0.06297483496874573
1.236297706964069E-4      0.06304859524217278
1.2379983957320172E-4     0.06316681844471321
1.2396990844999647E-4     0.0632784076106487
1.2413997732679122E-4     0.06338336274001573
1.2431004620358597E-4     0.06348168383281887
1.2448011508038075E-4     0.06352357042758833
1.246501839571755E-4      0.06359921899824164
1.2482025283397027E-4     0.06371756599143832
1.2499032171076502E-4     0.06382881094569484
1.2516039058755977E-4     0.06393295386107509
1.2533045946435455E-4     0.06402999473751061
1.255005283411493E-4      0.06407138422212866
1.2567059721794408E-4     0.06414878189110908
1.2584066609473883E-4     0.06426720284714178
1.2601073497153358E-4     0.06437809773747717
1.2618080384832836E-4     0.06448146656193733
1.2635087272512313E-4     0.06457730932064541
1.2652094160191788E-4     0.06461830953784704
1.2669101047871266E-4     0.06469731312447906
1.268610793555074E-4      0.06481573649266309
1.270311482323022E-4      0.06492626316665842
1.2720121710909694E-4     0.06502889314647874
1.2737128598589172E-4     0.06512362643212632
1.2754135486268647E-4     0.06516438568365474
1.2771142373948125E-4     0.06524486122354346
1.27881492616276E-4       0.0653632015168454
1.2805156149307075E-4     0.06547332922360269
1.282216303698655E-4      0.06557524434371953
1.2839169924666027E-4     0.06566894687730084
1.2856176812345502E-4     0.06570958262361484
1.287318370002498E-4      0.06579138968949247
1.2890190587704455E-4     0.06590956993843684
1.290719747538393E-4      0.06601926916978004
1.2924204363063408E-4     0.06612048738352208
1.2941211250742886E-4     0.06621322457962645
1.295821813842236E-4      0.06625378287805928
1.2975225026101836E-4     0.0663367594696996
1.2992231913781313E-4     0.06645472472302187
1.3009238801460788E-4     0.06656398075789643
1.3026245689140266E-4     0.06666452757435067
1.304325257681974E-4      0.06675636517232982
1.3060259464499216E-4     0.06679688226574196
1.3077266352178694E-4     0.06688087420470325
1.3094273239858172E-4     0.06699857857960258
1.3111280127537647E-4     0.0671073841042522
1.3128287015217125E-4     0.06720729077860649
1.31452939028966E-4       0.06729829860271334
1.3162300790576077E-4     0.06733884248061095
1.3179307678255552E-4     0.06742372220441575
1.319631456593503E-4      0.06754111682966213
1.3213321453614505E-4     0.06764946126039965
1.3230328341293983E-4     0.0677487554966192
1.3247335228973458E-4     0.06783899953832079
1.3264342116652933E-4     0.06787963404446737
1.3281349004332408E-4     0.06796527403409508
1.3298355892011888E-4     0.06808231030388935
1.3315362779691363E-4     0.06819018351288608
1.3332369667370838E-4     0.06828889366105793
1.3349376555050313E-4     0.06837844074842313
1.336638344272979E-4      0.06841924265999282
1.3383390330409266E-4     0.06850551810264903
1.3400397218088744E-4     0.06862214124806178
1.341740410576822E-4      0.06872952998120571
1.3434410993447694E-4     0.06882768430202607
1.3451417881127172E-4     0.06891660421061865
1.3468424768806647E-4     0.0689577195539011
1.3485431656486125E-4     0.06904455187232916
1.35024385441656E-4       0.06916068996088535
1.3519445431845077E-4     0.06926756366650556
1.3536452319524555E-4     0.06936517298918979
1.355345920720403E-4      0.06945351792901557
1.3570466094883508E-4     0.0694951265985568
1.3587472982562983E-4     0.06958250720213077
1.360447987024246E-4      0.06969808573218167
1.3621486757921936E-4     0.06980439030140198
1.363849364560141E-4      0.0699014209097917
1.3655500533280886E-4     0.06998917755733032
1.367250742096036E-4      0.07003161604700504
1.3689514308639836E-4     0.07011981687721466
1.3706521196319314E-4     0.0702347648094041
1.3723528083998789E-4     0.0703404156464853
1.3740534971678266E-4     0.0704367693884309
1.375754185935774E-4      0.07052382603529793
1.3774548747037216E-4     0.07056578261327795
1.3791555634716691E-4     0.07065383157267983
1.3808562522396172E-4     0.07076838105550579
1.3825569410075647E-4     0.07087362808794512
1.3842576297755122E-4     0.07096957266998417
1.3859583185434597E-4     0.07105621480164344
1.3876590073114075E-4     0.07109949960152934
1.3893596960793552E-4     0.07118853848534958
1.391060384847303E-4      0.07130234231830518
1.3927610736152505E-4     0.07140685621907374
1.3944617623831983E-4     0.07150208018759292
1.3961624511511458E-4     0.07158801422391899
1.3978631399190936E-4     0.07163027035979971
1.3995638286870413E-4     0.07171861828091104
1.4012645174549888E-4     0.07183210911862134
1.4029652062229363E-4     0.07193635490487363
1.404665894990884E-4      0.07203135563956756
1.406366583758832E-4      0.07211711132274189
1.4080672725267794E-4     0.07216034500543211
1.409767961294727E-4      0.07224886518336449
1.4114686500626747E-4     0.07236158158281877
1.4131693388306222E-4     0.07246521725481903
1.41487002759857E-4       0.07255977219933331
1.4165707163665175E-4     0.07264524641638215
1.418271405134465E-4      0.07268911350928418
1.4199720939024125E-4     0.07277746055095828
1.4216727826703605E-4     0.07288942867283484
1.423373471438308E-4      0.07299249147813441
1.4250741602062555E-4     0.07308664896688435
1.426774848974203E-4      0.07317190113910067
1.4284755377421508E-4     0.07321672456867488
1.4301762265100983E-4     0.0733050326602166
1.431876915278046E-4      0.07341615267212337
1.4335776040459936E-4     0.07351856117820235
1.435278292813941E-4      0.07361225817857214
1.4369789815818888E-4     0.07369724367316434
1.4386796703498363E-4     0.07374292244393461
1.440380359117784E-4      0.073831146866706
1.4420810478857316E-4     0.0739414215633419
1.443781736653679E-4      0.07404315131576605
1.445482425421627E-4      0.07413633612397391
1.4471831141895747E-4     0.07422097598794494
1.4488838029575222E-4     0.07426770767208793
1.45058449172547E-4       0.07435621318746481
1.4522851804934175E-4     0.07446565246379355
1.4539858692613652E-4     0.07456666226543504
1.4556865580293127E-4     0.0746592425923847
1.4573872467972605E-4     0.07474339344466537
1.459087935565208E-4      0.07478951522272087
1.4607886243331558E-4     0.07487723190008842
1.4624893131011033E-4     0.0749861848470782
1.4641900018690508E-4     0.07508677446417057
1.4658906906369983E-4     0.07517900075138835
1.467591379404946E-4      0.07526286370872699
1.4692920681728936E-4     0.07531010680004097
1.4709927569408413E-4     0.07539846811628576
1.4726934457087888E-4     0.07550672323375285
1.4743941344767364E-4     0.07560661561648468
1.476094823244684E-4      0.07569814526434497
1.477795512012632E-4      0.07578131217731934
1.4794962007805794E-4     0.07582767372004949
1.4811968895485272E-4     0.07591574448730712
1.4828975783164747E-4     0.07602377445577316
1.4845982670844225E-4     0.07612332099015692
1.48629895585237E-4       0.07621438409033851
1.4879996446203175E-4     0.07629696375640302
1.4897003333882652E-4     0.07634318852841489
1.491401022156213E-4      0.07643164143328687
1.4931017109241605E-4     0.07653936670681488
1.494802399692108E-4      0.07663849288919884
1.4965030884600555E-4     0.07672901998041248
1.4982037772280033E-4     0.07681094798044913
1.4999044659959508E-4     0.07685674769801942
1.5016051547638986E-4     0.07694534972954488
1.503305843531846E-4      0.07705279903103847
1.5050065322997936E-4     0.07715156641129167
1.506707221067741E-4      0.077241651870276
1.5084079098356886E-4     0.0773230554080218
1.510108598603636E-4      0.07736891044971465
1.511809287371584E-4      0.07745776648888027
1.5135099761395316E-4     0.07756478150976613
1.515210664907479E-4      0.07766308893760611
1.5169113536754272E-4     0.07775268877242646
1.5186120424433747E-4     0.07783358101415473
1.5203127312113225E-4     0.07787956025908896
1.5220134199792702E-4     0.07796857537741032
1.5237141087472177E-4     0.07807508809342664
1.5254147975151652E-4     0.07817289300343248
1.5271154862831127E-4     0.07826199010743638
1.5288161750510602E-4     0.07834237940540444
1.5305168638190077E-4     0.07838849185564842
1.5322175525869555E-4     0.07847758478405768
1.533918241354903E-4      0.0785835543968524
1.5356189301228508E-4     0.07868083165230753
1.5373196188907983E-4     0.07876941655046643
1.5390203076587458E-4     0.07884930909129717
1.5407209964266936E-4     0.07889556278313897
1.5424216851946414E-4     0.07898468977483653
1.5441223739625889E-4     0.07909009493320668
1.5458230627305366E-4     0.07918683176662683
1.5475237514984844E-4     0.07927490027505993
1.549224440266432E-4      0.07935430045851011
1.5509251290343797E-4     0.07940068522675342
1.5526258178023272E-4     0.07948981016682968
1.554326506570275E-4      0.07959464287972128
1.5560271953382225E-4     0.07969083627525256
1.5577278841061702E-4     0.07977839035342355
1.559428572874118E-4      0.0798573051141836
1.5611292616420655E-4     0.07990379167095846
1.5628299504100133E-4     0.07999286050319979
1.5645306391779608E-4     0.08009711626877906
1.5662313279459083E-4     0.08019277008111675
1.567932016713856E-4      0.08027982194013183
1.5696327054818036E-4     0.08035827184585685
1.571333394249751E-4      0.08040486934612112
1.5730340830176988E-4     0.08049383747518224
1.5747347717856466E-4     0.08059750259434069
1.576435460553594E-4      0.08069261425146285
1.5781361493215416E-4     0.08077917244651338
1.5798368380894897E-4     0.08085717717947502
1.5815375268574372E-4     0.08090392349396913
1.583238215625385E-4      0.08099277551980472
1.5849389043933325E-4     0.08109583424785419
1.58663959316128E-4       0.08119039472168546
1.5883402819292277E-4     0.08127645694126201
1.5900409706971752E-4     0.08135402090662378
1.5917416594651227E-4     0.08140092983586483
1.5934423482330705E-4     0.08148966014047428
1.595143037001018E-4      0.08159210504359474
1.5968437257689655E-4     0.08168610776334935
1.5985444145369133E-4     0.08177166829973638
1.6002451033048608E-4     0.08184878665274672
1.6019457920728083E-4     0.08189584091134183
1.6036464808407558E-4     0.08198443887030332
1.6053471696087036E-4     0.08208627044112154
1.607047858376651E-4      0.08217971371273343
1.6087485471445986E-4     0.08226476868512589
1.6104492359125464E-4     0.08234143535829033
1.6121499246804939E-4     0.08238860127249115
1.6138506134484416E-4     0.08247704841055178
1.6155513022163894E-4     0.08257827194708443
1.617251990984337E-4      0.08267115942236886
1.6189526797522844E-4     0.08275571083639822
1.620653368520232E-4      0.08283192618917767
1.6223540572881797E-4     0.0828791577646604
1.6240547460561272E-4     0.08296741266390928
1.625755434824075E-4      0.08306803382167097
1.6274561235920225E-4     0.0831603735219095
1.6291568123599702E-4     0.0832444317645998
1.630857501127918E-4      0.08332020854977008
1.6325581898958655E-4     0.08336748936268984
1.6342588786638133E-4     0.08345551001780788
1.6359595674317608E-4     0.08355552490401355
1.6376602561997083E-4     0.08364731950666962
1.639360944967656E-4      0.08373089382573103
1.6410616337356036E-4     0.08380624786120305
1.642762322503551E-4      0.08385360286283589
1.6444630112714989E-4     0.08394136720458714
1.6461637000394464E-4     0.08404076191232722
1.647864388807394E-4      0.08413200823582216
1.6495650775753416E-4     0.08421510617503374
1.651265766343289E-4      0.0842900557300033
1.652966455111237E-4      0.08433749533420817
1.6546671438791847E-4     0.08442495287807979
1.6563678326471322E-4     0.08452371054994481
1.6580685214150797E-4     0.08461440678337323
1.6597692101830275E-4     0.08469704157828693
1.6614698989509752E-4     0.08477161493473738
1.6631705877189227E-4     0.0848191519255514
1.6648712764868705E-4     0.08490623305755508
1.666571965254818E-4      0.08500433141104542
1.6682726540227658E-4     0.08509447205886166
1.6699733427907133E-4     0.08517665500096956
1.6716740315586608E-4     0.08525088023741247
1.6733747203266086E-4     0.08529856241078719
1.6750754090945563E-4     0.0853852277467775
1.6767760978625038E-4     0.08548263960299006
1.6784767866304514E-4     0.08557221262205356
1.6801774753983989E-4     0.08565394680394751
1.6818781641663466E-4     0.08572784214867633
1.683578852934294E-4      0.08577571327312743
1.685279541702242E-4      0.08586194056238958
1.6869802304701894E-4     0.08595864327047864
1.688680919238137E-4      0.08604763601434835
1.6903816080060847E-4     0.08612891879388465
1.6920822967740322E-4     0.08620249160917948
1.69378298554198E-4       0.08625056396284846
1.6954836743099277E-4     0.08633633209946948
1.6971843630778755E-4     0.08643231300266506
1.698885051845823E-4      0.08652071617517781
1.7005857406137708E-4     0.08660154161694618
1.7022864293817186E-4     0.08667478932798141
1.703987118149666E-4      0.08672305066168207
1.7056878069176138E-4     0.08680834212893114
1.707388495685561E-4      0.08690359722486093
1.7090891844535086E-4     0.08699140730290549
1.710789873221456E-4      0.08707177236305
1.7124905619894036E-4     0.08714469240527291
1.714191250757351E-4      0.08719312384682007
1.7158919395252989E-4     0.08727792056840358
1.7175926282932466E-4     0.08737244882001852
1.719293317061194E-4      0.0874596650188615
1.7209940058291416E-4     0.08753956916490974
1.7226946945970894E-4     0.08761216125818147
1.7243953833650372E-4     0.08766075115070737
1.726096072132985E-4      0.08774504159610702
1.7277967609009325E-4     0.08783884214711313
1.72949744966888E-4       0.08792546265562863
1.7311981384368277E-4     0.08800490312170828
1.7328988272047752E-4     0.08807716354535892
1.7345995159727227E-4     0.08812590165152705
1.7363002047406705E-4     0.08820968161096089
1.738000893508618E-4      0.08830275462649577
1.7397015822765658E-4     0.08838877842305308
1.7414022710445133E-4     0.08846775300068756
1.7431029598124608E-4     0.08853967835933534
1.7448036485804086E-4     0.08858855391375972
1.7465043373483563E-4     0.08867181641055043
1.7482050261163039E-4     0.08876416091301277
1.7499057148842514E-4     0.08884958683586898
1.7516064036521989E-4     0.08892809417911904
1.7533070924201466E-4     0.08899968294276751
1.7550077811880941E-4     0.0890486905473116
1.756708469956042E-4      0.08913142866775477
1.7584091587239894E-4     0.08922304181305171
1.760109847491937E-4      0.08930786740369051
1.7618105362598847E-4     0.08938590543973042
1.7635112250278322E-4     0.08945715592113497
1.76521191379578E-4       0.0895062884260111
1.7669126025637275E-4     0.08958849258121734
1.7686132913316755E-4     0.08967937150941334
1.770313980099623E-4      0.08976359478868777
1.7720146688675705E-4     0.08984116241906574
1.7737153576355183E-4     0.08991207440057691
1.7754160464034658E-4     0.08996132022314682
1.7771167351714136E-4     0.09004297346158738
1.778817423939361E-4      0.09013311515602097
1.7805181127073086E-4     0.09021673479637085
1.782218801475256E-4      0.09029383238265526
1.7839194902432036E-4     0.09036440791488791
1.7856201790111514E-4     0.09041376019475961
1.787320867779099E-4      0.09049484598557306
1.789021556547047E-4      0.09058424629089008
1.7907222453149944E-4     0.09066725991241063
1.7924229340829422E-4     0.09074388685014156
1.79412362285089E-4       0.0908141271041011
1.7958243116188375E-4     0.09086358658300936
1.7975250003867852E-4     0.09094409910235231
1.7992256891547327E-4     0.09103275406290469
1.8009263779226802E-4     0.09111515737344593
1.8026270666906277E-4     0.09119130903396687
1.8043277554585752E-4     0.09126120904448579
1.806028444226523E-4      0.09131077269601401
1.8077291329944705E-4     0.09139071977556065
1.8094298217624183E-4     0.09147862985625722
1.8111305105303658E-4     0.09156041822904662
1.8128311992983136E-4     0.09163608489399955
1.8145318880662613E-4     0.09170562985110005
1.8162325768342089E-4     0.09175527615772344
1.8179332656021566E-4     0.09183467529750541
1.8196339543701044E-4     0.09192184929555833
1.821334643138052E-4      0.09200302120916858
1.8230353319059994E-4     0.09207819103838634
1.824736020673947E-4      0.09214735878321617
1.8264367094418947E-4     0.09219704591816646
1.8281373982098422E-4     0.09227591630792557
1.82983808697779E-4       0.09236237020536722
1.8315387757457375E-4     0.09244292908503632
1.8332394645136852E-4     0.0925175929469055
1.834940153281633E-4      0.09258636179100209
1.8366408420495805E-4     0.09263603818623847
1.838341530817528E-4      0.09271439163156317
1.8400422195854755E-4     0.09280014288615887
1.841742908353423E-4      0.09288009451896531
1.8434435971213705E-4     0.09295424652993685
1.845144285889318E-4      0.09302259891912595
1.8468449746572655E-4     0.09307223970636888
1.8485456634252133E-4     0.09315010765428644
1.850246352193161E-4      0.0932351695041732
1.8519470409611086E-4     0.09331451327589045
1.8536477297290564E-4     0.09338813896941087
1.8553484184970039E-4     0.0934560465847481
1.8570491072649516E-4     0.09350567089699313
1.8587497960328991E-4     0.09358315284663626
1.8604504848008472E-4     0.09366754555028012
1.8621511735687947E-4     0.09374628378305448
1.8638518623367422E-4     0.09381936754488814
1.86555255110469E-4       0.09388679683581917
1.8672532398726375E-4     0.09393597294758299
1.8689539286405852E-4     0.09401273746914121
1.870654617408533E-4      0.09409652378108029
1.8723553061764805E-4     0.094174733175167
1.8740559949444283E-4     0.09424736565145381
1.8757566837123758E-4     0.09431442120987231
1.8774573724803236E-4     0.09436371821937695
1.879158061248271E-4      0.09444007768360861
1.8808587500162188E-4     0.0945231356029584
1.8825594387841663E-4     0.09460071034635795
1.8842601275521139E-4     0.0946728019138415
1.8859608163200614E-4     0.09473941030536569
1.8876615050880089E-4     0.09478863803858084
1.8893621938559564E-4     0.0948645360931998
1.891062882623904E-4      0.09494691815735834
1.8927635713918516E-4     0.0950238867486726
1.8944642601597991E-4     0.09509544186712887
1.896164948927747E-4      0.09516158351276595
1.8978656376956944E-4     0.09521067884842628
1.8995663264636422E-4     0.0952861098742081
1.90126701523159E-4       0.09536782525752499
1.9029677039995375E-4     0.095444192161322
1.904668392767485E-4      0.09551521058564932
1.906369081535433E-4      0.09558088053043397
1.9080697703033805E-4     0.09562975508289875
1.909770459071328E-4      0.09570463907342762
1.9114711478392758E-4     0.09578569524212437
1.9131718366072233E-4     0.09586147667603853
1.9148725253751708E-4     0.09593198337528865
1.9165732141431186E-4     0.09599721533979266
1.918273902911066E-4      0.09604596395584439
1.9199745916790139E-4     0.09612029346224796
1.9216752804469614E-4     0.09620064667145387
1.923375969214909E-4      0.09627581496966477
1.9250766579828566E-4     0.09634579835693309
1.9267773467508041E-4     0.09641059683324746
1.928478035518752E-4      0.09645947768757362
1.9301787242866997E-4     0.0965334562260849
1.9318794130546472E-4     0.0966130692171409
1.9335801018225947E-4     0.0966875839496367
1.9352807905905422E-4     0.09675700042360648
1.9369814793584902E-4     0.09682131863906625
1.9386821681264377E-4     0.09686993540119641
1.9403828568943855E-4     0.09694328859256048
1.942083545662333E-4      0.09702222344968499
1.9437842344302805E-4     0.09709613677774356
1.9454849231982283E-4     0.09716502857678633
1.9471856119661758E-4     0.0972288988467677
1.9488863007341233E-4     0.09727757749168364
1.9505869895020708E-4     0.09735052767959747
1.9522876782700189E-4     0.09742872291770804
1.9539883670379664E-4     0.09750199311000489
1.9556890558059139E-4     0.09757033825645559
1.9573897445738616E-4     0.09763375835707508
1.959090433341809E-4      0.09768190410824387
1.960791122109757E-4      0.09775390052677027
1.9624918108777047E-4     0.09783143259728627
1.964192499645652E-4      0.09790415101616616
1.9658931884136E-4        0.09797205578340538
1.9675938771815472E-4     0.09803514689902218
1.969294565949495E-4      0.09808349413996227
1.9709952547174425E-4     0.09815502333617049
1.9726959434853905E-4     0.09823175949522706
1.9743966322533377E-4     0.09830377239411874
1.9760973210212855E-4     0.09837106203282728
1.977798009789233E-4      0.09843362841138005
1.9794986985571805E-4     0.0984819896091953
1.981199387325128E-4      0.09855323982234558
1.9829000760930758E-4     0.09862930026580946
1.9846007648610233E-4     0.09870068901908122
1.9863014536289708E-4     0.09876740608209789
1.9880021423969186E-4     0.09882945145488885
1.989702831164866E-4      0.09887696033610323
1.9914035199328139E-4     0.09894724427451967
1.9931042087007614E-4     0.09902275587908928
1.9948048974687091E-4     0.09909363034851973
1.9965055862366566E-4     0.09915986768280136
1.9982062750046041E-4     0.09922146788195636
1.999906963772552E-4      0.09926883595660799
2.0016076525404997E-4     0.09933873467553674
2.0033083413084472E-4     0.09941360826691577
2.0050090300763947E-4     0.09948386174140761
2.0067097188443422E-4     0.09954949509904422
2.00841040761229E-4       0.09961050833976742
2.0101110963802375E-4     0.09965747935125566
2.0118117851481853E-4     0.09972701126539164
2.013512473916133E-4      0.09980132983596568
2.0152131626840805E-4     0.09987101295061919
2.0169138514520283E-4     0.09993606060933907
2.0186145402199758E-4     0.09999647281210522
2.0203152289879236E-4     0.10004300556966582
2.0220159177558714E-4     0.1001121616183321
2.0237166065238189E-4     0.1001859171033658
2.0254172952917664E-4     0.10025502803553467
2.0271179840597139E-4     0.10031949441478567
2.028818672827662E-4      0.100379316241159
2.0305193615956094E-4     0.10042545938380362
2.0322200503635572E-4     0.10049423187975612
2.033920739131505E-4      0.1005673971021816
2.0356214278994525E-4     0.10063592092033818
2.0373221166674E-4        0.1006998033341951
2.039022805435348E-4      0.10075904434373682
2.0407234942032955E-4     0.1008048310843894
2.042424182971243E-4      0.10087319442045414
2.0441248717391905E-4     0.10094574411196201
2.045825560507138E-4      0.10101366729431983
2.0475262492750855E-4     0.101076963967527
2.049226938043033E-4      0.10113563413157144
2.0509276268109805E-4     0.10118108364762646
2.0526283155789283E-4     0.10124900869261917
2.054329004346876E-4      0.10132092443748741
2.0560296931148236E-4     0.10138823674337388
2.057730381882771E-4      0.10145094561026546
2.0594310706507186E-4     0.10150905103815827
2.0611317594186664E-4     0.1015541635737857
2.0628324481866141E-4     0.10162162617558963
2.064533136954562E-4      0.10169290021227229
2.0662338257225094E-4     0.10175959623052411
2.0679345144904572E-4     0.10182171423037359
2.0696352032584047E-4     0.10187925421181232
2.0713358920263525E-4     0.1019240123846806
2.0730365807943002E-4     0.10199099921173899
2.0747372695622477E-4     0.10206163372695096
2.0764379583301952E-4     0.10212771214018061
2.0781386470981427E-4     0.10218923445140454
2.0798393358660902E-4     0.10224620066063989
2.0815400246340378E-4     0.10229057417228021
2.0832407134019855E-4     0.10235707962504462
2.0849414021699333E-4     0.10242708268652141
2.0866420909378808E-4     0.1024925467610996
2.0883427797058283E-4     0.10255347184875525
2.0900434684737764E-4     0.10260985794953639
2.0917441572417239E-4     0.10265382167207762
2.0934448460096714E-4     0.1027198312449205
2.0951455347776189E-4     0.102789204952872
2.0968462235455664E-4     0.10285405940464182
2.098546912313514E-4      0.1029143946002368
2.1002476010814614E-4     0.10297021053963734
2.101948289849409E-4      0.10301377720800343
2.1036489786173566E-4     0.10307926242797692
2.1053496673853044E-4     0.1031479914728161
2.107050356153252E-4      0.10321223432772167
2.1087510449211997E-4     0.1032719909926611
2.1104517336891475E-4     0.10332726146764132
2.1121524224570952E-4     0.10337048130039343
2.113853111225043E-4      0.10343541211973317
2.1155537999929905E-4     0.10350346951297835
2.117254488760938E-4      0.10356708902784123
2.1189551775288855E-4     0.10362627066432917
2.1206558662968333E-4     0.10368101442244727
2.1223565550647808E-4     0.10372393181658768
2.1240572438327286E-4     0.10378829256583064
2.1257579326006764E-4     0.10385565809330638
2.1274586213686239E-4     0.10391863991342194
2.1291593101365716E-4     0.10397723802618478
2.130859998904519E-4      0.10403145243157348
2.132560687672467E-4      0.10407407962922005
2.1342613764404144E-4     0.10413787455505219
2.135962065208362E-4      0.10420454181333
2.1376627539763094E-4     0.1042668779036789
2.1393634427442566E-4     0.10432488282612118
2.1410641315122044E-4     0.10437855658061007
2.142764820280152E-4      0.10442088034457181
2.1444655090480997E-4     0.10448410875686773
2.1461661978160472E-4     0.1045500762980072
2.147866886583995E-4      0.10461176414540205
2.1495675753519428E-4     0.10466917229900836
2.1512682641198903E-4     0.1047223007588635
2.152968952887838E-4      0.10476429994333773
2.1546696416557855E-4     0.10482693977108631
2.1563703304237333E-4     0.10489220448826868
2.1580710191916808E-4     0.10495324451327143
2.1597717079596286E-4     0.10501005984609797
2.1614723967275764E-4     0.10506265048672014
2.1631730854955239E-4     0.10510431905370485
2.1648737742634714E-4     0.10516633690738639
2.1665744630314191E-4     0.10523088999158106
2.1682751517993666E-4     0.1052912809247893
2.1699758405673141E-4     0.10534750970703846
2.171676529335262E-4      0.10539957633829221
2.1733772181032094E-4     0.10544093146250864
2.1750779068711572E-4     0.10550230362666514
2.1767785956391047E-4     0.10556613224304735
2.1784792844070525E-4     0.10562586795557272
2.180179973175E-4         0.10568151076424864
2.1818806619429475E-4     0.10573306066904985
2.1835813507108953E-4     0.10577412148289259
2.185282039478843E-4      0.10583484023962116
2.1869827282467905E-4     0.10589793500663981
2.188683417014738E-4      0.10595700959687013
2.1903841057826855E-4     0.10601206401031155
2.1920847945506336E-4     0.10606309824695778
2.193785483318581E-4      0.10610386735508956
2.1954861720865289E-4     0.10616392555517043
2.1971868608544764E-4     0.10622628176926223
2.1988875496224239E-4     0.10628469104566456
2.2005882383903716E-4     0.1063391533843808
2.202288927158319E-4      0.10638966878539613
2.2039896159262666E-4     0.10643013532115703
2.2056903046942141E-4     0.10648952465680818
2.2073909934621622E-4     0.10655114117466859
2.2090916822301097E-4     0.10660888294718926
2.2107923709980572E-4     0.10666274997436222
2.212493059766005E-4      0.10671274225618402
2.2141937485339525E-4     0.1067528934718163
2.2158944373019002E-4     0.10681160787737273
2.217595126069848E-4      0.10687248477591554
2.2192958148377953E-4     0.10692955784664282
2.2209965036057433E-4     0.10698282708955116
2.2226971923736905E-4     0.10703229250461666
2.2243978811416383E-4     0.10707211951636844
2.2260985699095858E-4     0.1071301563679111
2.2277992586775339E-4     0.10719029362905207
2.2294999474454814E-4     0.10724669672433233
2.2312006362134289E-4     0.10729936565374106
2.2329013249813766E-4     0.10734830041726472
2.2346020137493241E-4     0.1073877962300143
2.236302702517272E-4      0.10744515402891582
2.2380033912852194E-4     0.10750455142363997
2.239704080053167E-4      0.10756028362929823
2.2414047688211144E-4     0.10761235064587064
2.243105457589062E-4      0.1076607524733445
2.2448061463570097E-4     0.10769991092139689
2.2465068351249572E-4     0.10775658400380944
2.248207523892905E-4      0.10781523967935294
2.2499082126608525E-4     0.1078702997576419
2.2516089014288E-4        0.10792176423869224
2.2533095901967475E-4     0.10796963312252568
2.2550102789646953E-4     0.10800845181725985
2.256710967732643E-4      0.10806443135519657
2.2584116565005905E-4     0.10812234116347987
2.260112345268538E-4      0.10817672665020119
2.2618130340364855E-4     0.1082275878153993
2.2635137228044333E-4     0.10827492465910042
2.2652144115723808E-4     0.10831340749592627
2.2669151003403286E-4     0.10836868715133907
2.2686157891082766E-4     0.10842584533806625
2.2703164778762241E-4     0.10847955237082185
2.2720171666441716E-4     0.10852980824956482
2.2737178554121194E-4     0.10857661297432025
2.2754185441800672E-4     0.1086147650630974
2.2771192329480147E-4     0.10866934119473991
2.2788199217159625E-4     0.1087257422406445
2.28052061048391E-4       0.10877876671882275
2.2822212992518575E-4     0.10882841462929517
2.2839219880198052E-4     0.10887468597205151
2.2856226767877528E-4     0.10891250613448097
2.2873233655557005E-4     0.10896637237874653
2.2890240543236483E-4     0.1090220121899477
2.2907247430915958E-4     0.10907435095545434
2.2924254318595433E-4     0.10912338867528017
2.294126120627491E-4      0.1091691253494297
2.2958268093954389E-4     0.10920660737374516
2.2975274981633864E-4     0.10925975395720759
2.299228186931334E-4      0.10931462935518156
2.3009288756992816E-4     0.10936627996350697
2.3026295644672291E-4     0.10941470578217467
2.304330253235177E-4      0.10945990681122804
2.3060309420031244E-4     0.1094970462748808
2.3077316307710722E-4     0.10954946556191636
2.3094323195390197E-4     0.10960357347686718
2.3111330083069672E-4     0.10965453324398579
2.312833697074915E-4      0.10970234486324482
2.3145343858428622E-4     0.10974700833464542
2.31623507461081E-4       0.10978380455006392
2.3179357633787575E-4     0.10983549515454831
2.3196364521467055E-4     0.1098888328655897
2.3213371409146528E-4     0.10993909857502225
2.3230378296826005E-4     0.10998629228289383
2.324738518450548E-4      0.11003041398913604
2.3264392072184955E-4     0.11006686512896119
2.3281398959864433E-4     0.11011783019545185
2.329840584754391E-4      0.11017039635467166
2.3315412735223386E-4     0.1102199650417736
2.333241962290286E-4      0.1102665362567577
2.3349426510582336E-4     0.11031010999962507
2.3366433398261814E-4     0.11034620700988959
2.338344028594129E-4      0.1103964476975903
2.3400447173620766E-4     0.11044824278641523
2.3417454061300241E-4     0.11049711301588161
2.3434460948979716E-4     0.11054305838601457
2.3451467836659192E-4     0.11058607889681753
2.346847472433867E-4      0.11062180713059314
2.3485481612018147E-4     0.110671317727602
2.3502488499697622E-4     0.11072234251911696
2.3519495387377097E-4     0.11077051408743499
2.3536502275056572E-4     0.11081583243256067
2.3553509162736053E-4     0.11085829755451906
2.3570516050415528E-4     0.11089364602298159
2.3587522938095005E-4     0.1109424174309661
2.360452982577448E-4      0.11099267092008791
2.3621536713453958E-4     0.11104014306007318
2.3638543601133433E-4     0.1110848338509219
2.3655550488812908E-4     0.11112674329262151
2.3672557376492386E-4     0.11116171102148711
2.3689564264171864E-4     0.11120973765934604
2.370657115185134E-4      0.11125921636163515
2.3723578039530814E-4     0.11130598676465922
2.374058492721029E-4      0.11135004886842058
2.375759181488977E-4      0.11139140267292603
2.3774598702569244E-4     0.11142599693177507
2.3791605590248722E-4     0.1114732778365997
2.3808612477928197E-4     0.11152197618522723
2.3825619365607675E-4     0.11156804073123887
2.384262625328715E-4      0.11161147147465972
2.3859633140966625E-4     0.11165226841548292
2.3876640028646102E-4     0.11168649809111966
2.389364691632558E-4      0.1117330363229297
2.3910653804005055E-4     0.11178094877974154
2.392766069168453E-4      0.11182630199891841
2.3944667579364005E-4     0.11186909598047402
2.3961674467043486E-4     0.11190933072441403
2.397868135472296E-4      0.11194319831964758
2.3995688242402439E-4     0.11198900140913035
2.4012695130081914E-4     0.112036125354756
2.402970201776139E-4      0.11208076224543026
2.4046708905440866E-4     0.11212291208115538
2.4063715793120341E-4     0.11216257486194048
2.408072268079982E-4      0.11219607240181007
2.4097729568479294E-4     0.11224115500405413
2.4114736456158772E-4     0.11228749246504104
2.4131743343838247E-4     0.11233140659881809
2.4148750231517722E-4     0.1123728974054081
2.4165757119197197E-4     0.11241196488477229
2.4182764006876672E-4     0.11244510256689988
2.419977089455615E-4      0.11248953459443242
2.4216777782235627E-4     0.11253510044933397
2.4233784669915103E-4     0.11257829366158134
2.425079155759458E-4      0.11261911423113444
2.4267798445274055E-4     0.11265756215802958
2.4284805332953533E-4     0.11269011053053533
2.4301812220633008E-4     0.1127337343724043
2.4318819108312486E-4     0.11277856734902822
2.4335825995991958E-4     0.1128210825486712
2.4352832883671433E-4     0.11286127997132553
2.436983977135091E-4      0.11289915961701263
2.4386846659030386E-4     0.11293125676805131
2.4403853546709864E-4     0.1129740789951472
2.442086043438934E-4      0.11301812498908963
2.4437867322068814E-4     0.11305993003222783
2.445487420974829E-4      0.11309949412454927
2.447188109742777E-4      0.11313681726602998
2.4488887985107244E-4     0.11316859591814844
2.4505894872786725E-4     0.11321069230147536
2.45229017604662E-4       0.11325392667617681
2.4539908648145675E-4     0.11329499550367084
2.455691553582515E-4      0.1133338987839654
2.4573922423504625E-4     0.11337063651705705
2.45909293111841E-4       0.11340203205351818
2.4607936198863575E-4     0.11344340248174659
2.4624943086543055E-4     0.11348584740807952
2.4641949974222525E-4     0.11352619018311348
2.4658956861902005E-4     0.11356443080686292
2.467596374958148E-4      0.11360056927931544
2.4692970637260955E-4     0.11363147619193563
2.4709977524940436E-4     0.1136720495379283
2.472698441261991E-4      0.11371371817128727
2.4743991300299386E-4     0.1137533526834639
2.476099818797886E-4      0.11379095307445138
2.4778005075658336E-4     0.11382651934425422
2.4795011963337816E-4     0.11385699435662314
2.481201885101729E-4      0.11389675313837437
2.482902573869677E-4      0.11393761545627842
2.4846032626376247E-4     0.11397652417408831
2.486303951405572E-4      0.1140134792917709
2.48800464017352E-4       0.11404848080936388
2.489705328941468E-4      0.11407861550885987
2.491406017709416E-4      0.11411762045442579
2.4931067064773633E-4     0.11415765766336351
2.494807395245311E-4      0.11419581391768277
2.4965080840132583E-4     0.11423208921737901
2.498208772781206E-4      0.1142664835624705
2.4999094615491533E-4     0.11429627319743524
2.501610150317101E-4      0.11433461101282744
2.503310839085049E-4      0.11437384796500796
2.5050115278529964E-4     0.11441126029847032
2.506712216620944E-4      0.11444684801320261
2.508412905388892E-4      0.11448061110919033
2.5101135941568394E-4     0.11450980072943728
2.511814282924787E-4      0.11454731591238755
2.5135149716927344E-4     0.11458580311024193
2.515215660460682E-4      0.11462251346601002
2.51691634922863E-4       0.1146574469796519
2.5186170379965775E-4     0.11469060365119636
2.520317726764525E-4      0.11471926631754131
2.5220184155324725E-4     0.11475601348991561
2.5237191043004205E-4     0.11479373764405236
2.525419793068368E-4      0.1148297216168633
2.5271204818363155E-4     0.1148639654083487
2.528821170604263E-4      0.11489646901849782
2.5305218593722105E-4     0.11492459067270222
2.532222548140158E-4      0.11496067945866578
2.533923236908106E-4      0.11499767761802732
2.5356239256760536E-4     0.11503294337617444
2.5373246144440016E-4     0.1150664767331023
2.539025303211949E-4      0.1150982776887982
2.5407259919798966E-4     0.1151257621110223
2.542426680747844E-4      0.11516122334831441
2.5441273695157916E-4     0.11519752972430951
2.545828058283739E-4      0.1152320971067533
2.5475287470516866E-4     0.11526492549563014
2.549229435819634E-4      0.11529601489094377
2.5509301245875817E-4     0.11532283484196171
2.552630813355529E-4      0.11535766527523032
2.554331502123477E-4      0.11539328251631234
2.5560321908914247E-4     0.11542715611448122
2.557732879659372E-4      0.11545928606970676
2.55943356842732E-4       0.11548967238201677
2.561134257195268E-4      0.11551585272317452
2.562834945963215E-4      0.11555004769522045
2.564535634731163E-4      0.11558496236457719
2.56623632349911E-4       0.11561813440305549
2.5679370122670583E-4     0.11564956381062344
2.569637701035006E-4      0.11567925058729982
2.5713383898029533E-4     0.1157048166825227
2.573039078570901E-4      0.11573837303852039
2.574739767338849E-4      0.11577257200268762
2.5764404561067964E-4     0.11580503552445792
2.578141144874744E-4      0.11583576360381649
2.5798418336426914E-4     0.11586475624078398
2.581542522410639E-4      0.11588972168353212
2.5832432111785864E-4     0.11592262044047229
2.5849438999465344E-4     0.11595608960767918
2.586644588714482E-4      0.11598783743334717
2.58834527748243E-4       0.116017863917466
2.5900459662503775E-4     0.11604616906004617
2.591746655018325E-4      0.116070548432501
2.5934473437862725E-4     0.11610277236914907
2.5951480325542205E-4     0.11613549904150781
2.5968487213221675E-4     0.11616652402100004
2.5985494100901155E-4     0.11619584730762342
2.600250098858063E-4      0.11622346890137504
2.6019507876260105E-4     0.11624726981956619
2.603651476393958E-4      0.1162788046193446
2.605352165161906E-4      0.11631077993127566
2.6070528539298536E-4     0.1163410767726975
2.608753542697801E-4      0.11636969514359413
2.6104542314657486E-4     0.11639663504396719
2.612154920233696E-4      0.11641985982465497
2.6138556090016436E-4     0.1164506929533163
2.615556297769591E-4      0.11648191027542923
2.6172569865375386E-4     0.11651147514184959
2.6189576753054867E-4     0.11653938755256626
2.620658364073434E-4      0.11656564750757356
2.6223590528413817E-4     0.11658829909854809
2.624059741609329E-4      0.11661841907535046
2.625760430377277E-4      0.11664887174915009
2.6274611191452247E-4     0.11667770121161838
2.629161807913172E-4      0.11670490746274277
2.63086249668112E-4       0.11673049050252926
2.632563185449068E-4      0.11675257395177119
2.634263874217016E-4      0.11678196792441167
2.6359645629849633E-4     0.11681164836534137
2.637665251752911E-4      0.11683973889536117
2.6393659405208583E-4     0.1168662395144601
2.641066629288806E-4      0.11689115022264758
2.6427673180567533E-4     0.11691267329720315
2.644468006824701E-4      0.11694132766444555
2.646168695592649E-4      0.11697022736788522
2.647869384360596E-4      0.11699757468485279
2.649570073128544E-4      0.11702336961530167
2.6512707618964914E-4     0.11704761215926722
2.652971450664439E-4      0.11706858176787871
2.654672139432387E-4      0.11709648434575613
2.6563728282003344E-4     0.11712459588693168
2.658073516968282E-4      0.1171511958425661
2.6597742057362294E-4     0.11717628421263562
2.661474894504177E-4      0.11719986099715456
2.663175583272125E-4      0.11722027936207997
2.6648762720400725E-4     0.11724741877514824
2.6665769608080205E-4     0.11727473669418748
2.668277649575968E-4      0.1173005862851647
2.6699783383439155E-4     0.117324967548087
2.671679027111863E-4      0.1173478804829424
2.6733797158798105E-4     0.11736774856668461
2.675080404647758E-4      0.11739411386666387
2.676781093415706E-4      0.11742063293819861
2.6784817821836536E-4     0.11744572925822729
2.6801824709516016E-4     0.11746940282677108
2.681883159719549E-4      0.11749165364380464
2.6835838484874966E-4     0.11751097401304379
2.685284537255444E-4      0.11753655606830254
2.6869852260233917E-4     0.1175622708517188
2.688685914791339E-4      0.1175866106670022
2.6903866035592867E-4     0.11760957551415699
2.692087292327234E-4      0.11763116539316902
2.6937879810951817E-4     0.11764994113971694
2.695488669863129E-4      0.11767473216928383
2.697189358631077E-4      0.11769963737331078
2.6988900473990247E-4     0.11772321758748312
2.700590736166972E-4      0.11774547281180524
2.70229142493492E-4       0.11776640304626876
2.703992113702868E-4      0.11778463731205761
2.705692802470816E-4      0.1178086294891698
2.7073934912387633E-4     0.1178327196992926
2.7090941800067114E-4     0.11785553696361621
2.710794868774659E-4      0.11787708128213506
2.712495557542607E-4      0.1178973526548537
2.7141962463105544E-4     0.11791504765078263
2.715896935078502E-4      0.11793823409287683
2.7175976238464494E-4     0.11796150448885366
2.719298312614397E-4      0.1179835554077383
2.7209990013823444E-4     0.11800438684953231
2.722699690150292E-4      0.11802399881423102
2.7244003789182394E-4     0.11804115473497753
2.7261010676861875E-4     0.11806353000483762
2.727801756454135E-4      0.11808597675847494
2.7295024452220825E-4     0.1181072584290434
2.73120313399003E-4       0.11812737501653775
2.7329038227579775E-4     0.11814632652096294
2.734604511525925E-4      0.11816294249557369
2.7363052002938725E-4     0.11818450119710806
2.7380058890618205E-4     0.11820612067081317
2.7397065778297675E-4     0.11822663046995562
2.7414072665977155E-4     0.11824603059453909
2.743107955365663E-4      0.11826432104456017
2.7448086441336105E-4     0.11828039645139987
2.7465093329015586E-4     0.11830113231966108
2.748210021669506E-4      0.11832192059390745
2.7499107104374536E-4     0.11834165590552326
2.751611399205401E-4      0.11836033825450307
2.7533120879733486E-4     0.11837796764084213
2.7550127767412966E-4     0.11839350273275526
2.756713465509244E-4      0.11841340911432102
2.758414154277192E-4      0.11843336200193273
2.7601148430451397E-4     0.11845232006380081
2.761815531813087E-4      0.11847028329992125
2.7635162205810347E-4     0.11848725171029525
2.765216909348982E-4      0.11850224741647734
2.7669175981169297E-4     0.11852131791029216
2.768618286884878E-4      0.1185404310852273
2.770318975652825E-4      0.11855860906284345
2.7720196644207733E-4     0.11857585184313552
2.773720353188721E-4      0.11859215942610092
2.7754210419566683E-4     0.1186066169998787
2.777121730724616E-4      0.11862484515513017
2.778822419492564E-4      0.11864311412444355
2.7805231082605114E-4     0.11866050909593764
2.782223797028459E-4      0.11867703006962155
2.783924485796407E-4      0.11869267704548954
2.7856251745643544E-4     0.11870659799997883
2.787325863332302E-4      0.11872397731582433
2.7890265521002494E-4     0.11874139739874497
2.790727240868197E-4      0.11875800622518477
2.7924279296361444E-4     0.11877380379515286
2.794128618404092E-4      0.11878879010864694
2.7958293071720394E-4     0.11880217626509249
2.7975299959399875E-4     0.11881870093416372
2.799230684707935E-4      0.11883526738441488
2.800931373475883E-4      0.11885108671526172
2.8026320622438305E-4     0.11886615892672647
2.8043327510117786E-4     0.11888048401879402
2.806033439779726E-4      0.11889333757264217
2.8077341285476736E-4     0.1189090029815432
2.809434817315621E-4      0.11892471099593538
2.8111355060835686E-4     0.11893973719698801
2.812836194851516E-4      0.11895408158469806
2.8145368836194636E-4     0.1189677441590595
2.816237572387411E-4      0.11898006761734055
2.817938261155359E-4      0.11899487126046114
2.8196389499233066E-4     0.11900971611017684
2.821339638691254E-4      0.11902394486374143
2.8230403274592016E-4     0.11903755752115651
2.824741016227149E-4      0.11905055408241502
2.8264417049950967E-4     0.11906235000944823
2.828142391913719E-4      0.11907629366595873
2.8298430788323417E-4     0.11909027202991265
2.831543765750964E-4      0.1191037005632169
2.833244452669586E-4      0.11911657926588437
2.8349451395882084E-4     0.11912890813790752
2.8366458265068306E-4     0.11914017170070804
2.8383338426156093E-4     0.11915315925432245
2.8400218587243875E-4     0.11916617924798945
2.841709874833166E-4      0.11917871620313919
2.8433978909419444E-4     0.11919077011975994
2.8450859070507225E-4     0.11920234099785237
2.846773923159501E-4      0.11921297758776053
2.8484226869974994E-4     0.11922484110488846
2.850071450835497E-4      0.11923673953285684
2.851720214673495E-4      0.11924822162200166
2.853368978511493E-4      0.11925928737231735
2.855017742349491E-4      0.11926993678381001
2.856666506187489E-4      0.11927978843087467
2.8582628449681633E-4     0.11929050976646503
2.859859183748838E-4      0.11930125928493882
2.861455522529512E-4      0.11931165556069212
2.8630518613101863E-4     0.11932169859371847
2.864648200090861E-4      0.11933138838402615
2.8662445388715353E-4     0.119340409203268
2.8677901195100846E-4     0.11935007729029058
2.869335700148634E-4      0.11935976351169526
2.870881280787183E-4      0.11936915213913928
2.872426861425732E-4      0.11937824317261604
2.8739724420642814E-4     0.11938703661212927
2.8755180227028307E-4     0.11939527482737013
2.8770144591355165E-4     0.11940397395506051
2.878510895568202E-4      0.11941268046817034
2.8800073320008876E-4     0.11942113673639003
2.8815037684335734E-4     0.11942934275971258
2.8830002048662587E-4     0.11943729853814249
2.8844966412989445E-4     0.11944479435723501
2.885945496144342E-4      0.11945260333061533
2.88739435098974E-4       0.11946040971658071
2.888843205835137E-4      0.11946800380068658
2.8902920606805346E-4     0.11947538558293126
2.891740915525932E-4      0.11948255506331591
2.8931897703713294E-4     0.11948933991014081
2.894592556562055E-4      0.11949633682138727
2.895995342752781E-4      0.11950332066104272
2.897398128943506E-4      0.11951011909740787
2.898800915134232E-4      0.1195167321304796
2.900203701324957E-4      0.11952315976025993
2.901606487515683E-4      0.11952926003890918
2.9029646698782384E-4     0.11953552485171258
2.904322852240794E-4      0.1195417615041347
2.9056810346033497E-4     0.11954782804833894
2.907039216965905E-4      0.1195537244843207
2.9083973993284604E-4     0.11955945081207515
2.909755581691016E-4      0.11956488669731807
2.9110705784754005E-4     0.11957049862925748
2.9123855752597843E-4     0.11957606115698215
2.913700572044168E-4      0.11958145394620023
2.915015568828552E-4      0.11958667699690505
2.9163305656129364E-4     0.11959173030910215
2.9176455623973203E-4     0.1195965059080466
2.918918746758003E-4      0.11960154899383316
2.9201919311186853E-4     0.11960651329755882
2.921465115479368E-4      0.11961129084448252
2.9227382998400504E-4     0.11961588163460313
2.9240114842007324E-4     0.11962028566792074
2.925284668561415E-4      0.11962440034023994
2.926517369991221E-4      0.1196289630271076
2.927750071421027E-4      0.11963340497310804
2.928982772850833E-4      0.11963762357404319
2.930215474280639E-4      0.11964161882990852
2.9314481757104446E-4     0.1196453907407095
2.932680877140251E-4      0.11964883372457275
2.933874382858653E-4      0.11965301107658254
2.935067888577056E-4      0.11965701115163305
2.936261394295458E-4      0.11966072836784745
2.93745490001386E-4       0.11966416272522769
2.938648405732263E-4      0.11966731422377214
2.9398419114506653E-4     0.11967006427075996
2.940997467747933E-4      0.11967396367781369
2.942153024045201E-4      0.1196776115434877
2.943308580342469E-4      0.11968088927505649
2.9444641366397365E-4     0.11968379687252158
2.9456196929370047E-4     0.11968633433587851
2.9467752492342723E-4     0.11968835874678865
2.9478940627728807E-4     0.11969210642357156
2.949012876311489E-4      0.11969550617330431
2.950131689850097E-4      0.11969841507764441
2.9512505033887053E-4     0.11970083313658726
2.9523693169273136E-4     0.11970276035013662
2.953488130465922E-4      0.1197040179180057
2.9545713695405807E-4     0.11970777433535584
2.95565460861524E-4       0.11971105489808888
2.956737847689898E-4      0.11971368080592766
2.957821086764557E-4      0.11971565205886475
2.958904325839216E-4      0.1197169686569028
2.9599875649138744E-4     0.11971740319909197
2.961036360671493E-4      0.11972137818311097
2.9620851564291114E-4     0.11972470918917015
2.96313395218673E-4       0.11972716881632164
2.964182747944348E-4      0.11972875706456228
2.9652315437019667E-4     0.11972947393389455
2.966280339459585E-4      0.11972903064641088
2.967295787080446E-4      0.11973350893366307
2.968311234701307E-4      0.11973711950311262
2.9693266823221676E-4     0.1197395735768543
2.9703421299430286E-4     0.11974087115488698
2.971357577563889E-4      0.11974101223721041
2.97237302518475E-4       0.1197396242920925
2.9733561850261254E-4     0.11974499798746008
2.9743393448675013E-4     0.1197492221130301
2.975322504708876E-4      0.11975192413707111
2.976305664550252E-4      0.1197531040595813
2.9772888243916274E-4     0.11975276188056298
2.9782719842330027E-4     0.11975036815674503
2.979223882936408E-4      0.11975723408474861
2.9801757816398135E-4     0.11976259862685149
2.9811276803432186E-4     0.11976593233978775
2.9820795790466237E-4     0.11976723522355572
2.9830314777500293E-4     0.11976650727815533
2.9839833764534345E-4     0.11976254918229323
2.9849050080166744E-4     0.11977213111442278
2.985826639579914E-4      0.11977989467289589
2.9867482711431526E-4     0.1197846405364182
2.9876699027063926E-4     0.11978636870499035
2.988591534269632E-4      0.11978507917861153
2.9895131658328714E-4     0.11977682614739363
2.990405492601034E-4      0.11979369825500798
2.991297819369197E-4      0.11980821875380258
2.99219014613736E-4       0.11981644183388823
2.9930824729055227E-4     0.11981836749526532
2.9939747996736855E-4     0.11981399573793354
2.994867126441848E-4      0.11980955433744202
2.9957226053682064E-4     0.11982445546722593
2.9965780842945656E-4     0.11984463210652377
2.997433563220924E-4      0.11987631203088446
2.9982890421472824E-4     0.1199194952403077
2.999144521073641E-4      0.11997418173479352
3.0E-4                    0.1200403715143422
