% Model:              PLacek_MembTVNJ_ArticleDims_Rh100um_hg10um_To2MHz_PHedit.mph
% Version:            COMSOL 6.3.0.335
% Date:               May 22 2025, 12:36
% Dimension:          1
% Nodes:              1801
% Expressions:        1
% Description:        Line graph
% Arc length (m)          real(p)
0                         NaN
1.6835192320072636E-7     -0.022068389262381242
3.367038464014527E-7      -0.02206927226096952
5.050557696021791E-7      -0.022067179010256052
6.734076928029054E-7      -0.02206210951022258
8.417596160036319E-7      -0.022054063760877745
1.0101115392043582E-6     -0.022049972837855952
1.1801802473622774E-6     -0.02205488474948862
1.3502489555201964E-6     -0.0220537031847023
1.5203176636781154E-6     -0.022053359219169892
1.6903863718360344E-6     -0.022053852852885657
1.8604550799939534E-6     -0.022055184085838838
2.0305237881518723E-6     -0.02205845309842657
2.200592664946635E-6      -0.022049826925160734
2.370661541741397E-6      -0.02204284016867714
2.5407304185361593E-6     -0.022038593009358485
2.710799295330922E-6      -0.022037085447217115
2.880868172125684E-6      -0.022038317482251168
3.0509370489204466E-6     -0.022043904210068202
3.2210059257152087E-6     -0.022032953291231533
3.3910748025099717E-6     -0.0220237345082303
3.5611436793047335E-6     -0.022017862956699642
3.731212556099496E-6      -0.022015338636634317
3.901281432894258E-6      -0.02201616154803651
4.07135030968902E-6       -0.02202139516238788
4.2414191864837825E-6     -0.022007544131279637
4.411488063278545E-6      -0.021996513785774777
4.581556940073307E-6      -0.0219893675973633
4.751625816868069E-6      -0.021986105566051597
4.921694693662831E-6      -0.021986727691836926
5.091763570457593E-6      -0.021992093374258864
5.261832447252356E-6      -0.021975777346313674
5.4319013240471185E-6     -0.021962980341087457
5.601970200841881E-6      -0.02195456175812798
5.772039077636643E-6      -0.021950521597448022
5.942107954431407E-6      -0.02195085985903481
6.112176831226169E-6      -0.021956292909147135
6.282245708020931E-6      -0.021937696180630475
6.452314584815693E-6      -0.021923177598635823
6.622383461610455E-6      -0.0219134535294165
6.7924523384052175E-6     -0.02190852397297342
6.96252121519998E-6       -0.02190838892930612
7.132590091994742E-6      -0.02191361925011076
7.302658968789505E-6      -0.02189287644587693
7.472727845584267E-6      -0.02187671239764383
7.642796722379028E-6      -0.0218656979571327
7.812865599173792E-6      -0.02185983312434263
7.982934475968554E-6      -0.021859117899271793
8.153003352763316E-6      -0.021863959878211353
8.323072229558079E-6      -0.02184117596960035
8.493141106352842E-6      -0.02182342890560411
8.663209983147605E-6      -0.021811126282511063
8.833278859942367E-6      -0.021804268100330336
9.003347736737129E-6      -0.021802854359054626
9.173416613531891E-6      -0.021807180008871267
9.343485490326653E-6      -0.021782579826071964
9.513554367121415E-6      -0.02176335177555806
9.683623243916178E-6      -0.021749790807531488
9.853692120710938E-6      -0.021741896921983122
1.00237609975057E-5       -0.02173967011892117
1.0193829874300462E-5     -0.021743337003621258
1.0363898751095225E-5     -0.021717150594851867
1.0533967627889988E-5     -0.021696556429219194
1.070403650468475E-5      -0.021681781112034434
1.0874105381479513E-5     -0.021672824643281165
1.1044174258274277E-5     -0.021669687022968516
1.1214243135069039E-5     -0.021672544254006287
1.1384312011863803E-5     -0.021644955366716012
1.1554380888658565E-5     -0.02162309787205129
1.1724449765453327E-5     -0.0216071477729347
1.1894518642248089E-5     -0.02159710506936716
1.2064587519042851E-5     -0.02159296976133635
1.2234656395837613E-5     -0.02159487751796193
1.2404725272632376E-5     -0.02156604145723847
1.257479414942714E-5      -0.021543009652744523
1.27448630262219E-5       -0.02152591777360933
1.2914931903016664E-5     -0.02151476581980826
1.3085000779811424E-5     -0.021509553791351808
1.3255069656606186E-5     -0.021510392011983785
1.3425138533400948E-5     -0.021480455464594234
1.3595207410195712E-5     -0.02145633139655949
1.3765276286990473E-5     -0.02143813013164117
1.3935345163785237E-5     -0.02142585166982194
1.4105414040579997E-5     -0.021419496011100887
1.427548291737476E-5      -0.02141916034883986
1.4445551794169521E-5     -0.021388255809975328
1.4615620670964285E-5     -0.021363115755222394
1.4785689547759046E-5     -0.021343837377937422
1.495575842455381E-5      -0.02133042067811129
1.5125827301348572E-5     -0.021322865655749472
1.5295896178143334E-5     -0.021321263377743115
1.5465965054938098E-5     -0.021289501158582042
1.5636033931732858E-5     -0.02126341305121404
1.580610280852762E-5      -0.021243090122530266
1.5976171685322383E-5     -0.021228532372511558
1.6146240562117146E-5     -0.021219739801176616
1.6316309438911907E-5     -0.021216800726638587
1.648637831570667E-5      -0.021184255457372334
1.665644719250143E-5      -0.021157267404783138
1.6826516069296195E-5     -0.021135924887019278
1.6996584946090956E-5     -0.021120227904062497
1.716665382288572E-5      -0.02111017645591189
1.733672269968048E-5      -0.02110586776168503
1.7506791576475244E-5     -0.021072588622433632
1.7676860453270008E-5     -0.021044731939191492
1.7846929330064768E-5     -0.021022394931067064
1.8016998206859532E-5     -0.0210055775980494
1.8187067083654292E-5     -0.0209942799401458
1.8357135960449056E-5     -0.020988581809339886
1.852720483724382E-5      -0.020954531067357337
1.8697273714038584E-5     -0.020925805947738088
1.8867342590833344E-5     -0.020902486302467584
1.9037411467628108E-5     -0.02088457213155313
1.9207480344422872E-5     -0.020872063434991987
1.9377549221217633E-5     -0.020865036845299466
1.9547618098012396E-5     -0.02083018710062274
1.9717686974807157E-5     -0.02080057209780775
1.9887755851601917E-5     -0.020776268469400838
2.005782472839668E-5      -0.020757276215376454
2.0227893605191438E-5     -0.0207435953357501
2.0397962481986202E-5     -0.020735303344347603
2.0568031358780966E-5     -0.02069963016060104
2.073810023557573E-5      -0.020669111378689164
2.090816911237049E-5      -0.02064382451245149
2.1078237989165254E-5     -0.020623769561872507
2.1248306865960018E-5     -0.02060894652695769
2.141837574275478E-5      -0.020599439047782303
2.1588444619549542E-5     -0.020562936882237325
2.1758513496344303E-5     -0.020531511280681224
2.1928582373139063E-5     -0.020505245883204775
2.2098651249933827E-5     -0.020484140689781518
2.2268720126728584E-5     -0.02046819570043472
2.2438789003523348E-5     -0.020457508069973353
2.2608857880318112E-5     -0.0204201860870613
2.2778926757112876E-5     -0.020387859836458678
2.2948995633907636E-5     -0.020360626472993165
2.3119064510702397E-5     -0.020338485996649253
2.3289133387497164E-5     -0.020321438407440627
2.3459202264291924E-5     -0.020309594557107374
2.3629271141086688E-5     -0.020271451330116128
2.379934001788145E-5      -0.020238227886665155
2.396940889467621E-5      -0.02021003507851917
2.4139477771470973E-5     -0.02018687290565446
2.4309546648265737E-5     -0.020168741368077406
2.4479615525060497E-5     -0.02015576671970767
2.464968440185526E-5      -0.020116808843680924
2.481975327865002E-5      -0.02008269548651106
2.4989822155444785E-5     -0.0200535529021232
2.515989103223955E-5      -0.020029381090528306
2.532995990903431E-5      -0.020010180051704473
2.5500028785829074E-5     -0.019996086387877535
2.5670097662623834E-5     -0.019956323996655152
2.5840166539418598E-5     -0.019921335810798826
2.6010235416213362E-5     -0.019891258432517055
2.6180304293008122E-5     -0.019866091861825353
2.6350373169802883E-5     -0.01984583609870912
2.6520442046597647E-5     -0.019830627089995494
2.669051092339241E-5      -0.01979006849839175
2.686057980018717E-5      -0.019754222383896108
2.703064867698193E-5      -0.019723224693318383
2.7200717553776692E-5     -0.01969707542666952
2.7370786430571456E-5     -0.01967577458394131
2.7540855307366216E-5     -0.01965945989152834
2.771092418416098E-5      -0.01961813221319247
2.7880993060955744E-5     -0.01958144863882048
2.8051061937750504E-5     -0.01954954689480058
2.8221130814545265E-5     -0.019522426981114515
2.839119969134003E-5      -0.019500088897790573
2.8561268568134793E-5     -0.019482667937252576
2.8731337444929556E-5     -0.019440597117254994
2.890140632172432E-5      -0.019403099726503514
2.907147519851908E-5      -0.019370311057450244
2.9241544075313845E-5     -0.019342231110086972
2.9411612952108605E-5     -0.019318859884410507
2.958168182890337E-5      -0.019300335566064815
2.975175070569813E-5      -0.019257561339766745
2.9921819582492897E-5     -0.019219274913025334
3.0091888459287654E-5     -0.019185614471476802
3.0261957336082418E-5     -0.019156580015106554
3.0432026212877178E-5     -0.019132171543926456
3.060209508967194E-5      -0.019112551531039853
3.07721639664667E-5       -0.019069133296602345
3.0942232843261466E-5     -0.019030089579846123
3.111230172005623E-5      -0.01899558285389279
3.1282370596850994E-5     -0.018965613118735045
3.145243947364575E-5      -0.018940180374377
3.1622508350440515E-5     -0.018919449025009083
3.179257722723528E-5      -0.018875376116278892
3.196264610403004E-5      -0.01883559064224974
3.21327149808248E-5       -0.01880025700709427
3.2302783857619563E-5     -0.018769375210827992
3.247285273441433E-5      -0.01874294525344179
3.264292161120909E-5      -0.018721152860362217
3.2812990488003855E-5     -0.018676437598291393
3.298305936479862E-5      -0.01863591267704189
3.315312824159338E-5      -0.018599763822040268
3.332319711838814E-5      -0.018567991033272845
3.3493265995182904E-5     -0.018540594310754218
3.366333487197767E-5      -0.018517773835322146
3.383340374877243E-5      -0.018472410141051
3.400347262556719E-5      -0.01843115317051697
3.417354150236195E-5      -0.018394203104575166
3.434361037915671E-5      -0.01836155994322741
3.4513679255951466E-5     -0.018333223686477797
3.468374813274623E-5      -0.018309409739041244
3.4853817009540994E-5     -0.018263409798544846
3.502388588633576E-5      -0.01822143361792103
3.519395476313052E-5      -0.018183696601897927
3.5364023639925286E-5     -0.018150198750464582
3.553409251672005E-5      -0.018120940063630585
3.5704161393514813E-5     -0.018096145186171187
3.587423027030958E-5      -0.018049527630766546
3.604429914710434E-5      -0.018006854125664735
3.6214368023899105E-5     -0.01796834931565059
3.638443690069387E-5      -0.017934013200721386
3.655450577748863E-5      -0.017903845780887606
3.672457465428339E-5      -0.017878083005805366
3.6894643531078154E-5     -0.017830878754516524
3.706471240787292E-5      -0.017787531878631906
3.7234781284667675E-5     -0.017748278327830897
3.740485016146244E-5      -0.017713118102107107
3.7574919038257195E-5     -0.01768205120145598
3.774498791505196E-5      -0.017655333198722797
3.791505679184672E-5      -0.01760758765000967
3.808512566864148E-5      -0.01756359700008797
3.8255194545436244E-5     -0.017523616821776535
3.842526342223101E-5      -0.017487647115084475
3.8595332299025765E-5     -0.01745568788001271
3.876540117582053E-5      -0.017428015484246797
3.893547005261529E-5      -0.017379771453572786
3.910553892941006E-5      -0.01733517134628554
3.927560780620482E-5      -0.01729449153008613
3.9445676682999584E-5     -0.01725773200497912
3.961574555979435E-5      -0.017224892770953563
3.978581443658911E-5      -0.01719626777381495
3.995588331338387E-5      -0.017147550636868982
4.012595219017863E-5      -0.017102367728214232
4.02960210669734E-5       -0.017061012993645246
4.0466089943768154E-5     -0.017023486433169328
4.063615882056292E-5      -0.016989788046789668
4.0806227697357675E-5     -0.016960225666528907
4.097629657415244E-5      -0.01691104498572139
4.11463654509472E-5       -0.016865296353715004
4.1316434327741966E-5     -0.016823287602533765
4.148650320453673E-5      -0.01678501873219135
4.165657208133149E-5      -0.016750489742672715
4.182664095812625E-5      -0.01672001814939983
4.1996709834921015E-5     -0.016670376862748047
4.216677871171578E-5      -0.016624075442648385
4.233684758851054E-5      -0.016581431404531485
4.2506916465305307E-5     -0.01654244474839644
4.267698534210007E-5      -0.016507115474243696
4.2847054218894834E-5     -0.016475767558963406
4.30171230956896E-5       -0.01642567826904626
4.3187191972484355E-5     -0.0163788411693303
4.335726084927912E-5      -0.016335580236745365
4.3527329726073876E-5     -0.016295895471268636
4.369739860286864E-5      -0.01625978687290741
4.38674674796634E-5       -0.01622758821789715
4.403753635645816E-5      -0.016177083336164556
4.4207605233252925E-5     -0.016129736727051813
4.437767411004769E-5      -0.016085882166779784
4.454774298684245E-5      -0.016045519655355764
4.471781186363721E-5      -0.016008649192775646
4.4887880740431973E-5     -0.015975610001867736
4.505794961722674E-5      -0.01592471366520445
4.52280184940215E-5       -0.01587688471241855
4.539808737081626E-5      -0.01583246236634517
4.556815624761102E-5      -0.01579144662697155
4.5738225124405786E-5     -0.015753837494308635
4.590829400120055E-5      -0.01571997385219737
4.6078362877995314E-5     -0.01566872538967072
4.624843175479008E-5      -0.015620435823719733
4.641850063158484E-5      -0.015575444038212722
4.65885695083796E-5       -0.015533750033148776
4.675863838517436E-5      -0.015495353808525158
4.6928707261969126E-5     -0.015460735953736204
4.709877613876389E-5      -0.015409354556090774
4.7268845015558654E-5     -0.01536067692233421
4.743891389235341E-5      -0.015315183641857189
4.7608982769148175E-5     -0.015272874714652412
4.777905164594294E-5      -0.015233750140732659
4.79491205227377E-5       -0.015198261766435562
4.8119189399532466E-5     -0.015146561130382038
4.828925827632723E-5      -0.015097496023252334
4.845932715312199E-5      -0.015051518291395949
4.8629396029916744E-5     -0.01500862793482155
4.8799464906711515E-5     -0.014968824953522756
4.896953378350627E-5      -0.01493257805194649
4.9139602660301036E-5     -0.01488060722120501
4.93096715370958E-5       -0.014831159353979755
4.947974041389056E-5      -0.014784703154731337
4.9649809290685314E-5     -0.01474123862343649
4.981987816748008E-5      -0.014700765760110724
4.998994704427484E-5      -0.01466376873883898
5.0160015921069605E-5     -0.014611586297734552
5.033008479786437E-5      -0.014561801624697128
5.050015367465913E-5      -0.014514898893818039
5.067022255145389E-5      -0.014470878105083141
5.0840291428248654E-5     -0.014429739258502017
5.101036030504342E-5      -0.014391987412511496
5.1180429181838175E-5     -0.014339660674179387
5.135049805863294E-5      -0.014289586204577043
5.15205669354277E-5       -0.014242269062152701
5.169063581222245E-5      -0.014197709246889484
5.1860704689017224E-5     -0.014155906758807917
5.203077356581198E-5      -0.014117391026981403
5.2200842442606745E-5     -0.014064983388621938
5.237091131940151E-5      -0.014014665567984246
5.254098019619627E-5      -0.013966966994167737
5.2711049072991036E-5     -0.013921887667155986
5.28811179497858E-5       -0.01387942758696587
5.3051186826580564E-5     -0.01384013802802175
5.322125570337533E-5      -0.013787705760724979
5.339132458017009E-5      -0.01373718983688975
5.3561393456964855E-5     -0.013689141530967338
5.373146233375962E-5      -0.013643560842945875
5.390153121055438E-5      -0.013600447772828565
5.407160008734914E-5      -0.013560369198953405
5.4241668964143904E-5     -0.01350797614854582
5.441173784093867E-5      -0.013457313609244253
5.4581806717733425E-5     -0.013408948459373479
5.475187559452819E-5      -0.013362880698946731
5.492194447132294E-5      -0.013319110327952603
5.50920133481177E-5       -0.01327820753975334
5.526208222491247E-5      -0.013225935286442978
5.543215110170724E-5      -0.013175190957432335
5.5602219978501995E-5     -0.013126544746072246
5.577228885529676E-5      -0.013079996652364081
5.594235773209153E-5      -0.013035546676313771
5.611242660888629E-5      -0.012993758119968443
5.628249548568105E-5      -0.012941721286364002
5.6452564362475814E-5     -0.01289097851638083
5.662263323927058E-5      -0.01284209311208658
5.679270211606533E-5      -0.012795065073483077
5.69627709928601E-5       -0.012749894400572144
5.7132839869654856E-5     -0.01270713966664945
5.730290874644962E-5      -0.012655488836640473
5.747297762324438E-5      -0.012604847316893911
5.764304650003915E-5      -0.012555773680703262
5.781311537683391E-5      -0.012508267928070466
5.7983184253628675E-5     -0.012462330058997577
5.815325313042344E-5      -0.012418537756315523
5.83233220072182E-5       -0.01236743602864637
5.8493390884012966E-5     -0.012316992964859913
5.866345976080773E-5      -0.012267786247788333
5.8833528637602494E-5     -0.012219815877432656
5.900359751439725E-5      -0.012173081853791987
5.9173666391192015E-5     -0.012128225556962227
5.934373526798678E-5      -0.012077800628948187
5.951380414478154E-5      -0.012027623238035037
5.96838730215763E-5       -0.011978334764320149
5.9853941898371064E-5     -0.011929935207806146
6.0024010775165814E-5     -0.01188242456849146
6.019407965196058E-5      -0.011836546808362932
6.036414852875534E-5      -0.011786834575119956
6.0534217405550106E-5     -0.011736939799813943
6.070428628234486E-5      -0.011687606444423721
6.087435515913962E-5      -0.011638834508956133
6.104442403593438E-5      -0.011590623993406959
6.121449291272915E-5      -0.01154381277285639
6.138456178952391E-5      -0.011494755827371807
6.155463066631868E-5      -0.011445124760583639
6.172469954311344E-5      -0.011395757447575722
6.18947684199082E-5       -0.011346653888343834
6.206483729670297E-5      -0.011297814082891957
6.223490617349773E-5      -0.011250135413192523
6.24049750502925E-5       -0.011201699930488352
6.257504392708726E-5      -0.01115233702853129
6.274511280388202E-5      -0.0111029440892882
6.291518168067679E-5      -0.011053521112769572
6.308525055747155E-5      -0.01100406809896628
6.325531943426631E-5      -0.010955518357471234
6.342538831106108E-5      -0.010907776674315507
6.359545718785583E-5      -0.01085874806390366
6.376552606465059E-5      -0.010809365835819472
6.393559494144536E-5      -0.010759629990060665
6.41056638182401E-5       -0.01070954052662883
6.427573269503487E-5      -0.010660063354253041
6.444580157182963E-5      -0.010613151960138182
6.461587044862441E-5      -0.010564553867749524
6.478593932541916E-5      -0.010515234985817731
6.495600820221393E-5      -0.01046519531434417
6.512607707900869E-5      -0.010414434853328389
6.529614595580345E-5      -0.010363955087685079
6.546621483259822E-5      -0.010318025938815775
6.5636283709393E-5        -0.010269960229462752
6.580635258618774E-5      -0.010220759444544815
6.597642146298251E-5      -0.010170423584061507
6.614649033977727E-5      -0.010118952648014195
6.631655921657204E-5      -0.010067386449982564
6.64866280933668E-5       -0.010022604742170843
6.665669697016156E-5      -0.009975181346660917
6.682676584695633E-5      -0.009926156077039765
6.699683472375108E-5      -0.009875528933305793
6.716690360054584E-5      -0.00982329991546151
6.73369724773406E-5       -0.009770547245827658
6.750704135413537E-5      -0.009727097091709434
6.767711023093013E-5      -0.009680439084166022
6.784717910772488E-5      -0.009631651445518384
6.801724798451965E-5      -0.009580734175772227
6.818731686131441E-5      -0.00952768727492116
6.835738573810918E-5      -0.009473625167303108
6.852745461490394E-5      -0.009431714596134958
6.86975234916987E-5       -0.009385961077531533
6.886759236849347E-5      -0.009337479035824827
6.903766124528822E-5      -0.009286268471017576
6.920773012208298E-5      -0.009232329383107956
6.937779899887774E-5      -0.00917681487105979
6.954786787567251E-5      -0.00913667910516887
6.971793675246727E-5      -0.009091984369639277
6.988800562926202E-5      -0.009043883763435739
7.005807450605679E-5      -0.008992377286556209
7.022814338285155E-5      -0.008937464939003879
7.039821225964631E-5      -0.008880353148446537
7.056828113644108E-5      -0.008842242223213068
7.073835001323584E-5      -0.008798764674152186
7.09084188900306E-5       -0.008751126928940346
7.107848776682537E-5      -0.008699328987576634
7.124855664362013E-5      -0.008643370850060825
7.14186255204149E-5       -0.00858454017489734
7.158869439720966E-5      -0.008548698509719418
7.175876327400443E-5      -0.00850658639725839
7.192883215079919E-5      -0.008459491496016627
7.209890102759395E-5      -0.008407413805996636
7.226896990438872E-5      -0.008350353327194656
7.243903878118348E-5      -0.008289707620523676
7.260910765797824E-5      -0.008256365662533679
7.277917653477301E-5      -0.008215758282711899
7.294924541156777E-5      -0.008169283041972356
7.311931428836252E-5      -0.008116939940313905
7.32893831651573E-5       -0.008058728977737689
7.345945204195205E-5      -0.007996178325964245
7.362952091874681E-5      -0.007965566053713373
7.379958979554158E-5      -0.007926608377012957
7.396965867233633E-5      -0.007880833467579828
7.413972754913108E-5      -0.007828241325416438
7.430979642592586E-5      -0.007768831950520956
7.44798653027206E-5       -0.007704281402736032
7.464993417951538E-5      -0.007676634991866419
7.482000305631013E-5      -0.007639481756589969
7.499007193310491E-5      -0.007594497756748488
7.516014080989968E-5      -0.007541682992344657
7.533020968669444E-5      -0.007481037463376621
7.55002785634892E-5       -0.0074144121731542605
7.567034744028397E-5      -0.007389968036603143
7.584041631707873E-5      -0.007354772180747358
7.601048519387348E-5      -0.0073106756088935345
7.618055407066824E-5      -0.007257678321045351
7.6350622947463E-5        -0.007195780317201118
7.652069182425776E-5      -0.00712703244724849
7.669076070105252E-5      -0.0071060228176382636
7.686082957784729E-5      -0.007072931463287905
7.703089845464205E-5      -0.007029809234085218
7.72009673314368E-5       -0.0069766561300304885
7.737103620823156E-5      -0.006913472151123261
7.754110508502633E-5      -0.006842507163013716
7.771117396182109E-5      -0.006825222258141181
7.788124283861586E-5      -0.006794429732780383
7.805131171541062E-5      -0.006752379452581673
7.822138059220538E-5      -0.006699071417544311
7.839144946900015E-5      -0.006634505627669009
7.856151834579491E-5      -0.00656111234114313
7.873158722258968E-5      -0.0065479579512512116
7.890165609938444E-5      -0.00651974561304643
7.907172497617919E-5      -0.006478905584715321
7.924179385297395E-5      -0.006425437866258455
7.941186272976872E-5      -0.00635934245767486
7.958193160656348E-5      -0.006283228257843424
7.975200048335824E-5      -0.006274702956484937
7.992206936015301E-5      -0.0062494065893005605
8.009213823694777E-5      -0.006209948055168549
8.026220711374252E-5      -0.006156327354088903
8.04322759905373E-5       -0.006088544486061452
8.060234486733205E-5      -0.006009417056858921
8.077241374412683E-5      -0.006006059307291666
8.094248262092158E-5      -0.0059840214421834365
8.111255149771634E-5      -0.005946121067307812
8.12826203745111E-5       -0.005892358182664167
8.145268925130588E-5      -0.005822732788253185
8.162275812810063E-5      -0.005740314288481655
8.179282700489541E-5      -0.005742696051110362
8.196289588169016E-5      -0.005724269786440946
8.213296475848491E-5      -0.005688104898881167
8.230303363527969E-5      -0.005634201388430343
8.247310251207444E-5      -0.005562559255089126
8.26431713888692E-5       -0.0054765297400453114
8.281324026566398E-5      -0.005485307278408624
8.298330914245874E-5      -0.00547090515605299
8.31533780192535E-5       -0.005436674614166341
8.332344689604827E-5      -0.005382615652749106
8.349351577284304E-5      -0.005308728271801213
8.36635846496378E-5       -0.005218632415185301
8.383365352643258E-5      -0.005234575516025653
8.400372240322733E-5      -0.0052247174103975
8.417379128002208E-5      -0.005192678042164037
8.434386015681686E-5      -0.005138457411325276
8.45139290336116E-5       -0.005062055517881227
8.468399791040637E-5      -0.004967317917483351
8.485406678720113E-5      -0.004991362478121078
8.50241356639959E-5       -0.00498669446211679
8.519420454079065E-5      -0.004957159425121899
8.536427341758541E-5      -0.004902757367136533
8.553434229438016E-5      -0.004823488288160565
8.570441117117493E-5      -0.004723379826886585
8.587448004796969E-5      -0.004756687009828064
8.604454892476445E-5      -0.004758009915280087
8.621461780155922E-5      -0.004731376181934744
8.638468667835397E-5      -0.004676785809792093
8.655475555514873E-5      -0.004594238798852248
8.67248244319435E-5       -0.0044879165639324335
8.689489330873826E-5      -0.004531886970236177
8.706496218553302E-5      -0.004540212190613771
8.723503106232779E-5      -0.004517073639882297
8.740509993912255E-5      -0.004462471318042552
8.757516881591731E-5      -0.004376405225093567
8.774523769271208E-5      -0.004263267325898991
8.791530656950684E-5      -0.004319349554675063
8.80853754463016E-5       -0.004335726477764871
8.825544432309636E-5      -0.0043167900600314954
8.842551319989112E-5      -0.0042625403014750485
8.859558207668588E-5      -0.004172977202096331
8.876565095348065E-5      -0.004052843354570009
8.893571983027541E-5      -0.004122553466312444
8.910578870707019E-5      -0.004148134150262769
8.927585758386494E-5      -0.004134327999097138
8.94459264606597E-5       -0.004081135012815892
8.961599533745447E-5      -0.003988555191417914
8.978606421424923E-5      -0.003861932728451119
8.9956133091044E-5        -0.0039467327887516635
9.012620196783876E-5      -0.003982724326558756
9.029627084463352E-5      -0.003975251535420937
9.046633972142827E-5      -0.003924314415337536
9.063640859822305E-5      -0.0038299129663089604
9.08064774750178E-5       -0.0036982947691398364
9.097654635181258E-5      -0.003799400687412749
9.114661522860733E-5      -0.003847013052277726
9.131668410540209E-5      -0.003847379444538359
9.148675298219686E-5      -0.003800499864195392
9.165682185899162E-5      -0.003706374311248423
9.182689073578638E-5      -0.003572449641604274
9.199695961258116E-5      -0.0036907325774846677
9.216702848937591E-5      -0.003751173995141822
9.233709736617066E-5      -0.0037612207504831552
9.250716624296544E-5      -0.0037208728435071574
9.267723511976019E-5      -0.003630130274214826
9.284730399655495E-5      -0.00349791473662751
9.301737287334972E-5      -0.003633798968401808
9.31874417501445E-5       -0.003708220891408813
9.335751062693924E-5      -0.003730102199672297
9.3527579503734E-5        -0.003699442893189638
9.369764838052876E-5      -0.003616242971963316
9.386771725732352E-5      -0.003491116528755141
9.403778613411829E-5      -0.0036443044131541976
9.420785501091305E-5      -0.0037335836044629827
9.43779238877078E-5       -0.003769568195450121
9.454799276450256E-5      -0.003752258186113959
9.471806164129733E-5      -0.003681653576454154
9.488813051809209E-5      -0.003570111905288921
9.505819939488686E-5      -0.0037391817712504796
9.522826827168162E-5      -0.003843568971548432
9.539833714847638E-5      -0.0038956310450043267
9.556840602527113E-5      -0.003895367991614659
9.57384749020659E-5       -0.003842779811382343
9.590854377886066E-5      -0.0037517223604084634
9.607861265565543E-5      -0.003933743656893211
9.62486815324502E-5       -0.004052441629963559
9.641875040924495E-5      -0.004121672135723949
9.658881928603972E-5      -0.00414143517417347
9.675888816283448E-5      -0.004111730745312418
9.692895703962925E-5      -0.004047306010816534
9.709902591642401E-5      -0.004237653784308272
9.726909479321879E-5      -0.0043684333991016065
9.743916367001354E-5      -0.004454392016870264
9.76092325468083E-5       -0.004495529637615272
9.777930142360306E-5      -0.004491846261336032
9.794937030039783E-5      -0.004458069235770195
9.811943917719258E-5      -0.004650666785971
9.828950805398736E-5      -0.004789757764089217
9.84595769307821E-5       -0.00489006951786036
9.862964580757686E-5      -0.004951602047285342
9.879971468437162E-5      -0.004974355352365166
9.896978356116637E-5      -0.004971979165131375
9.913985243796113E-5      -0.005160055629788879
9.930992131475591E-5      -0.005302522259293711
9.947999019155066E-5      -0.005413028785690034
9.965005906834544E-5      -0.005491575208969392
9.982012794514019E-5      -0.00553816152913748
9.999019682193495E-5      -0.005564374748952673
1.0016026569872972E-4     -0.00574171156038474
1.003303345755245E-4      -0.005882377624869302
1.0050040345231925E-4     -0.005997959945178335
1.0067047232911402E-4     -0.006088458521304569
1.0084054120590877E-4     -0.00615387335324943
1.0101061008270354E-4     -0.006203067203445431
1.011806789594983E-4      -0.006365368670720407
1.0135074783629308E-4     -0.0064999918101119976
1.0152081671308783E-4     -0.006615799384060063
1.016908855898826E-4      -0.006712791392558874
1.0186095446667736E-4     -0.00679096783560871
1.0203102334347212E-4     -0.0068561965211186415
1.0220109222026688E-4     -0.007001889549227219
1.0237116109706166E-4     -0.007128069808827788
1.0254122997385641E-4     -0.007240605107824918
1.0271129885065116E-4     -0.0073394954462166675
1.0288136772744593E-4     -0.007424740824007547
1.0305143660424069E-4     -0.007499251982186804
1.0322150548103545E-4     -0.007629412906305511
1.0339157435783022E-4     -0.007746839156703711
1.0356164323462497E-4     -0.007854441474375553
1.0373171211141973E-4     -0.007952219859318876
1.0390178098821448E-4     -0.008040174311532944
1.0407184986500925E-4     -0.008118515573370729
1.0424191874180401E-4     -0.008236095392952145
1.0441198761859879E-4     -0.008346102107597257
1.0458205649539355E-4     -0.008448746459659092
1.047521253721883E-4      -0.008544028449137167
1.0492219424898308E-4     -0.008631948076030469
1.0509226312577784E-4     -0.008710431186514553
1.052623320025726E-4      -0.008819222131132377
1.0543240087936737E-4     -0.008924005265588637
1.0560246975616213E-4     -0.009022706436064008
1.0577253863295688E-4     -0.009115325642553478
1.0594260750975165E-4     -0.00920186288505755
1.0611267638654641E-4     -0.00927845355034471
1.0628274526334116E-4     -0.009382180840615522
1.0645281414013594E-4     -0.009484067083516476
1.0662288301693069E-4     -0.009580247665808724
1.0679295189372544E-4     -0.009670722587493635
1.0696302077052022E-4     -0.0097554918485687
1.0713308964731497E-4     -0.00982937871689633
1.0730315852410975E-4     -0.009931148721181497
1.074732274009045E-4      -0.01003214823088488
1.0764329627769927E-4     -0.010127200513871407
1.0781336515449402E-4     -0.0102163055701356
1.0798343403128879E-4     -0.01029946339968727
1.0815350290808356E-4     -0.010370605749564282
1.0832357178487833E-4     -0.010472729250567862
1.0849364066167309E-4     -0.010574363523452906
1.0866370953846784E-4     -0.010669440315268805
1.088337784152626E-4      -0.01075795962601407
1.0900384729205736E-4     -0.010839921455692082
1.0917391616885212E-4     -0.010908702310448647
1.0934398504564688E-4     -0.011012725272427188
1.0951405392244166E-4     -0.011116026742029207
1.0968412279923641E-4     -0.011211983225405567
1.0985419167603116E-4     -0.011300594722551707
1.1002426055282593E-4     -0.011381861233475152
1.1019432942962069E-4     -0.01144887508612124
1.1036439830641547E-4     -0.011555757537772594
1.1053446718321023E-4     -0.011661364039293746
1.10704536060005E-4       -0.011758786918634247
1.1087460493679976E-4     -0.011848026175793983
1.1104467381359452E-4     -0.011929081810775493
1.1121474269038929E-4     -0.011995032665604092
1.1138481156718405E-4     -0.01210538269641528
1.1155488044397881E-4     -0.012213655777419416
1.1172494932077356E-4     -0.01231293075064259
1.1189501819756833E-4     -0.012403207616084003
1.1206508707436308E-4     -0.012484486373744254
1.1223515595115784E-4     -0.012550027710665606
1.124052248279526E-4      -0.01266417828515848
1.1257529370474738E-4     -0.012775312146122758
1.1274536258154213E-4     -0.01287668998059669
1.1291543145833691E-4     -0.012968311788586888
1.1308550033513168E-4     -0.013050177570088079
1.1325556921192644E-4     -0.013115777008765156
1.134256380887212E-4      -0.013233798082438143
1.1359570696551597E-4     -0.013347890618647423
1.1376577584231072E-4     -0.013451544301059859
1.1393584471910548E-4     -0.013544759129681267
1.1410591359590025E-4     -0.01362753510450372
1.1427598247269501E-4     -0.01369355497431243
1.1444605134948977E-4     -0.013815334856627629
1.1461612022628454E-4     -0.013932409819330546
1.147861891030793E-4      -0.014038462611214662
1.1495625797987405E-4     -0.014133493232271652
1.1512632685666883E-4     -0.014217501682503313
1.1529639573346359E-4     -0.014284343696653594
1.1546646461025836E-4     -0.014409702031701143
1.156365334870531E-4      -0.01452971852293357
1.1580660236384786E-4     -0.014638248905102829
1.1597667124064261E-4     -0.014735293178195009
1.1614674011743738E-4     -0.014820851342225046
1.1631680899423213E-4     -0.014888946289318335
1.1648687787102691E-4     -0.01501769453753969
1.1665694674782166E-4     -0.015140586081733737
1.1682701562461643E-4     -0.015251643814035447
1.1699708450141119E-4     -0.015350867734443337
1.1716715337820595E-4     -0.015438257842959602
1.1733722225500072E-4     -0.015507986240157704
1.175072911317955E-4      -0.015639954874049334
1.1767736000859025E-4     -0.015765666441932308
1.17847428885385E-4       -0.015879293044390883
1.1801749776217977E-4     -0.015980834681416176
1.1818756663897452E-4     -0.01607029135301234
1.1835763551576929E-4     -0.016141969752350924
1.1852770439256405E-4     -0.01627703555530431
1.1869777326935883E-4     -0.016405533485396192
1.1886784214615358E-4     -0.016521770235801127
1.1903791102294836E-4     -0.01662574580651445
1.192079798997431E-4      -0.016717460197542083
1.1937804877653787E-4     -0.016791348385887295
1.1954811765333263E-4     -0.016929442848787286
1.1971818653012741E-4     -0.017060718026910622
1.1988825540692216E-4     -0.01717960889725736
1.2005832428371694E-4     -0.017286115459833894
1.2022839316051169E-4     -0.017380237714641138
1.2039846203730645E-4     -0.01745653020154941
1.2056853091410122E-4     -0.017597635884406562
1.20738599790896E-4       -0.0177317090304797
1.2090866866769075E-4     -0.017853304179643707
1.2107873754448552E-4     -0.017962421331907705
1.2124880642128027E-4     -0.01805906048726075
1.2141887529807504E-4     -0.0181378803298297
1.215889441748698E-4      -0.01828202545628132
1.2175901305166458E-4     -0.018418948030949983
1.2192908192845933E-4     -0.01854330673794704
1.2209915080525408E-4     -0.01865510157727248
1.2226921968204886E-4     -0.018754332548923575
1.224392885588436E-4      -0.018835739610884118
1.2260935743563836E-4     -0.01898298219393296
1.2277942631243313E-4     -0.019122828633911203
1.2294949518922788E-4     -0.019250018888781653
1.2311956406602266E-4     -0.01936455295855252
1.232896329428174E-4      -0.019466430843221066
1.2345970181961216E-4     -0.019550452223012396
1.236297706964069E-4      -0.019700865675084615
1.2379983957320172E-4     -0.019843718846993482
1.2396990844999647E-4     -0.019973811418962286
1.2413997732679122E-4     -0.020091143391001518
1.2431004620358597E-4     -0.02019571476309429
1.2448011508038075E-4     -0.02028237286098497
1.246501839571755E-4      -0.020436041788876386
1.2482025283397027E-4     -0.020581984360460173
1.2499032171076502E-4     -0.020715047901446473
1.2516039058755977E-4     -0.020835232411844408
1.2533045946435455E-4     -0.02094253789164987
1.255005283411493E-4      -0.021031857091347014
1.2567059721794408E-4     -0.02118887640701908
1.2584066609473883E-4     -0.021337990095378498
1.2601073497153358E-4     -0.02147409090690805
1.2618080384832836E-4     -0.02159717884159678
1.2635087272512313E-4     -0.02170725389945473
1.2652094160191788E-4     -0.02179926131869233
1.2669101047871266E-4     -0.021959733955603657
1.268610793555074E-4      -0.022112098719420634
1.270311482323022E-4      -0.022251300848369206
1.2720121710909694E-4     -0.022377340342443448
1.2737128598589172E-4     -0.022490217201652018
1.2754135486268647E-4     -0.022584934455529317
1.2771142373948125E-4     -0.022748965979593968
1.27881492616276E-4       -0.022904662934193378
1.2805156149307075E-4     -0.0230470283488633
1.282216303698655E-4      -0.023176062223600545
1.2839169924666027E-4     -0.023291764558418342
1.2856176812345502E-4     -0.02338918819219668
1.287318370002498E-4      -0.02355688448846727
1.2890190587704455E-4     -0.02371600227605593
1.290719747538393E-4      -0.02386159439383854
1.2924204363063408E-4     -0.023993660841827878
1.2941211250742886E-4     -0.02411220162001527
1.295821813842236E-4      -0.024212310489904968
1.2975225026101836E-4     -0.024383773611983867
1.2992231913781313E-4     -0.02454640009176152
1.3009238801460788E-4     -0.024695283690748113
1.3026245689140266E-4     -0.024830424408945007
1.304325257681974E-4      -0.02495182224634536
1.3060259464499216E-4     -0.025054619678980834
1.3077266352178694E-4     -0.025229933538053223
1.3094273239858172E-4     -0.025396135490108496
1.3111280127537647E-4     -0.025548368011163253
1.3128287015217125E-4     -0.02568663110122571
1.31452939028966E-4       -0.02581092476028446
1.3162300790576077E-4     -0.025916454206239708
1.3179307678255552E-4     -0.02609567119780553
1.319631456593503E-4      -0.026265490779692827
1.3213321453614505E-4     -0.02642111816979861
1.3230328341293983E-4     -0.02656255336812562
1.3247335228973458E-4     -0.02668979637466837
1.3264342116652933E-4     -0.02679812373356929
1.3281349004332408E-4     -0.02698126564952437
1.3298355892011888E-4     -0.02715472863611553
1.3315362779691363E-4     -0.027313789237456913
1.3332369667370838E-4     -0.027458447453572232
1.3349376555050313E-4     -0.027588703284440505
1.336638344272979E-4      -0.027699918652730565
1.3383390330409266E-4     -0.02788698630587686
1.3400397218088744E-4     -0.02806410065516422
1.341740410576822E-4      -0.028226623623216755
1.3434410993447694E-4     -0.028374555210038132
1.3451417881127172E-4     -0.02850789541563153
1.3468424768806647E-4     -0.028622113211013198
1.3485431656486125E-4     -0.028813102351070836
1.35024385441656E-4       -0.02899386467999008
1.3519445431845077E-4     -0.029159869168776692
1.3536452319524555E-4     -0.029311115817447997
1.355345920720403E-4      -0.02944760462598849
1.3570466094883508E-4     -0.029564923869613097
1.3587472982562983E-4     -0.029759869306215422
1.360447987024246E-4      -0.029944293739805783
1.3621486757921936E-4     -0.030113785445569006
1.363849364560141E-4      -0.03026834442352333
1.3655500533280886E-4     -0.030407970673664655
1.367250742096036E-4      -0.030528336025360626
1.3689514308639836E-4     -0.030727383815485353
1.3706521196319314E-4     -0.03091560009992912
1.3723528083998789E-4     -0.031088656708066407
1.3740534971678266E-4     -0.031246553639902686
1.375754185935774E-4      -0.03138929089543432
1.3774548747037216E-4     -0.031512424618012305
1.3791555634716691E-4     -0.03171543576401797
1.3808562522396172E-4     -0.03190751492878064
1.3825569410075647E-4     -0.032084218255644975
1.3842576297755122E-4     -0.03224554574461186
1.3859583185434597E-4     -0.03239149739567537
1.3876590073114075E-4     -0.03251783937607912
1.3893596960793552E-4     -0.03272507401446908
1.391060384847303E-4      -0.03292094157058005
1.3927610736152505E-4     -0.033101208211646936
1.3944617623831983E-4     -0.03326587393766668
1.3961624511511458E-4     -0.03341493874863815
1.3978631399190936E-4     -0.033543962042127284
1.3995638286870413E-4     -0.03375514022119036
1.4012645174549888E-4     -0.03395497820785985
1.4029652062229363E-4     -0.034139035399681605
1.404665894990884E-4      -0.03430731179666293
1.406366583758832E-4      -0.0344598073988029
1.4080672725267794E-4     -0.03459238772395719
1.409767961294727E-4      -0.03480743701102228
1.4114686500626747E-4     -0.03501081147315637
1.4131693388306222E-4     -0.03519837662823153
1.41487002759857E-4       -0.03537013247624231
1.4165707163665175E-4     -0.0355260790171896
1.418271405134465E-4      -0.0356622773950732
1.4199720939024125E-4     -0.03588116963574919
1.4216727826703605E-4     -0.036088166926649186
1.423373471438308E-4      -0.036279330411748356
1.4250741602062555E-4     -0.0364546600910531
1.426774848974203E-4      -0.03661415596456341
1.4284755377421508E-4     -0.03675405694200856
1.4301762265100983E-4     -0.03697666133006732
1.431876915278046E-4      -0.037187220082731405
1.4335776040459936E-4     -0.037381972109718255
1.435278292813941E-4      -0.03756091741104519
1.4369789815818888E-4     -0.03772405598671177
1.4386796703498363E-4     -0.03786780027932912
1.440380359117784E-4      -0.038094032913688694
1.4420810478857316E-4     -0.03830810406872917
1.443781736653679E-4      -0.038506426187084046
1.445482425421627E-4      -0.038688999268749684
1.4471831141895747E-4     -0.03885582331371877
1.4488838029575222E-4     -0.039003480241210906
1.45058449172547E-4       -0.03923324248797292
1.4522851804934175E-4     -0.03945080606052047
1.4539858692613652E-4     -0.039652752878074085
1.4556865580293127E-4     -0.03983908294064287
1.4573872467972605E-4     -0.04000979624820858
1.459087935565208E-4      -0.04016142086145703
1.4607886243331558E-4     -0.04039417728143001
1.4624893131011033E-4     -0.040615062346998757
1.4641900018690508E-4     -0.04082060411883175
1.4658906906369983E-4     -0.04101080259693994
1.467591379404946E-4      -0.041185657781312376
1.4692920681728936E-4     -0.041342017189350884
1.4709927569408413E-4     -0.04157771694062486
1.4726934457087888E-4     -0.04180160727353984
1.4743941344767364E-4     -0.04201053570550768
1.476094823244684E-4      -0.04220450223650136
1.477795512012632E-4      -0.042383506866530765
1.4794962007805794E-4     -0.04254421855095459
1.4811968895485272E-4     -0.042782643995072034
1.4828975783164747E-4     -0.043009735689893226
1.4845982670844225E-4     -0.043222162590776964
1.48629895585237E-4       -0.04341992469771592
1.4879996446203175E-4     -0.04360302201070932
1.4897003333882652E-4     -0.043768018141812484
1.491401022156213E-4      -0.044009446775040935
1.4931017109241605E-4     -0.04423980587334951
1.494802399692108E-4      -0.04445565904878883
1.4965030884600555E-4     -0.04465700630136415
1.4982037772280033E-4     -0.04484384763106813
1.4999044659959508E-4     -0.045012538059674645
1.5016051547638986E-4     -0.04525752319651756
1.503305843531846E-4      -0.04549156199038058
1.5050065322997936E-4     -0.04571100946304719
1.506707221067741E-4      -0.04591586561450919
1.5084079098356886E-4     -0.04610613044476963
1.510108598603636E-4      -0.04627811676800542
1.511809287371584E-4      -0.04652721169817758
1.5135099761395316E-4     -0.046765164810974376
1.515210664907479E-4      -0.04698828892057406
1.5169113536754272E-4     -0.04719658402697696
1.5186120424433747E-4     -0.04739005013017822
1.5203127312113225E-4     -0.047565075856927444
1.5220134199792702E-4     -0.04781857858945569
1.5237141087472177E-4     -0.048060574070409125
1.5254147975151652E-4     -0.04828745092653674
1.5271154862831127E-4     -0.048499209157840825
1.5288161750510602E-4     -0.04869584876431868
1.5305168638190077E-4     -0.048873896572513426
1.5322175525869555E-4     -0.0491317755767754
1.533918241354903E-4      -0.04937776326777715
1.5356189301228508E-4     -0.0496083864720668
1.5373196188907983E-4     -0.04982364518964252
1.5390203076587458E-4     -0.05002353942050697
1.5407209964266936E-4     -0.05020475492359948
1.5424216851946414E-4     -0.050466828078833646
1.5441223739625889E-4     -0.050716683595722095
1.5458230627305366E-4     -0.050951007233223086
1.5475237514984844E-4     -0.05116979899133626
1.549224440266432E-4      -0.05137305887005961
1.5509251290343797E-4     -0.051557626119835644
1.5526258178023272E-4     -0.05182366705473834
1.554326506570275E-4      -0.05207725243047022
1.5560271953382225E-4     -0.05231522149749132
1.5577278841061702E-4     -0.052537574255786604
1.559428572874118E-4      -0.05274431070536271
1.5611292616420655E-4     -0.05293241841910572
1.5628299504100133E-4     -0.05320219348481522
1.5645306391779608E-4     -0.053459364282580815
1.5662313279459083E-4     -0.05370091838528231
1.567932016713856E-4      -0.053926855792931896
1.5696327054818036E-4     -0.05413717650551083
1.571333394249751E-4      -0.054329009373714154
1.5730340830176988E-4     -0.05460229348331502
1.5747347717856466E-4     -0.054862906667987314
1.576435460553594E-4      -0.05510797777841603
1.5781361493215416E-4     -0.05533750681459191
1.5798368380894897E-4     -0.05555149377652358
1.5815375268574372E-4     -0.055747196797404835
1.583238215625385E-4      -0.05602380979424166
1.5849389043933325E-4     -0.056287751090962256
1.58663959316128E-4       -0.05653627882076881
1.5883402819292277E-4     -0.05676939298364319
1.5900409706971752E-4     -0.056987093579604374
1.5917416594651227E-4     -0.05718675640166049
1.5934423482330705E-4     -0.057466563512067206
1.595143037001018E-4      -0.05773374755260471
1.5968437257689655E-4     -0.05798568431628959
1.5985444145369133E-4     -0.058222373803103265
1.6002451033048608E-4     -0.05844381601306425
1.6019457920728083E-4     -0.05864748959340135
1.6036464808407558E-4     -0.058930373580874613
1.6053471696087036E-4     -0.05920072758400873
1.607047858376651E-4      -0.05945603025004677
1.6087485471445986E-4     -0.05969628157897401
1.6104492359125464E-4     -0.05992148157079775
1.6121499246804939E-4     -0.060129192437981815
1.6138506134484416E-4     -0.060415045868527306
1.6155513022163894E-4     -0.060688505346452294
1.617251990984337E-4      -0.060947133084232434
1.6189526797522844E-4     -0.061190929081864874
1.620653368520232E-4      -0.0614198933393517
1.6223540572881797E-4     -0.06163164987259618
1.6240547460561272E-4     -0.061920377618680134
1.625755434824075E-4      -0.06219688488750591
1.6274561235920225E-4     -0.06245879569500444
1.6291568123599702E-4     -0.06270611004115804
1.630857501127918E-4      -0.06293882792598005
1.6325581898958655E-4     -0.06315461852071666
1.6342588786638133E-4     -0.06344615482475792
1.6359595674317608E-4     -0.06372566273460982
1.6376602561997083E-4     -0.06399081142154128
1.639360944967656E-4      -0.06424160088554137
1.6410616337356036E-4     -0.06447803112661459
1.642762322503551E-4      -0.06469781098559979
1.6444630112714989E-4     -0.06499213143083508
1.6461637000394464E-4     -0.06527461309189383
1.647864388807394E-4      -0.0655429648096048
1.6495650775753416E-4     -0.06579718658397193
1.651265766343289E-4      -0.06603727841498859
1.652966455111237E-4      -0.06626098183229112
1.6546671438791847E-4     -0.06655806654946671
1.6563678326471322E-4     -0.06684350014195792
1.6580685214150797E-4     -0.06711502413941162
1.6597692101830275E-4     -0.067372638541817
1.6614698989509752E-4     -0.06761634334918062
1.6631705877189227E-4     -0.06784390409678212
1.6648712764868705E-4     -0.06814372735728906
1.666571965254818E-4      -0.06843208419550748
1.6682726540227658E-4     -0.06870674014671853
1.6699733427907133E-4     -0.06896769521091618
1.6716740315586608E-4     -0.06921494938811087
1.6733747203266086E-4     -0.06944629674547907
1.6750754090945563E-4     -0.06974885518217604
1.6767760978625038E-4     -0.07004011065259617
1.6784767866304514E-4     -0.07031785722391072
1.6801774753983989E-4     -0.07058209489612402
1.6818781641663466E-4     -0.07083282366923521
1.683578852934294E-4      -0.07106787375627623
1.685279541702242E-4      -0.0713731744694955
1.6869802304701894E-4     -0.07166730977192397
1.688680919238137E-4      -0.0719481098766043
1.6903816080060847E-4     -0.07221557478352303
1.6920822967740322E-4     -0.07246970449269047
1.69378298554198E-4       -0.07270837044403795
1.6954836743099277E-4     -0.07301640653923677
1.6971843630778755E-4     -0.0733133963878382
1.698885051845823E-4      -0.0735972114297896
1.7005857406137708E-4     -0.07386785166508585
1.7022864293817186E-4     -0.07412531709372479
1.703987118149666E-4      -0.07436753421879223
1.7056878069176138E-4     -0.07467827398001882
1.707388495685561E-4      -0.07497807332475132
1.7090891844535086E-4     -0.07526485875608618
1.710789873221456E-4      -0.07553863027400741
1.7124905619894036E-4     -0.0757993878785183
1.714191250757351E-4      -0.07604512360897084
1.7158919395252989E-4     -0.076358495053424
1.7175926282932466E-4     -0.0766610348319202
1.719293317061194E-4      -0.07695073498382722
1.7209940058291416E-4     -0.07722759550912134
1.7226946945970894E-4     -0.07749161640781442
1.7243953833650372E-4     -0.07774085598151267
1.726096072132985E-4      -0.0780567625574324
1.7277967609009325E-4     -0.07836196162362515
1.72949744966888E-4       -0.07865451148167348
1.7311981384368277E-4     -0.07893441213158009
1.7328988272047752E-4     -0.07920166357335733
1.7345995159727227E-4     -0.07945438871321789
1.7363002047406705E-4     -0.07977273747913703
1.738000893508618E-4      -0.08008051714431516
1.7397015822765658E-4     -0.08037585061496
1.7414022710445133E-4     -0.08065873789106788
1.7431029598124608E-4     -0.08092917897264838
1.7448036485804086E-4     -0.08118535388004126
1.7465043373483563E-4     -0.08150606123547907
1.7482050261163039E-4     -0.08181635052595189
1.7499057148842514E-4     -0.08211440177181177
1.7516064036521989E-4     -0.08240021497305963
1.7533070924201466E-4     -0.08267379012969227
1.7550077811880941E-4     -0.0829333538759791
1.756708469956042E-4      -0.08325635584424683
1.7584091587239894E-4     -0.08356909642321761
1.760109847491937E-4      -0.08386980224717501
1.7618105362598847E-4     -0.08415847331611992
1.7635112250278322E-4     -0.08443510963004551
1.76521191379578E-4       -0.08469797687014685
1.7669126025637275E-4     -0.08502323085538023
1.7686132913316755E-4     -0.08533837593464645
1.770313980099623E-4      -0.08564167778915563
1.7720146688675705E-4     -0.08593313641889955
1.7737153576355183E-4     -0.08621275182387458
1.7754160464034658E-4     -0.08647882571906139
1.7771167351714136E-4     -0.08680629646201792
1.778817423939361E-4      -0.08712380098934686
1.7805181127073086E-4     -0.08742964101600699
1.782218801475256E-4      -0.08772381654202024
1.7839194902432036E-4     -0.08800632756736561
1.7856201790111514E-4     -0.08827551536726504
1.787320867779099E-4      -0.08860516334768433
1.789021556547047E-4      -0.08892497537172966
1.7907222453149944E-4     -0.08923329271461387
1.7924229340829422E-4     -0.0895301153763315
1.79412362285089E-4       -0.08981544335689486
1.7958243116188375E-4     -0.0900876688105598
1.7975250003867852E-4     -0.0904194402923405
1.7992256891547327E-4     -0.0907414945740416
1.8009263779226802E-4     -0.09105222380993397
1.8026270666906277E-4     -0.09135162800000848
1.8043277554585752E-4     -0.0916397071442688
1.806028444226523E-4      -0.09191492136122942
1.8077291329944705E-4     -0.09224873490324423
1.8094298217624183E-4     -0.09257294619988608
1.8111305105303658E-4     -0.09288601536963481
1.8128311992983136E-4     -0.09318794241251595
1.8145318880662613E-4     -0.0934787273285094
1.8162325768342089E-4     -0.09375691699860422
1.8179332656021566E-4     -0.09409265091106829
1.8196339543701044E-4     -0.09441890873558824
1.821334643138052E-4      -0.09473423735313026
1.8230353319059994E-4     -0.09503863676369438
1.824736020673947E-4      -0.09533210696729061
1.8264367094418947E-4     -0.09561329538816268
1.8281373982098422E-4     -0.09595078136289563
1.82983808697779E-4       -0.09627894938228988
1.8315387757457375E-4     -0.09659644687060832
1.8332394645136852E-4     -0.0969032738278336
1.834940153281633E-4      -0.09719943025397441
1.8366408420495805E-4     -0.09748366585887527
1.838341530817528E-4      -0.09782270133894688
1.8400422195854755E-4     -0.0981526260634538
1.841742908353423E-4      -0.09847218974225201
1.8434435971213705E-4     -0.09878139237533418
1.845144285889318E-4      -0.09908023396269668
1.8468449746572655E-4     -0.09936755910232187
1.8485456634252133E-4     -0.0997079541105514
1.850246352193161E-4      -0.10003948906607862
1.8519470409611086E-4     -0.10036100856687857
1.8536477297290564E-4     -0.10067251261296133
1.8553484184970039E-4     -0.1009740012043209
1.8570491072649516E-4     -0.10126436887870939
1.8587497960328991E-4     -0.1016059571796058
1.8604504848008472E-4     -0.10193900627861248
1.8621511735687947E-4     -0.10226241071348836
1.8638518623367422E-4     -0.10257617048421458
1.86555255110469E-4       -0.10288028559080442
1.8672532398726375E-4     -0.10317368149047476
1.8689539286405852E-4     -0.10351632586913234
1.870654617408533E-4      -0.10385077919461322
1.8723553061764805E-4     -0.10417596692413364
1.8740559949444283E-4     -0.1044918890577091
1.8757566837123758E-4     -0.10479854559531998
1.8774573724803236E-4     -0.10509491137002558
1.879158061248271E-4      -0.10543852177792047
1.8808587500162188E-4     -0.10577425987957226
1.8825594387841663E-4     -0.10610110050802336
1.8842601275521139E-4     -0.10641904366328112
1.8859608163200614E-4     -0.10672808934533087
1.8876615050880089E-4     -0.10702728222729249
1.8893621938559564E-4     -0.10737190266886608
1.891062882623904E-4      -0.10770892582019471
1.8927635713918516E-4     -0.10803739635439003
1.8944642601597991E-4     -0.10835731427144285
1.896164948927747E-4      -0.10866867957136145
1.8978656376956944E-4     -0.10897059971317109
1.8995663264636422E-4     -0.10931609978897727
1.90126701523159E-4       -0.10965430108840556
1.9029677039995375E-4     -0.10998431107049583
1.904668392767485E-4      -0.11030612973523073
1.906369081535433E-4      -0.11061975708263037
1.9080697703033805E-4     -0.11092435196154668
1.909770459071328E-4      -0.11127060380887786
1.9114711478392758E-4     -0.11160987713464522
1.9131718366072233E-4     -0.1119413307877144
1.9148725253751708E-4     -0.1122649647680836
1.9165732141431186E-4     -0.11258077907575921
1.918273902911066E-4      -0.1128880015517407
1.9199745916790139E-4     -0.11323494399174842
1.9216752804469614E-4     -0.11357518242941277
1.923375969214909E-4      -0.11390794470573963
1.9250766579828566E-4     -0.11423323082073354
1.9267773467508041E-4     -0.11455104077439954
1.928478035518752E-4      -0.11486060532770834
1.9301787242866997E-4     -0.1152082401555268
1.9318794130546472E-4     -0.11554947437218707
1.9335801018225947E-4     -0.11588353873865302
1.9352807905905422E-4     -0.11621043325494197
1.9369814793584902E-4     -0.11653015792103616
1.9386821681264377E-4     -0.11684199234227938
1.9403828568943855E-4     -0.11719029110742682
1.942083545662333E-4      -0.11753243896729064
1.9437842344302805E-4     -0.11786771552720138
1.9454849231982283E-4     -0.11819612078714627
1.9471856119661758E-4     -0.11851765474713628
1.9488863007341233E-4     -0.11883166558070343
1.9505869895020708E-4     -0.11918044155389425
1.9522876782700189E-4     -0.11952336376386198
1.9539883670379664E-4     -0.11985978038411732
1.9556890558059139E-4     -0.12018969141467847
1.9573897445738616E-4     -0.12051309685553113
1.959090433341809E-4      -0.12082940958118077
1.960791122109757E-4      -0.12117845274396591
1.9624918108777047E-4     -0.12152196360614312
1.964192499645652E-4      -0.12185935504220426
1.9658931884136E-4        -0.12219062705215482
1.9675938771815472E-4     -0.12251577963598743
1.969294565949495E-4      -0.1228342917319768
1.9709952547174425E-4     -0.12318348075732945
1.9726959434853905E-4     -0.12352745201887737
1.9743966322533377E-4     -0.12386568445489152
1.9760973210212855E-4     -0.12419817806536727
1.977798009789233E-4      -0.12452493285031198
1.9794986985571805E-4     -0.12484566096266263
1.981199387325128E-4      -0.12519486767517596
1.9829000760930758E-4     -0.1255391653964819
1.9846007648610233E-4     -0.12587826627950477
1.9863014536289708E-4     -0.12621217032424528
1.9880021423969186E-4     -0.12654087753071258
1.989702831164866E-4      -0.12686421544698875
1.9914035199328139E-4     -0.1272128464670341
1.9931042087007614E-4     -0.1275570697106865
1.9948048974687091E-4     -0.12789671272603834
1.9965055862366566E-4     -0.12823177551307707
1.9982062750046041E-4     -0.1285622580718161
1.999906963772552E-4      -0.1288878357524496
2.0016076525404997E-4     -0.12923584557476558
2.0033083413084472E-4     -0.12958006795568572
2.0050090300763947E-4     -0.12992017824542457
2.0067097188443422E-4     -0.13025617644397117
2.00841040761229E-4       -0.13058806255132654
2.0101110963802375E-4     -0.13091538706418626
2.0118117851481853E-4     -0.13126319719987894
2.013512473916133E-4      -0.13160762111508578
2.0152131626840805E-4     -0.13194820930649556
2.0169138514520283E-4     -0.13228496177410967
2.0186145402199758E-4     -0.13261787851792423
2.0203152289879236E-4     -0.1329463830671858
2.0220159177558714E-4     -0.13329431978675177
2.0237166065238189E-4     -0.1336391128133882
2.0254172952917664E-4     -0.1339801856763515
2.0271179840597139E-4     -0.1343175383756273
2.028818672827662E-4      -0.13465117091122358
2.0305193615956094E-4     -0.13498048412599872
2.0322200503635572E-4     -0.1353287604632026
2.033920739131505E-4      -0.13567396684054153
2.0356214278994525E-4     -0.1360155041008825
2.0373221166674E-4        -0.13635337224422092
2.039022805435348E-4      -0.13668757127055509
2.0407234942032955E-4     -0.13701759063596192
2.042424182971243E-4      -0.13736615493104531
2.0441248717391905E-4     -0.1377116503210246
2.045825560507138E-4      -0.1380535662619838
2.0475262492750855E-4     -0.13839190275391508
2.049226938043033E-4      -0.1387266597968231
2.0509276268109805E-4     -0.13905747297172324
2.0526283155789283E-4     -0.1394060576278217
2.054329004346876E-4      -0.139751612169805
2.0560296931148236E-4     -0.14009377217868144
2.057730381882771E-4      -0.14043253765445116
2.0594310706507186E-4     -0.14076790859711683
2.0611317594186664E-4     -0.1410996775320808
2.0628324481866141E-4     -0.14144792169237588
2.064533136954562E-4      -0.1417932716257911
2.0662338257225094E-4     -0.1421355198577295
2.0679345144904572E-4     -0.1424746663881974
2.0696352032584047E-4     -0.14281071121719174
2.0713358920263525E-4     -0.1431435878329447
2.0730365807943002E-4     -0.14349113003282266
2.0747372695622477E-4     -0.1438360238985017
2.0764379583301952E-4     -0.14417820291822514
2.0781386470981427E-4     -0.14451766709198963
2.0798393358660902E-4     -0.14485441641979488
2.0815400246340378E-4     -0.14518849860790206
2.0832407134019855E-4     -0.145535027627864
2.0849414021699333E-4     -0.14587924927226142
2.0866420909378808E-4     -0.14622121124735998
2.0883427797058283E-4     -0.14656091355315076
2.0900434684737764E-4     -0.1468983561896458
2.0917441572417239E-4     -0.14723366867358
2.0934448460096714E-4     -0.14757894349426978
2.0951455347776189E-4     -0.14792232105521233
2.0968462235455664E-4     -0.1482639308731659
2.098546912313514E-4      -0.14860377294812743
2.1002476010814614E-4     -0.1489418472800932
2.101948289849409E-4      -0.14927832692694695
2.1036489786173566E-4     -0.1496221871187584
2.1053496673853044E-4     -0.14996460029625572
2.107050356153252E-4      -0.15030573951731283
2.1087510449211997E-4     -0.1506456047819384
2.1104517336891475E-4     -0.15098419609012326
2.1121524224570952E-4     -0.15132169883486585
2.113853111225043E-4      -0.1516640641680464
2.1155537999929905E-4     -0.15200543894183968
2.117254488760938E-4      -0.15234600854924432
2.1189551775288855E-4     -0.15268577299025946
2.1206558662968333E-4     -0.15302473226488242
2.1223565550647808E-4     -0.15336307610876987
2.1240572438327286E-4     -0.15370391279404136
2.1257579326006764E-4     -0.15404419344632123
2.1274586213686239E-4     -0.15438410780126396
2.1291593101365716E-4     -0.15472365585887254
2.130859998904519E-4      -0.15506283761914344
2.132560687672467E-4      -0.1554018650706469
2.1342613764404144E-4     -0.15574112638588072
2.135962065208362E-4      -0.15608023709747543
2.1376627539763094E-4     -0.15641940919399863
2.1393634427442566E-4     -0.1567586426754541
2.1410641315122044E-4     -0.1570979375418368
2.142764820280152E-4      -0.15743755519132702
2.1444655090480997E-4     -0.15777513874301966
2.1461661978160472E-4     -0.15811296313722994
2.147866886583995E-4      -0.15845128977213857
2.1495675753519428E-4     -0.15879011864775527
2.1512682641198903E-4     -0.1591294497640647
2.152968952887838E-4      -0.15946960280700112
2.1546696416557855E-4     -0.15980536420279007
2.1563703304237333E-4     -0.16014176668595706
2.1580710191916808E-4     -0.16047912994242017
2.1597717079596286E-4     -0.16081745397218283
2.1614723967275764E-4     -0.16115673877523518
2.1631730854955239E-4     -0.16149734372013608
2.1648737742634714E-4     -0.16183115360421876
2.1665744630314191E-4     -0.1621660211790575
2.1682751517993666E-4     -0.16250230581319586
2.1699758405673141E-4     -0.16284000750664018
2.171676529335262E-4      -0.16317912625937814
2.1733772181032094E-4     -0.1635200367800212
2.1750779068711572E-4     -0.16385181938886992
2.1767785956391047E-4     -0.16418507733752827
2.1784792844070525E-4     -0.16452018533460075
2.180179973175E-4         -0.1648571433800821
2.1818806619429475E-4     -0.16519595147397578
2.1835813507108953E-4     -0.16553699637345526
2.185282039478843E-4      -0.16586670581127003
2.1869827282467905E-4     -0.16619828922637522
2.188683417014738E-4      -0.1665321333759465
2.1903841057826855E-4     -0.16686823825998656
2.1920847945506336E-4     -0.16720660387849107
2.193785483318581E-4      -0.16754765213649814
2.1954861720865289E-4     -0.1678752184476657
2.1971868608544764E-4     -0.16820503397920408
2.1988875496224239E-4     -0.16853752063614244
2.2005882383903716E-4     -0.1688726784184851
2.202288927158319E-4      -0.16921050732622897
2.2039896159262666E-4     -0.16955149117243629
2.2056903046942141E-4     -0.16987678643757567
2.2073909934621622E-4     -0.17020470233969012
2.2090916822301097E-4     -0.1705357226918401
2.2107923709980572E-4     -0.1708698474940177
2.212493059766005E-4      -0.17120707674622881
2.2141937485339525E-4     -0.17154796680994344
2.2158944373019002E-4     -0.17187081691635567
2.217595126069848E-4      -0.17219668098213553
2.2192958148377953E-4     -0.17252611536876042
2.2209965036057433E-4     -0.1728591200762259
2.2226971923736905E-4     -0.1731956951045326
2.2243978811416383E-4     -0.1735364635319379
2.2260985699095858E-4     -0.1738566843041945
2.2277992586775339E-4     -0.17418034663492615
2.2294999474454814E-4     -0.17450807360238585
2.2312006362134289E-4     -0.17483986520657985
2.2329013249813766E-4     -0.17517572144749857
2.2346020137493241E-4     -0.17551631760600464
2.236302702517272E-4      -0.17583374464367707
2.2380033912852194E-4     -0.17615507132819835
2.239704080053167E-4      -0.17648097294042628
2.2414047688211144E-4     -0.17681144948036273
2.243105457589062E-4      -0.17714650094800272
2.2448061463570097E-4     -0.17748683658878556
2.2465068351249572E-4     -0.17780134461398756
2.248207523892905E-4      -0.17812022670311184
2.2499082126608525E-4     -0.17844419210159856
2.2516089014288E-4        -0.17877324080944554
2.2533095901967475E-4     -0.17910737282665173
2.2550102789646953E-4     -0.1794473105947465
2.256710967732643E-4      -0.17975882239441113
2.2584116565005905E-4     -0.18007518183144483
2.260112345268538E-4      -0.18039711134737538
2.2618130340364855E-4     -0.1807246109422065
2.2635137228044333E-4     -0.18105768061593788
2.2652144115723808E-4     -0.1813970386664323
2.2669151003403286E-4     -0.18170551974680577
2.2686157891082766E-4     -0.18201930427427232
2.2703164778762241E-4     -0.18233911054669488
2.2720171666441716E-4     -0.18266493856407573
2.2737178554121194E-4     -0.18299678832641186
2.2754185441800672E-4     -0.18333537045740833
2.2771192329480147E-4     -0.18364080675308653
2.2788199217159625E-4     -0.18395197031855837
2.28052061048391E-4       -0.18426957177751987
2.2822212992518575E-4     -0.18459361112997294
2.2839219880198052E-4     -0.18492408837591862
2.2856226767877528E-4     -0.18526171686249693
2.2873233655557005E-4     -0.18556408746489603
2.2890240543236483E-4     -0.18587257205930985
2.2907247430915958E-4     -0.1861878839928754
2.2924254318595433E-4     -0.1865100232655963
2.294126120627491E-4      -0.18683898987746939
2.2958268093954389E-4     -0.1871755115936234
2.2975274981633864E-4     -0.18747477545244393
2.299228186931334E-4      -0.18778050982988082
2.3009288756992816E-4     -0.1880934424910542
2.3026295644672291E-4     -0.1884135734359673
2.304330253235177E-4      -0.18874090266462254
2.3060309420031244E-4     -0.1890761773956118
2.3077316307710722E-4     -0.18937227491538897
2.3094323195390197E-4     -0.18967518136457945
2.3111330083069672E-4     -0.1899856439617726
2.312833697074915E-4      -0.1903036627069747
2.3145343858428622E-4     -0.19062923760018152
2.31623507461081E-4       -0.19096314057832464
2.3179357633787575E-4     -0.19125599288917144
2.3196364521467055E-4     -0.19155598381047756
2.3213371409146528E-4     -0.191863885279172
2.3230378296826005E-4     -0.19217969729525983
2.324738518450548E-4      -0.19250341985873692
2.3264392072184955E-4     -0.19283586466996255
2.3281398959864433E-4     -0.19312536093424904
2.329840584754391E-4      -0.19342232479203966
2.3315412735223386E-4     -0.19372756794368276
2.333241962290286E-4      -0.19404109038918244
2.3349426510582336E-4     -0.1943628921285362
2.3366433398261814E-4     -0.1946938448240888
2.338344028594129E-4      -0.19497983306473404
2.3400447173620766E-4     -0.1952736287872399
2.3417454061300241E-4     -0.1955761036539495
2.3434460948979716E-4     -0.19588725766486548
2.3451467836659192E-4     -0.19620709081998708
2.346847472433867E-4      -0.19653654269654383
2.3485481612018147E-4     -0.19681884914283354
2.3502488499697622E-4     -0.19710932651823182
2.3519495387377097E-4     -0.19740891439996427
2.3536502275056572E-4     -0.19771761278802985
2.3553509162736053E-4     -0.19803542168242733
2.3570516050415528E-4     -0.1983633313950311
2.3587522938095005E-4     -0.19864180295845607
2.360452982577448E-4      -0.19892883765385244
2.3621536713453958E-4     -0.19922542579309796
2.3638543601133433E-4     -0.19953156737618966
2.3655550488812908E-4     -0.19984726240312506
2.3672557376492386E-4     -0.200173514114158
2.3689564264171864E-4     -0.20044805363855595
2.370657115185134E-4      -0.200731568182814
2.3723578039530814E-4     -0.20102506098717543
2.374058492721029E-4      -0.20132853205164172
2.375759181488977E-4      -0.20164198137621545
2.3774598702569244E-4     -0.2019663892575925
2.3791605590248722E-4     -0.20223696392693422
2.3808612477928197E-4     -0.2025169213264175
2.3825619365607675E-4     -0.20280724175273757
2.384262625328715E-4      -0.20310792520589901
2.3859633140966625E-4     -0.20341897168589818
2.3876640028646102E-4     -0.20374132742619971
2.389364691632558E-4      -0.20400793876100748
2.3910653804005055E-4     -0.20428431197977096
2.392766069168453E-4      -0.2045713933159503
2.3944667579364005E-4     -0.2048691827695485
2.3961674467043486E-4     -0.20517768034056347
2.397868135472296E-4      -0.20549781544521173
2.3995688242402439E-4     -0.20576044571542712
2.4012695130081914E-4     -0.20603318086858435
2.402970201776139E-4      -0.20631695032090153
2.4046708905440866E-4     -0.20661175407237867
2.4063715793120341E-4     -0.20691759212301294
2.408072268079982E-4      -0.20723540501363816
2.4097729568479294E-4     -0.2074939462339783
2.4114736456158772E-4     -0.20776294192049097
2.4131743343838247E-4     -0.20804333261401303
2.4148750231517722E-4     -0.2083351183145475
2.4165757119197197E-4     -0.20863829902208678
2.4182764006876672E-4     -0.20895398383694333
2.419977089455615E-4      -0.2092081938988299
2.4216777782235627E-4     -0.20947317361744863
2.4233784669915103E-4     -0.20975003209310383
2.425079155759458E-4      -0.21003876932579388
2.4267798445274055E-4     -0.21033938531552374
2.4284805332953533E-4     -0.21065317272598455
2.4301812220633008E-4     -0.2109028887948517
2.4318819108312486E-4     -0.21116361673457337
2.4335825995991958E-4     -0.21143664920883407
2.4352832883671433E-4     -0.21172198621764104
2.436983977135091E-4      -0.21201962776099098
2.4386846659030386E-4     -0.21233064495379858
2.4403853546709864E-4     -0.212576235361396
2.442086043438934E-4      -0.21283319938712478
2.4437867322068814E-4     -0.21310260814589188
2.445487420974829E-4      -0.21338446163770372
2.447188109742777E-4      -0.21367875986255386
2.4488887985107244E-4     -0.21398636092349677
2.4505894872786725E-4     -0.21422803395609336
2.45229017604662E-4       -0.2144813709201413
2.4539908648145675E-4     -0.21474722991868822
2.455691553582515E-4      -0.21502561095172928
2.4573922423504625E-4     -0.21531651401926746
2.45909293111841E-4       -0.21562085743450388
2.4607936198863575E-4     -0.21585851075666002
2.4624943086543055E-4     -0.21610793222659383
2.4641949974222525E-4     -0.21637004015750685
2.4658956861902005E-4     -0.2166448345494016
2.467596374958148E-4      -0.2169323154022744
2.4692970637260955E-4     -0.2172334605762479
2.4709977524940436E-4     -0.2174670682994972
2.472698441261991E-4      -0.21771247423555534
2.4743991300299386E-4     -0.2179706562445412
2.476099818797886E-4      -0.21824161432644706
2.4778005075658336E-4     -0.21852534848128147
2.4795011963337816E-4     -0.21882270241722437
2.481201885101729E-4      -0.21905253406202224
2.482902573869677E-4      -0.2192942063221808
2.4846032626376247E-4     -0.21954856290588468
2.486303951405572E-4      -0.21981560381313212
2.48800464017352E-4       -0.22009532904392637
2.489705328941468E-4      -0.22038839452650066
2.491406017709416E-4      -0.22061441812469487
2.4931067064773633E-4     -0.2208524259916983
2.494807395245311E-4      -0.22110307405574567
2.4965080840132583E-4     -0.22136636231683604
2.498208772781206E-4      -0.22164229077497025
2.4999094615491533E-4     -0.22193177737099398
2.501610150317101E-4      -0.22215350737188735
2.503310839085049E-4      -0.22238722351532822
2.5050115278529964E-4     -0.22263384374215808
2.506712216620944E-4      -0.22289336805238058
2.508412905388892E-4      -0.2231657964459916
2.5101135941568394E-4     -0.2234525378577601
2.511814282924787E-4      -0.22366946735005785
2.5135149716927344E-4     -0.22389833161858877
2.515215660460682E-4      -0.2241405395981156
2.51691634922863E-4       -0.22439609128863852
2.5186170379965775E-4     -0.22466498669015486
2.520317726764525E-4      -0.22494885778894158
2.5220184155324725E-4     -0.22516067716262628
2.5237191043004205E-4     -0.2253847403203468
2.525419793068368E-4      -0.22562267924836873
2.5271204818363155E-4     -0.22587449394669662
2.528821170604263E-4      -0.22614018441532668
2.5305218593722105E-4     -0.2264215009917721
2.532222548140158E-4      -0.22662740973246112
2.533923236908106E-4      -0.22684621407723804
2.5356239256760536E-4     -0.2270796643636136
2.5373246144440016E-4     -0.22732776059158594
2.539025303211949E-4      -0.2275905027611551
2.5407259919798966E-4     -0.22786963557490525
2.542426680747844E-4      -0.22806916926575707
2.5441273695157916E-4     -0.2282824115396568
2.545828058283739E-4      -0.2285111070991855
2.5475287470516866E-4     -0.22875525594434348
2.549229435819634E-4      -0.2290148580751324
2.5509301245875817E-4     -0.2292914971530962
2.552630813355529E-4      -0.2294848612082384
2.554331502123477E-4      -0.22969270709294623
2.5560321908914247E-4     -0.22991661846876874
2.557732879659372E-4      -0.23015659533570126
2.55943356842732E-4       -0.23041263769374634
2.561134257195268E-4      -0.23068612247226714
2.562834945963215E-4      -0.2308737808144086
2.564535634731163E-4      -0.23107652943684012
2.56623632349911E-4       -0.23129574526892938
2.5679370122670583E-4     -0.2315314283106742
2.569637701035006E-4      -0.23178357856207524
2.5713383898029533E-4     -0.23205340188809392
2.573039078570901E-4      -0.23223569047638343
2.574739767338849E-4      -0.23243350484525221
2.5764404561067964E-4     -0.2326480508596613
2.578141144874744E-4      -0.2328793285196104
2.5798418336426914E-4     -0.23312733782510028
2.581542522410639E-4      -0.23339318309169776
2.5832432111785864E-4     -0.23357032028105465
2.5849438999465344E-4     -0.23376327037608102
2.586644588714482E-4      -0.23397313769234448
2.58834527748243E-4       -0.23419992222984373
2.5900459662503775E-4     -0.23444362398858035
2.591746655018325E-4      -0.23470531440558534
2.5934473437862725E-4     -0.23487738616202167
2.5951480325542205E-4     -0.23506546554625501
2.5968487213221675E-4     -0.23527062399531878
2.5985494100901155E-4     -0.23549286150921267
2.600250098858063E-4      -0.23573217808793642
2.6019507876260105E-4     -0.23598966817486194
2.603651476393958E-4      -0.23615662290926454
2.605352165161906E-4      -0.2363397471257688
2.6070528539298536E-4     -0.23654013526774934
2.608753542697801E-4      -0.23675778733520442
2.6104542314657486E-4     -0.2369927033281339
2.612154920233696E-4      -0.23724602533093508
2.6138556090016436E-4     -0.2374077248888521
2.615556297769591E-4      -0.2375857733800336
2.6172569865375386E-4     -0.23778131288887697
2.6189576753054867E-4     -0.23799434341538153
2.620658364073434E-4      -0.23822486495954645
2.6223590528413817E-4     -0.23847406334982227
2.624059741609329E-4      -0.23863034762161536
2.625760430377277E-4      -0.23880320205693706
2.6274611191452247E-4     -0.2389938124842357
2.629161807913172E-4      -0.23920217890351084
2.63086249668112E-4       -0.23942830131476353
2.632563185449068E-4      -0.23967339350758798
2.634263874217016E-4      -0.2398241289087965
2.6359645629849633E-4     -0.23999169293784886
2.637665251752911E-4      -0.24017729938434074
2.6393659405208583E-4     -0.24038094824827186
2.641066629288806E-4      -0.2406026395296417
2.6427673180567533E-4     -0.24084360196386206
2.644468006824701E-4      -0.2409886980551427
2.646168695592649E-4      -0.24115090290234942
2.647869384360596E-4      -0.24133144524089445
2.649570073128544E-4      -0.24153032507077707
2.6512707618964914E-4     -0.24174754239199756
2.652971450664439E-4      -0.24198434501665483
2.654672139432387E-4      -0.24212372907897578
2.6563728282003344E-4     -0.24228050794804634
2.658073516968282E-4      -0.24245592943596572
2.6597742057362294E-4     -0.24264999354273256
2.661474894504177E-4      -0.2428627002683475
2.663175583272125E-4      -0.24309532347999396
2.6648762720400725E-4     -0.2432289248358653
2.6665769608080205E-4     -0.2433802076442647
2.668277649575968E-4      -0.24355044577237453
2.6699783383439155E-4     -0.2437396392201951
2.671679027111863E-4      -0.24394778798772535
2.6733797158798105E-4     -0.2441761827904615
2.675080404647758E-4      -0.2443039578561542
2.676781093415706E-4      -0.24444970177847145
2.6784817821836536E-4     -0.24461470527290854
2.6801824709516016E-4     -0.2447989683394656
2.681883159719549E-4      -0.24500249097814122
2.6835838484874966E-4     -0.2452265592347019
2.685284537255444E-4      -0.24534849959900779
2.6869852260233917E-4     -0.24548869342288818
2.688685914791339E-4      -0.24564842675210866
2.6903866035592867E-4     -0.24582769958666886
2.692087292327234E-4      -0.24602651192656838
2.6937879810951817E-4     -0.24624612254070055
2.695488669863129E-4      -0.24636224922416797
2.697189358631077E-4      -0.2464969002646805
2.6988900473990247E-4     -0.24665133443113113
2.700590736166972E-4      -0.24682555172351991
2.70229142493492E-4       -0.24701955214184723
2.703992113702868E-4      -0.2472345610610439
2.705692802470816E-4      -0.24734492736477828
2.7073934912387633E-4     -0.24747405444980305
2.7090941800067114E-4     -0.24762316769105014
2.710794868774659E-4      -0.24779226708852017
2.712495557542607E-4      -0.2479813526422125
2.7141962463105544E-4     -0.24819162715411847
2.715896935078502E-4      -0.24829629023912886
2.7175976238464494E-4     -0.24841990671519593
2.719298312614397E-4      -0.24856367938431007
2.7209990013823444E-4     -0.24872760824647178
2.722699690150292E-4      -0.24891169330168084
2.7244003789182394E-4     -0.249117119131674
2.7261010676861875E-4     -0.24921611564351945
2.727801756454135E-4      -0.2493342261046698
2.7295024452220825E-4     -0.24947263509686166
2.73120313399003E-4       -0.2496313426200952
2.7329038227579775E-4     -0.24981034867437038
2.734604511525925E-4      -0.2500108077013584
2.7363052002938725E-4     -0.25010417549329594
2.7380058890618205E-4     -0.2502167942101113
2.7397065778297675E-4     -0.25034981829347547
2.7414072665977155E-4     -0.25050324774338917
2.743107955365663E-4      -0.2506770825598518
2.7448086441336105E-4     -0.2508724279721156
2.7465093329015586E-4     -0.25096023804839296
2.748210021669506E-4      -0.2510674028839646
2.7499107104374536E-4     -0.25119502770808283
2.751611399205401E-4      -0.25134311252074737
2.7533120879733486E-4     -0.2515116573219579
2.7550127767412966E-4     -0.25170169611699533
2.756713465509244E-4      -0.2517840691395921
2.758414154277192E-4      -0.25188585001380825
2.7601148430451397E-4     -0.25200807274492415
2.761815531813087E-4      -0.25215073733293947
2.7635162205810347E-4     -0.25231384377785443
2.765216909348982E-4      -0.25249832618406
2.7669175981169297E-4     -0.252575436984833
2.768618286884878E-4      -0.25267194062563003
2.770318975652825E-4      -0.2527887712108421
2.7720196644207733E-4     -0.2529259287404694
2.773720353188721E-4      -0.2530834132145117
2.7754210419566683E-4     -0.25326202713734247
2.777121730724616E-4      -0.25333411532134265
2.778822419492564E-4      -0.2534254895177469
2.7805231082605114E-4     -0.25353695223092904
2.782223797028459E-4      -0.25366850346088904
2.783924485796407E-4      -0.2538201432076263
2.7856251745643544E-4     -0.25399251007348284
2.787325863332302E-4      -0.2540598839296725
2.7890265521002494E-4     -0.25414632000299614
2.790727240868197E-4      -0.25425245689579423
2.7924279296361444E-4     -0.25437829460806755
2.794128618404092E-4      -0.25452383313981575
2.7958293071720394E-4     -0.25468950989077144
2.7975299959399875E-4     -0.25475253403287906
2.799230684707935E-4      -0.25483426281732385
2.800931373475883E-4      -0.2549351336438384
2.8026320622438305E-4     -0.2550551465124224
2.8043327510117786E-4     -0.25519430142307614
2.806033439779726E-4      -0.2553527910595108
2.8077341285476736E-4     -0.25541186936963334
2.809434817315621E-4      -0.25548915281459705
2.8111355060835686E-4     -0.25558483407810983
2.812836194851516E-4      -0.2556989131601739
2.8145368836194636E-4     -0.2558313900607882
2.816237572387411E-4      -0.2559821722026461
2.817938261155359E-4      -0.2560377030919955
2.8196389499233066E-4     -0.25611081046525275
2.821339638691254E-4      -0.2562014017451065
2.8230403274592016E-4     -0.256309476931559
2.824741016227149E-4      -0.25643503602460893
2.8264417049950967E-4     -0.25657770943936586
2.828142391913719E-4      -0.2566300117350504
2.8298430788323417E-4     -0.2566991247399312
2.831543765750964E-4      -0.25678467886911444
2.833244452669586E-4      -0.2568866741226016
2.8349451395882084E-4     -0.2570051105003917
2.8366458265068306E-4     -0.2571398466158268
2.8383338426156093E-4     -0.25718855007680214
2.8400218587243875E-4     -0.257252854772612
2.841709874833166E-4      -0.25733261931659474
2.8433978909419444E-4     -0.257427843708752
2.8450859070507225E-4     -0.257538527949083
2.846773923159501E-4      -0.25766527542326145
2.8484226869974994E-4     -0.25770916042365416
2.850071450835497E-4      -0.2577671457007361
2.851720214673495E-4      -0.25783983464017857
2.853368978511493E-4      -0.2579272272419827
2.855017742349491E-4      -0.2580293235061478
2.856666506187489E-4      -0.258146998008087
2.8582628449681633E-4     -0.2581853280439164
2.859859183748838E-4      -0.2582367911134974
2.861455522529512E-4      -0.2583022617922403
2.8630518613101863E-4     -0.2583817400801466
2.864648200090861E-4      -0.25847522597721556
2.8662445388715353E-4     -0.25858342740341334
2.8677901195100846E-4     -0.2586164215326651
2.869335700148634E-4      -0.25866201183010123
2.870881280787183E-4      -0.2587209062156866
2.872426861425732E-4      -0.2587931046894217
2.8739724420642814E-4     -0.25887860725130624
2.8755180227028307E-4     -0.2589779358521936
2.8770144591355165E-4     -0.25900594010885025
2.878510895568202E-4      -0.2590460945195625
2.8800073320008876E-4     -0.25909892103518384
2.8815037684335734E-4     -0.25916441965571396
2.8830002048662587E-4     -0.2592425903811531
2.8844966412989445E-4     -0.25933386345504794
2.885945496144342E-4      -0.25935721050919025
2.88739435098974E-4       -0.2593922400059214
2.888843205835137E-4      -0.25943938218878787
2.8902920606805346E-4     -0.2594986370577899
2.891740915525932E-4      -0.2595700046129274
2.8931897703713294E-4     -0.2596538269156259
2.894592556562055E-4      -0.2596728796052906
2.895995342752781E-4      -0.25970319357281996
2.897398128943506E-4      -0.25974511087963786
2.898800915134232E-4      -0.25979863152574567
2.900203701324957E-4      -0.2598637555111427
2.901606487515683E-4      -0.25994078689818745
2.9029646698782384E-4     -0.2599558183923948
2.904322852240794E-4      -0.25998170278456734
2.9056810346033497E-4     -0.26001874413706183
2.907039216965905E-4      -0.2600669424498792
2.9083973993284604E-4     -0.2601262977230195
2.909755581691016E-4      -0.260197178682652
2.9110705784754005E-4     -0.2602085570105121
2.9123855752597843E-4     -0.2602302979990874
2.913700572044168E-4      -0.26026277037454765
2.915015568828552E-4      -0.2603059741368934
2.9163305656129364E-4     -0.2603599092861241
2.9176455623973203E-4     -0.26042490552693376
2.918918746758003E-4      -0.2604330406842915
2.9201919311186853E-4     -0.260451114266546
2.921465115479368E-4      -0.26047945597838945
2.9227382998400504E-4     -0.2605180658198224
2.9240114842007324E-4     -0.2605669437908445
2.925284668561415E-4      -0.26062634526920203
2.926517369991221E-4      -0.26063155445969627
2.927750071421027E-4      -0.2606463097092438
2.928982772850833E-4      -0.2606708663955885
2.930215474280639E-4      -0.26070522451873135
2.9314481757104446E-4     -0.26074938407867215
2.932680877140251E-4      -0.26080348803399
2.933874382858653E-4      -0.2608060877515846
2.935067888577056E-4      -0.2608178619460541
2.936261394295458E-4      -0.2608389535759774
2.93745490001386E-4       -0.26086936264135524
2.938648405732263E-4      -0.2609090891421872
2.9398419114506653E-4     -0.2609581014272493
2.940997467747933E-4      -0.26095843200887614
2.942153024045201E-4      -0.26096757773406704
2.943308580342469E-4      -0.26098550695159795
2.9444641366397365E-4     -0.26101221966146876
2.9456196929370047E-4     -0.26104771586367953
2.9467752492342723E-4     -0.2610917334173992
2.9478940627728807E-4     -0.2610902021639346
2.949012876311489E-4      -0.2610971024945127
2.950131689850097E-4      -0.26111217226830213
2.9512505033887053E-4     -0.26113541148530295
2.9523693169273136E-4     -0.26116682014551496
2.953488130465922E-4      -0.26120589009609596
2.9545713695405807E-4     -0.26120291932115675
2.95565460861524E-4       -0.2612079289625574
2.956737847689898E-4      -0.26122041086745384
2.957821086764557E-4      -0.2612403650358473
2.958904325839216E-4      -0.2612677914677372
2.9599875649138744E-4     -0.2613018921850191
2.961036360671493E-4      -0.261297932830889
2.9620851564291114E-4     -0.2613014201266803
2.96313395218673E-4       -0.2613115560942878
2.964182747944348E-4      -0.26132834073371203
2.9652315437019667E-4     -0.26135177404495213
2.966280339459585E-4      -0.26138074473711576
2.967295787080446E-4      -0.26137636111621904
2.968311234701307E-4      -0.2613787500485773
2.9693266823221676E-4     -0.2613868002432965
2.9703421299430286E-4     -0.2614005117003772
2.971357577563889E-4      -0.26141988441981917
2.97237302518475E-4       -0.26144337798292827
2.9733561850261254E-4     -0.26143925715569805
2.9743393448675013E-4     -0.26144108949395994
2.975322504708876E-4      -0.2614473345790182
2.976305664550252E-4      -0.26145799241087386
2.9772888243916274E-4     -0.26147306298952644
2.9782719842330027E-4     -0.26149048576317147
2.979223882936408E-4      -0.2614876400201203
2.9801757816398135E-4     -0.2614896955166121
2.9811276803432186E-4     -0.26149459170084144
2.9820795790466237E-4     -0.2615023285728092
2.9830314777500293E-4     -0.261512906132515
2.9839833764534345E-4     -0.2615233881943571
2.9849050080166744E-4     -0.26152315695625766
2.985826639579914E-4      -0.26152670184680243
2.9867482711431526E-4     -0.26153108668038955
2.9876699027063926E-4     -0.2615363114570194
2.988591534269632E-4      -0.2615423761766917
2.9895131658328714E-4     -0.26154414320748953
2.990405492601034E-4      -0.2615496415340109
2.991297819369197E-4      -0.26155782858151244
2.99219014613736E-4       -0.2615635667180764
2.9930824729055227E-4     -0.261566855943703
2.9939747996736855E-4     -0.26156769625839227
2.994867126441848E-4      -0.26156534481212396
2.9957226053682064E-4     -0.26157149582044764
2.9965780842945656E-4     -0.26158518830144717
2.997433563220924E-4      -0.2616056794051017
2.9982890421472824E-4     -0.26163296913141176
2.999144521073641E-4      -0.2616670574803771
3.0E-4                    -0.2617079444519978
