% Model:              PLacek_MembTVNJ_ArticleDims_Rh100um_hg10um_To2MHz_PHedit.mph
% Version:            COMSOL 6.3.0.420
% Date:               Aug 12 2025, 09:39
% Dimension:          1
% Nodes:              1801
% Expressions:        1
% Description:        Line graph
% Arc length (m)          imag(xi)
0                         2.3582803583546134E-11
1.6835192320072636E-7     2.358277491148303E-11
3.367038464014527E-7      2.3582688897537395E-11
5.050557696021791E-7      2.358254554170922E-11
6.734076928029054E-7      2.3582344843998513E-11
8.417596160036319E-7      2.358208680440527E-11
1.0101115392043582E-6     2.3581771422929494E-11
1.1801802473622774E-6     2.3581394606106804E-11
1.3502489555201964E-6     2.358095928020192E-11
1.5203176636781154E-6     2.3580465445214834E-11
1.6903863718360344E-6     2.357991310114555E-11
1.8604550799939534E-6     2.3579302247994078E-11
2.0305237881518723E-6     2.3578632885760403E-11
2.200592664946635E-6      2.357790501812203E-11
2.370661541741397E-6      2.3577118657733072E-11
2.5407304185361593E-6     2.3576273804593517E-11
2.710799295330922E-6      2.357537045870337E-11
2.880868172125684E-6      2.3574408620062634E-11
3.0509370489204466E-6     2.3573388288671303E-11
3.2210059257152087E-6     2.3572309473162023E-11
3.3910748025099717E-6     2.3571172189682376E-11
3.5611436793047335E-6     2.3569976438232357E-11
3.731212556099496E-6      2.3568722218811976E-11
3.901281432894258E-6      2.3567409531421228E-11
4.07135030968902E-6       2.3566038376060113E-11
4.2414191864837825E-6     2.3564608765556876E-11
4.411488063278545E-6      2.3563120720158597E-11
4.581556940073307E-6      2.3561574239865273E-11
4.751625816868069E-6      2.355996932467691E-11
4.921694693662831E-6      2.3558305974593508E-11
5.091763570457593E-6      2.355658418961507E-11
5.261832447252356E-6      2.355480398667089E-11
5.4319013240471185E-6     2.355296539003482E-11
5.601970200841881E-6      2.3551068399706876E-11
5.772039077636643E-6      2.3549113015687038E-11
5.942107954431407E-6      2.354709923797533E-11
6.112176831226169E-6      2.354502706657173E-11
6.282245708020931E-6      2.3542896522397633E-11
6.452314584815693E-6      2.3540707633894196E-11
6.622383461610455E-6      2.3538460401061418E-11
6.7924523384052175E-6     2.3536154823899303E-11
6.96252121519998E-6       2.3533790902407854E-11
7.132590091994742E-6      2.3531368636587068E-11
7.302658968789505E-6      2.35288880513617E-11
7.472727845584267E-6      2.352634917934833E-11
7.642796722379028E-6      2.352375202054695E-11
7.812865599173792E-6      2.3521096574957572E-11
7.982934475968554E-6      2.3518382842580195E-11
8.153003352763316E-6      2.3515610823414814E-11
8.323072229558079E-6      2.3512780546404468E-11
8.493141106352842E-6      2.3509892048354462E-11
8.663209983147605E-6      2.3506945329264793E-11
8.833278859942367E-6      2.3503940389135464E-11
9.003347736737129E-6      2.350087722796647E-11
9.173416613531891E-6      2.3497755845757815E-11
9.343485490326653E-6      2.349457627549877E-11
9.513554367121415E-6      2.349133855816238E-11
9.683623243916178E-6      2.3488042693748643E-11
9.853692120710938E-6      2.348468868225756E-11
1.00237609975057E-5       2.3481276523689137E-11
1.0193829874300462E-5     2.3477806218043365E-11
1.0363898751095225E-5     2.3474277802366598E-11
1.0533967627889988E-5     2.3470691321778618E-11
1.070403650468475E-5      2.3467046776279415E-11
1.0874105381479513E-5     2.3463344165868997E-11
1.1044174258274277E-5     2.3459583490547365E-11
1.1214243135069039E-5     2.3455764750314515E-11
1.1384312011863803E-5     2.345188798627622E-11
1.1554380888658565E-5     2.3447953247683384E-11
1.1724449765453327E-5     2.344396053453601E-11
1.1894518642248089E-5     2.3439909846834092E-11
1.2064587519042851E-5     2.3435801184577642E-11
1.2234656395837613E-5     2.343163454776665E-11
1.2404725272632376E-5     2.3427409981571228E-11
1.257479414942714E-5      2.3423127539357884E-11
1.27448630262219E-5       2.3418787221126616E-11
1.2914931903016664E-5     2.3414389026877428E-11
1.3085000779811424E-5     2.3409932956610315E-11
1.3255069656606186E-5     2.340541901032528E-11
1.3425138533400948E-5     2.3400847237265578E-11
1.3595207410195712E-5     2.3396217694894343E-11
1.3765276286990473E-5     2.3391530383211582E-11
1.3935345163785237E-5     2.3386785302217292E-11
1.4105414040579997E-5     2.3381982451911475E-11
1.427548291737476E-5      2.337712183229413E-11
1.4445551794169521E-5     2.3372203496688322E-11
1.4615620670964285E-5     2.3367227506635408E-11
1.4785689547759046E-5     2.336219386213539E-11
1.495575842455381E-5      2.335710256318827E-11
1.5125827301348572E-5     2.335195360979405E-11
1.5295896178143334E-5     2.3346747001952726E-11
1.5465965054938098E-5     2.33414827970709E-11
1.5636033931732858E-5     2.3336161060750733E-11
1.580610280852762E-5      2.333078179299223E-11
1.5976171685322383E-5     2.332534499379539E-11
1.6146240562117146E-5     2.3319850663160214E-11
1.6316309438911907E-5     2.33142988010867E-11
1.648637831570667E-5      2.3308689469063992E-11
1.665644719250143E-5      2.3303022736741382E-11
1.6826516069296195E-5     2.3297298604118872E-11
1.6996584946090956E-5     2.329151707119646E-11
1.716665382288572E-5      2.3285678137974157E-11
1.733672269968048E-5      2.3279781804451947E-11
1.7506791576475244E-5     2.327382813619988E-11
1.7676860453270008E-5     2.3267817206899886E-11
1.7846929330064768E-5     2.3261749016551962E-11
1.8016998206859532E-5     2.325562356515611E-11
1.8187067083654292E-5     2.3249440852712334E-11
1.8357135960449056E-5     2.324320087922063E-11
1.852720483724382E-5      2.3236903714317273E-11
1.8697273714038584E-5     2.3230549435714435E-11
1.8867342590833344E-5     2.3224138043412118E-11
1.9037411467628108E-5     2.3217669537410323E-11
1.9207480344422872E-5     2.3211143917709053E-11
1.9377549221217633E-5     2.3204561184308304E-11
1.9547618098012396E-5     2.319792141089794E-11
1.9717686974807157E-5     2.3191224679217538E-11
1.9887755851601917E-5     2.3184470989267115E-11
2.005782472839668E-5      2.317766034104666E-11
2.0227893605191438E-5     2.317079273455618E-11
2.0397962481986202E-5     2.316386816979567E-11
2.0568031358780966E-5     2.3156886724492918E-11
2.073810023557573E-5      2.3149848484412433E-11
2.090816911237049E-5      2.3142753449554206E-11
2.1078237989165254E-5     2.3135601619918242E-11
2.1248306865960018E-5     2.3128392995504537E-11
2.141837574275478E-5      2.3121127576313097E-11
2.1588444619549542E-5     2.3113805444096027E-11
2.1758513496344303E-5     2.3106426688638106E-11
2.1928582373139063E-5     2.3098991309939337E-11
2.2098651249933827E-5     2.3091499307999716E-11
2.2268720126728584E-5     2.3083950682819254E-11
2.2438789003523348E-5     2.3076345434397934E-11
2.2608857880318112E-5     2.306868364850032E-11
2.2778926757112876E-5     2.3060965418924197E-11
2.2948995633907636E-5     2.305319074566957E-11
2.3119064510702397E-5     2.3045359628736433E-11
2.3289133387497164E-5     2.303747206812479E-11
2.3459202264291924E-5     2.302952806383464E-11
2.3629271141086688E-5     2.3021527705628953E-11
2.379934001788145E-5      2.3013471091312685E-11
2.396940889467621E-5      2.3005358220885838E-11
2.4139477771470973E-5     2.299718909434841E-11
2.4309546648265737E-5     2.2988963711700404E-11
2.4479615525060497E-5     2.2980682072941818E-11
2.464968440185526E-5      2.2972344271821442E-11
2.481975327865002E-5      2.2963950410144514E-11
2.4989822155444785E-5     2.2955500487911034E-11
2.515989103223955E-5      2.2946994505121006E-11
2.532995990903431E-5      2.2938432461774424E-11
2.5500028785829074E-5     2.2929814357871292E-11
2.5670097662623834E-5     2.2921140291134736E-11
2.5840166539418598E-5     2.2912410367361373E-11
2.6010235416213362E-5     2.2903624586551205E-11
2.6180304293008122E-5     2.289478294870423E-11
2.6350373169802883E-5     2.288588545382045E-11
2.6520442046597647E-5     2.2876932101899865E-11
2.669051092339241E-5      2.2867922994626897E-11
2.686057980018717E-5      2.285885824178135E-11
2.703064867698193E-5      2.2849737843363235E-11
2.7200717553776692E-5     2.284056179937254E-11
2.7370786430571456E-5     2.283133010980928E-11
2.7540855307366216E-5     2.2822042774673437E-11
2.771092418416098E-5      2.2812699899599277E-11
2.7880993060955744E-5     2.280330159833972E-11
2.8051061937750504E-5     2.279384787089475E-11
2.8221130814545265E-5     2.2784338717264382E-11
2.839119969134003E-5      2.2774774137448608E-11
2.8561268568134793E-5     2.2765154131447433E-11
2.8731337444929556E-5     2.2755478808832597E-11
2.890140632172432E-5      2.2745748287319767E-11
2.907147519851908E-5      2.2735962566908943E-11
2.9241544075313845E-5     2.2726121647600117E-11
2.9411612952108605E-5     2.2716225529393306E-11
2.958168182890337E-5      2.2706274212288495E-11
2.975175070569813E-5      2.2696267809782617E-11
2.9921819582492897E-5     2.268620644354348E-11
3.0091888459287654E-5     2.2676090113571078E-11
3.0261957336082418E-5     2.2665918819865418E-11
3.0432026212877178E-5     2.2655692562426497E-11
3.060209508967194E-5      2.2645411341254313E-11
3.07721639664667E-5       2.2635075273763103E-11
3.0942232843261466E-5     2.262468448555679E-11
3.111230172005623E-5      2.2614238976635377E-11
3.1282370596850994E-5     2.2603738746998856E-11
3.145243947364575E-5      2.2593183796647236E-11
3.1622508350440515E-5     2.2582574125580506E-11
3.179257722723528E-5      2.257190985511398E-11
3.196264610403004E-5      2.2561191114778635E-11
3.21327149808248E-5       2.2550417904574465E-11
3.2302783857619563E-5     2.253959022450147E-11
3.247285273441433E-5      2.252870807455966E-11
3.264292161120909E-5      2.2517771454749026E-11
3.2812990488003855E-5     2.2506780490267598E-11
3.298305936479862E-5      2.2495735314567972E-11
3.315312824159338E-5      2.248463592765014E-11
3.332319711838814E-5      2.2473482329514113E-11
3.3493265995182904E-5     2.246227452015988E-11
3.366333487197767E-5      2.2451012499587454E-11
3.383340374877243E-5      2.24396963968592E-11
3.400347262556719E-5      2.2428326349342752E-11
3.417354150236195E-5      2.2416902357038117E-11
3.434361037915671E-5      2.240542441994529E-11
3.4513679255951466E-5     2.2393892538064278E-11
3.468374813274623E-5      2.2382306711395074E-11
3.4853817009540994E-5     2.2370667072846485E-11
3.502388588633576E-5      2.2358973763694616E-11
3.519395476313052E-5      2.2347226783939462E-11
3.5364023639925286E-5     2.2335426133581022E-11
3.553409251672005E-5      2.23235718126193E-11
3.5704161393514813E-5     2.2311663821054292E-11
3.587423027030958E-5      2.2299702295626133E-11
3.604429914710434E-5      2.2287687381509435E-11
3.6214368023899105E-5     2.2275619078704207E-11
3.638443690069387E-5      2.2263497387210442E-11
3.655450577748863E-5      2.2251322307028145E-11
3.672457465428339E-5      2.2239093838157314E-11
3.6894643531078154E-5     2.2226812121153634E-11
3.706471240787292E-5      2.22144773050808E-11
3.7234781284667675E-5     2.2202089389938827E-11
3.740485016146244E-5      2.2189648375727707E-11
3.7574919038257195E-5     2.2177154262447448E-11
3.774498791505196E-5      2.2164607050098043E-11
3.791505679184672E-5      2.2152006883036982E-11
3.808512566864148E-5      2.2139353914205482E-11
3.8255194545436244E-5     2.2126648143603536E-11
3.842526342223101E-5      2.2113889571231148E-11
3.8595332299025765E-5     2.2101078197088323E-11
3.876540117582053E-5      2.2088214021175053E-11
3.893547005261529E-5      2.207529719163906E-11
3.910553892941006E-5      2.2062327865284864E-11
3.927560780620482E-5      2.2049306042112464E-11
3.9445676682999584E-5     2.203623172212186E-11
3.961574555979435E-5      2.2023104905313063E-11
3.978581443658911E-5      2.200992559168606E-11
3.995588331338387E-5      2.1996693933164737E-11
4.012595219017863E-5      2.198341009040541E-11
4.02960210669734E-5       2.1970074063408083E-11
4.0466089943768154E-5     2.1956685852172754E-11
4.063615882056292E-5      2.1943245456699418E-11
4.0806227697357675E-5     2.192975287698808E-11
4.097629657415244E-5      2.1916208268722096E-11
4.11463654509472E-5       2.1902611796401485E-11
4.1316434327741966E-5     2.1888963460026236E-11
4.148650320453673E-5      2.1875263259596352E-11
4.165657208133149E-5      2.1861511195111837E-11
4.182664095812625E-5      2.1847707266572684E-11
4.1996709834921015E-5     2.1833851633402394E-11
4.216677871171578E-5      2.181994446393991E-11
4.233684758851054E-5      2.1805985758185225E-11
4.2506916465305307E-5     2.1791975516138345E-11
4.267698534210007E-5      2.1777913737799274E-11
4.2847054218894834E-5     2.1763800423168005E-11
4.30171230956896E-5       2.1749635735387374E-11
4.3187191972484355E-5     2.1735419846632187E-11
4.335726084927912E-5      2.1721152756902462E-11
4.3527329726073876E-5     2.170683446619819E-11
4.369739860286864E-5      2.1692464974519373E-11
4.38674674796634E-5       2.167804428186601E-11
4.403753635645816E-5      2.1663572555083065E-11
4.4207605233252925E-5     2.164904997017476E-11
4.437767411004769E-5      2.1634476527141095E-11
4.454774298684245E-5      2.1619852225982067E-11
4.471781186363721E-5      2.1605177066697674E-11
4.4887880740431973E-5     2.1590451049287924E-11
4.505794961722674E-5      2.1575674344286363E-11
4.52280184940215E-5       2.1560847131517884E-11
4.539808737081626E-5      2.1545969410982476E-11
4.556815624761102E-5      2.1531041182680146E-11
4.5738225124405786E-5     2.1516062446610896E-11
4.590829400120055E-5      2.1501033202774724E-11
4.6078362877995314E-5     2.148595362536281E-11
4.624843175479008E-5      2.1470823898029292E-11
4.641850063158484E-5      2.1455644020774165E-11
4.65885695083796E-5       2.1440413993597434E-11
4.675863838517436E-5      2.1425133816499102E-11
4.6928707261969126E-5     2.1409803489479164E-11
4.709877613876389E-5      2.139442319040585E-11
4.7268845015558654E-5     2.137899310671438E-11
4.743891389235341E-5      2.1363513238404745E-11
4.7608982769148175E-5     2.134798358547696E-11
4.777905164594294E-5      2.1332404147931014E-11
4.79491205227377E-5       2.1316774925766915E-11
4.8119189399532466E-5     2.1301096100522193E-11
4.828925827632723E-5      2.1285367863414244E-11
4.845932715312199E-5      2.1269590214443075E-11
4.8629396029916744E-5     2.1253763153608676E-11
4.8799464906711515E-5     2.1237886680911057E-11
4.896953378350627E-5      2.1221960796350208E-11
4.9139602660301036E-5     2.120598568507572E-11
4.93096715370958E-5       2.1189961542120128E-11
4.947974041389056E-5      2.1173888367483422E-11
4.9649809290685314E-5     2.1157766161165613E-11
4.981987816748008E-5      2.11415949231667E-11
4.998994704427484E-5      2.112537465348668E-11
5.0160015921069605E-5     2.110910554088527E-11
5.033008479786437E-5      2.1092787784196975E-11
5.050015367465913E-5      2.1076421383421794E-11
5.067022255145389E-5      2.1060006338559725E-11
5.0840291428248654E-5     2.104354264961078E-11
5.101036030504342E-5      2.102703031657494E-11
5.1180429181838175E-5     2.1010469531811153E-11
5.135049805863294E-5      2.0993860497951502E-11
5.15205669354277E-5       2.0977203214995995E-11
5.169063581222245E-5      2.096049768294463E-11
5.1860704689017224E-5     2.0943743901797406E-11
5.203077356581198E-5      2.0926941871554323E-11
5.2200842442606745E-5     2.0910091788164664E-11
5.237091131940151E-5      2.0893193858054105E-11
5.254098019619627E-5      2.0876248081222637E-11
5.2711049072991036E-5     2.085925445767027E-11
5.28811179497858E-5       2.0842212987397E-11
5.3051186826580564E-5     2.0825123670402822E-11
5.322125570337533E-5      2.080798670621457E-11
5.339132458017009E-5      2.079080230505405E-11
5.3561393456964855E-5     2.0773570466921257E-11
5.373146233375962E-5      2.075629119181619E-11
5.390153121055438E-5      2.0738964479738848E-11
5.407160008734914E-5      2.072159033068924E-11
5.4241668964143904E-5     2.0704168947753928E-11
5.441173784093867E-5      2.068670054496091E-11
5.4581806717733425E-5     2.066918512231019E-11
5.475187559452819E-5      2.065162267980177E-11
5.492194447132294E-5      2.0634013217435643E-11
5.50920133481177E-5       2.0616356735211815E-11
5.526208222491247E-5      2.0598653439750807E-11
5.543215110170724E-5      2.0580903548907564E-11
5.5602219978501995E-5     2.056310706268208E-11
5.577228885529676E-5      2.0545263981074362E-11
5.594235773209153E-5      2.052737430408441E-11
5.611242660888629E-5      2.0509438031712222E-11
5.628249548568105E-5      2.0491455374072972E-11
5.6452564362475814E-5     2.0473426552883943E-11
5.662263323927058E-5      2.045535156814514E-11
5.679270211606533E-5      2.0437230419856564E-11
5.69627709928601E-5       2.0419063108018215E-11
5.7132839869654856E-5     2.0400849632630095E-11
5.730290874644962E-5      2.0382590207247247E-11
5.747297762324438E-5      2.036428505750047E-11
5.764304650003915E-5      2.0345934183389775E-11
5.781311537683391E-5      2.032753758491515E-11
5.7983184253628675E-5     2.030909526207661E-11
5.815325313042344E-5      2.029060721487414E-11
5.83233220072182E-5       2.0272073660228762E-11
5.8493390884012966E-5     2.0253494827758474E-11
5.866345976080773E-5      2.023487071746328E-11
5.8833528637602494E-5     2.021620132934318E-11
5.900359751439725E-5      2.0197486663398168E-11
5.9173666391192015E-5     2.017872671962825E-11
5.934373526798678E-5      2.0159921718235108E-11
5.951380414478154E-5      2.01410718929161E-11
5.96838730215763E-5       2.012217724367123E-11
5.9853941898371064E-5     2.01032377705005E-11
6.0024010775165814E-5     2.0084253473403914E-11
6.019407965196058E-5      2.0065224352381462E-11
6.036414852875534E-5      2.0046150630827166E-11
6.0534217405550106E-5     2.0027032546627496E-11
6.070428628234486E-5      2.0007870099782463E-11
6.087435515913962E-5      1.998866329029206E-11
6.104442403593438E-5      1.996941211815629E-11
6.121449291272915E-5      1.9950116583375152E-11
6.138456178952391E-5      1.9930776912447568E-11
6.155463066631868E-5      1.9911393347583263E-11
6.172469954311344E-5      1.9891965888782244E-11
6.18947684199082E-5       1.987249453604451E-11
6.206483729670297E-5      1.9852979289370062E-11
6.223490617349773E-5      1.98334201487589E-11
6.24049750502925E-5       1.981381734375486E-11
6.257504392708726E-5      1.979417112100474E-11
6.274511280388202E-5      1.9774481480508538E-11
6.291518168067679E-5      1.975474842226626E-11
6.308525055747155E-5      1.9734971946277896E-11
6.325531943426631E-5      1.971515205254345E-11
6.342538831106108E-5      1.9695288973635662E-11
6.359545718785583E-5      1.967538296070253E-11
6.376552606465059E-5      1.9655434013744052E-11
6.393559494144536E-5      1.9635442132760228E-11
6.41056638182401E-5       1.9615407317751058E-11
6.427573269503487E-5      1.9595329568716544E-11
6.444580157182963E-5      1.9575209121283818E-11
6.461587044862441E-5      1.9555046231130307E-11
6.478593932541916E-5      1.9534840898256015E-11
6.495600820221393E-5      1.951459312266094E-11
6.512607707900869E-5      1.9494302904345087E-11
6.529614595580345E-5      1.9473970243308452E-11
6.546621483259822E-5      1.945359537825955E-11
6.5636283709393E-5        1.9433178569442795E-11
6.580635258618774E-5      1.941271981685819E-11
6.597642146298251E-5      1.9392219120505738E-11
6.614649033977727E-5      1.937167648038544E-11
6.631655921657204E-5      1.935109189649729E-11
6.64866280933668E-5       1.9330465610639853E-11
6.665669697016156E-5      1.9309797887692527E-11
6.682676584695633E-5      1.9289088727655313E-11
6.699683472375108E-5      1.9268338130528214E-11
6.716690360054584E-5      1.9247546096311233E-11
6.73369724773406E-5       1.922671262500436E-11
6.750704135413537E-5      1.9205837961491345E-11
6.767711023093013E-5      1.9184922375383267E-11
6.784717910772488E-5      1.916396586668012E-11
6.801724798451965E-5      1.9142968435381913E-11
6.818731686131441E-5      1.9121930081488642E-11
6.835738573810918E-5      1.9100850805000304E-11
6.852745461490394E-5      1.9079730853862783E-11
6.86975234916987E-5       1.9058570502552533E-11
6.886759236849347E-5      1.9037369751069556E-11
6.903766124528822E-5      1.901612859941385E-11
6.920773012208298E-5      1.8994847047585423E-11
6.937779899887774E-5      1.8973525095584264E-11
6.954786787567251E-5      1.895216299437978E-11
6.971793675246727E-5      1.8930761023483615E-11
6.988800562926202E-5      1.8909319182895763E-11
7.005807450605679E-5      1.8887837472616232E-11
7.022814338285155E-5      1.8866315892645018E-11
7.039821225964631E-5      1.884475444298212E-11
7.056828113644108E-5      1.8823153377578604E-11
7.073835001323584E-5      1.88015129811778E-11
7.09084188900306E-5       1.8779833253779706E-11
7.107848776682537E-5      1.875811419538433E-11
7.124855664362013E-5      1.873635580599167E-11
7.14186255204149E-5       1.8714558085601723E-11
7.158869439720966E-5      1.869272129110805E-11
7.175876327400443E-5      1.8670845712708747E-11
7.192883215079919E-5      1.8648931350403816E-11
7.209890102759395E-5      1.862697820419326E-11
7.226896990438872E-5      1.8604986274077082E-11
7.243903878118348E-5      1.8582955560055273E-11
7.260910765797824E-5      1.856088632191661E-11
7.277917653477301E-5      1.8538778855579397E-11
7.294924541156777E-5      1.851663316104364E-11
7.311931428836252E-5      1.8494449238309334E-11
7.32893831651573E-5       1.8472227087376482E-11
7.345945204195205E-5      1.8449966708245083E-11
7.362952091874681E-5      1.8427668363547497E-11
7.379958979554158E-5      1.8405332355225125E-11
7.396965867233633E-5      1.8382958683277976E-11
7.413972754913108E-5      1.8360547347706043E-11
7.430979642592586E-5      1.8338098348509337E-11
7.44798653027206E-5       1.831561168568785E-11
7.464993417951538E-5      1.8293087624676592E-11
7.482000305631013E-5      1.8270526473764053E-11
7.499007193310491E-5      1.8247928232950234E-11
7.516014080989968E-5      1.8225292902235134E-11
7.533020968669444E-5      1.8202620481618757E-11
7.55002785634892E-5       1.81799109711011E-11
7.567034744028397E-5      1.8157164638919258E-11
7.584041631707873E-5      1.813438180002964E-11
7.601048519387348E-5      1.8111562454432232E-11
7.618055407066824E-5      1.8088706602127052E-11
7.6350622947463E-5        1.8065814243114094E-11
7.652069182425776E-5      1.8042885377393356E-11
7.669076070105252E-5      1.8019920276048435E-11
7.686082957784729E-5      1.799691926102533E-11
7.703089845464205E-5      1.7973882332324036E-11
7.72009673314368E-5       1.795080948994456E-11
7.737103620823156E-5      1.7927700733886905E-11
7.754110508502633E-5      1.7904556064151063E-11
7.771117396182109E-5      1.7881375754695705E-11
7.788124283861586E-5      1.7858160134835698E-11
7.805131171541062E-5      1.783490920457104E-11
7.822138059220538E-5      1.7811622963901732E-11
7.839144946900015E-5      1.7788301412827774E-11
7.856151834579491E-5      1.776494455134917E-11
7.873158722258968E-5      1.77415526562935E-11
7.890165609938444E-5      1.7718126064794206E-11
7.907172497617919E-5      1.7694664776851283E-11
7.924179385297395E-5      1.7671168792464732E-11
7.941186272976872E-5      1.7647638111634556E-11
7.958193160656348E-5      1.7624072734360748E-11
7.975200048335824E-5      1.760047294034476E-11
7.992206936015301E-5      1.757683907502058E-11
8.009213823694777E-5      1.75531711383882E-11
8.026220711374252E-5      1.7529469130447624E-11
8.04322759905373E-5       1.750573305119886E-11
8.060234486733205E-5      1.7481962900641898E-11
8.077241374412683E-5      1.745815896139068E-11
8.094248262092158E-5      1.7434321587687564E-11
8.111255149771634E-5      1.7410450779532556E-11
8.12826203745111E-5       1.7386546536925654E-11
8.145268925130588E-5      1.736260885986686E-11
8.162275812810063E-5      1.733863774835617E-11
8.179282700489541E-5      1.7314633487955878E-11
8.196289588169016E-5      1.729059644229559E-11
8.213296475848491E-5      1.726652661137531E-11
8.230303363527969E-5      1.7242423995195037E-11
8.247310251207444E-5      1.7218288593754774E-11
8.26431713888692E-5       1.7194120407054514E-11
8.281324026566398E-5      1.7169919723595782E-11
8.298330914245874E-5      1.7145686917100122E-11
8.31533780192535E-5       1.7121421987567538E-11
8.332344689604827E-5      1.7097124934998027E-11
8.349351577284304E-5      1.707279575939159E-11
8.36635846496378E-5       1.704843446074823E-11
8.383365352643258E-5      1.7024041330424207E-11
8.400372240322733E-5      1.699961675310846E-11
8.417379128002208E-5      1.6975160728800975E-11
8.434386015681686E-5      1.6950673257501762E-11
8.45139290336116E-5       1.6926154339210823E-11
8.468399791040637E-5      1.6901603973928152E-11
8.485406678720113E-5      1.6877022455859944E-11
8.50241356639959E-5       1.6852410181576252E-11
8.519420454079065E-5      1.6827767151077077E-11
8.536427341758541E-5      1.6803093364362418E-11
8.553434229438016E-5      1.677838882143228E-11
8.570441117117493E-5      1.6753653522286656E-11
8.587448004796969E-5      1.6728887763922732E-11
8.604454892476445E-5      1.6704091955912486E-11
8.621461780155922E-5      1.667926609825592E-11
8.638468667835397E-5      1.6654410190953027E-11
8.655475555514873E-5      1.6629524234003817E-11
8.67248244319435E-5       1.660460822740828E-11
8.689489330873826E-5      1.6579662470844977E-11
8.706496218553302E-5      1.6554687388285363E-11
8.723503106232779E-5      1.6529682979729443E-11
8.740509993912255E-5      1.650464924517721E-11
8.757516881591731E-5      1.647958618462867E-11
8.774523769271208E-5      1.6454493798083818E-11
8.791530656950684E-5      1.6429372388044437E-11
8.80853754463016E-5       1.6404222394339316E-11
8.825544432309636E-5      1.6379043816968447E-11
8.842551319989112E-5      1.635383665593184E-11
8.859558207668588E-5      1.6328600911229488E-11
8.876565095348065E-5      1.6303336582861394E-11
8.893571983027541E-5      1.6278043976403713E-11
8.910578870707019E-5      1.6252723549325097E-11
8.927585758386494E-5      1.622737530162554E-11
8.94459264606597E-5       1.620199923330505E-11
8.961599533745447E-5      1.6176595344363627E-11
8.978606421424923E-5      1.6151163634801266E-11
8.9956133091044E-5        1.6125704413849513E-11
9.012620196783876E-5      1.610021815863959E-11
9.029627084463352E-5      1.60747048691715E-11
9.046633972142827E-5      1.6049164545445246E-11
9.063640859822305E-5      1.6023597187460823E-11
9.08064774750178E-5       1.5998002795218234E-11
9.097654635181258E-5      1.5972381682830227E-11
9.114661522860733E-5      1.594673434912223E-11
9.131668410540209E-5      1.5921060794094244E-11
9.148675298219686E-5      1.5895361017746267E-11
9.165682185899162E-5      1.5869635020078305E-11
9.182689073578638E-5      1.5843882801090353E-11
9.199695961258116E-5      1.5818104681840837E-11
9.216702848937591E-5      1.5792301184706773E-11
9.233709736617066E-5      1.5766472309688146E-11
9.250716624296544E-5      1.5740618056784964E-11
9.267723511976019E-5      1.5714738425997225E-11
9.284730399655495E-5      1.5688833417324928E-11
9.301737287334972E-5      1.5662903361741352E-11
9.31874417501445E-5       1.5636948806672885E-11
9.335751062693924E-5      1.5610969752119528E-11
9.3527579503734E-5        1.5584966198081277E-11
9.369764838052876E-5      1.5558938144558136E-11
9.386771725732352E-5      1.5532885591550103E-11
9.403778613411829E-5      1.5506808883846846E-11
9.420785501091305E-5      1.54807085946882E-11
9.43779238877078E-5       1.5454584724074164E-11
9.454799276450256E-5      1.542843727200474E-11
9.471806164129733E-5      1.5402266238479924E-11
9.488813051809209E-5      1.5376071623499723E-11
9.505819939488686E-5      1.53498537903678E-11
9.522826827168162E-5      1.532361333762334E-11
9.539833714847638E-5      1.5297350265266347E-11
9.556840602527113E-5      1.527106457329682E-11
9.57384749020659E-5       1.524475626171476E-11
9.590854377886066E-5      1.5218425330520166E-11
9.607861265565543E-5      1.5192072166611047E-11
9.62486815324502E-5       1.5165697391391847E-11
9.641875040924495E-5      1.513930100486255E-11
9.658881928603972E-5      1.511288300702317E-11
9.675888816283448E-5      1.5086443397873705E-11
9.692895703962925E-5      1.5059982177414154E-11
9.709902591642401E-5      1.5033499760868802E-11
9.726909479321879E-5      1.500699678760396E-11
9.743916367001354E-5      1.498047325761962E-11
9.76092325468083E-5       1.4953929170915787E-11
9.777930142360306E-5      1.4927364527492467E-11
9.794937030039783E-5      1.490077932734965E-11
9.811943917719258E-5      1.4874174017347582E-11
9.828950805398736E-5      1.48475492474454E-11
9.84595769307821E-5       1.4820905017643112E-11
9.862964580757686E-5      1.479424132794071E-11
9.879971468437162E-5      1.47675581783382E-11
9.896978356116637E-5      1.474085556883558E-11
9.913985243796113E-5      1.4714133978747118E-11
9.930992131475591E-5      1.4687394059613493E-11
9.947999019155066E-5      1.4660635811434712E-11
9.965005906834544E-5      1.4633859234210775E-11
9.982012794514019E-5      1.460706432794168E-11
9.999019682193495E-5      1.458025109262743E-11
1.0016026569872972E-4     1.455342003775372E-11
1.003303345755245E-4      1.4526571807422454E-11
1.0050040345231925E-4     1.449970640163363E-11
1.0067047232911402E-4     1.4472823820387247E-11
1.0084054120590877E-4     1.4445924063683312E-11
1.0101061008270354E-4     1.4419007131521817E-11
1.011806789594983E-4      1.4392073558366964E-11
1.0135074783629308E-4     1.4365123973765478E-11
1.0152081671308783E-4     1.4338158377717348E-11
1.016908855898826E-4      1.4311176770222585E-11
1.0186095446667736E-4     1.4284179151281182E-11
1.0203102334347212E-4     1.4257165520893144E-11
1.0220109222026688E-4     1.4230136431499834E-11
1.0237116109706166E-4     1.4203092494061409E-11
1.0254122997385641E-4     1.4176033708577867E-11
1.0271129885065116E-4     1.414896007504921E-11
1.0288136772744593E-4     1.412187159347544E-11
1.0305143660424069E-4     1.4094768263856553E-11
1.0322150548103545E-4     1.4067650649339347E-11
1.0339157435783022E-4     1.4040519341339783E-11
1.0356164323462497E-4     1.4013374339857859E-11
1.0373171211141973E-4     1.3986215644893578E-11
1.0390178098821448E-4     1.395904325644694E-11
1.0407184986500925E-4     1.3931857174517945E-11
1.0424191874180401E-4     1.3904657966680996E-11
1.0441198761859879E-4     1.3877446206031407E-11
1.0458205649539355E-4     1.3850221892569176E-11
1.047521253721883E-4      1.3822985026294307E-11
1.0492219424898308E-4     1.37957356072068E-11
1.0509226312577784E-4     1.3768473635306651E-11
1.052623320025726E-4      1.3741199677884272E-11
1.0543240087936737E-4     1.3713914292024117E-11
1.0560246975616213E-4     1.3686617477726188E-11
1.0577253863295688E-4     1.3659309234990488E-11
1.0594260750975165E-4     1.3631989563817014E-11
1.0611267638654641E-4     1.3604658464205765E-11
1.0628274526334116E-4     1.3577316500008293E-11
1.0645281414013594E-4     1.3549964214814656E-11
1.0662288301693069E-4     1.3522601608624857E-11
1.0679295189372544E-4     1.3495228681438898E-11
1.0696302077052022E-4     1.3467845433256777E-11
1.0713308964731497E-4     1.3440451864078496E-11
1.0730315852410975E-4     1.3413048532405309E-11
1.074732274009045E-4      1.338563597053707E-11
1.0764329627769927E-4     1.3358214178473778E-11
1.0781336515449402E-4     1.3330783156215434E-11
1.0798343403128879E-4     1.3303342903762041E-11
1.0815350290808356E-4     1.3275893421113597E-11
1.0832357178487833E-4     1.3248435260364359E-11
1.0849364066167309E-4     1.3220968944234828E-11
1.0866370953846784E-4     1.3193494472725005E-11
1.088337784152626E-4      1.3166011845834889E-11
1.0900384729205736E-4     1.3138521063564483E-11
1.0917391616885212E-4     1.3111022125913783E-11
1.0934398504564688E-4     1.3083515578025175E-11
1.0951405392244166E-4     1.3056001934292506E-11
1.0968412279923641E-4     1.3028481194715778E-11
1.0985419167603116E-4     1.3000953359294991E-11
1.1002426055282593E-4     1.2973418428030143E-11
1.1019432942962069E-4     1.2945876400921239E-11
1.1036439830641547E-4     1.291832781589005E-11
1.1053446718321023E-4     1.2890773179914921E-11
1.10704536060005E-4       1.286321249299585E-11
1.1087460493679976E-4     1.2835645755132838E-11
1.1104467381359452E-4     1.2808072966325886E-11
1.1121474269038929E-4     1.2780494126574992E-11
1.1138481156718405E-4     1.2752909766450085E-11
1.1155488044397881E-4     1.2725320386216593E-11
1.1172494932077356E-4     1.2697725985874517E-11
1.1189501819756833E-4     1.2670126565423859E-11
1.1206508707436308E-4     1.2642522124864616E-11
1.1223515595115784E-4     1.261491266419679E-11
1.124052248279526E-4      1.2587298706662906E-11
1.1257529370474738E-4     1.255968074629021E-11
1.1274536258154213E-4     1.2532058783078703E-11
1.1291543145833691E-4     1.2504432817028384E-11
1.1308550033513168E-4     1.2476802848139257E-11
1.1325556921192644E-4     1.2449168876411318E-11
1.134256380887212E-4      1.2421531417963884E-11
1.1359570696551597E-4     1.2393890960759913E-11
1.1376577584231072E-4     1.23662475047994E-11
1.1393584471910548E-4     1.2338601050082348E-11
1.1410591359590025E-4     1.2310951596608757E-11
1.1427598247269501E-4     1.2283299144378624E-11
1.1444605134948977E-4     1.2255644202694553E-11
1.1461612022628454E-4     1.2227987253418415E-11
1.147861891030793E-4      1.2200328296550212E-11
1.1495625797987405E-4     1.2172667332089942E-11
1.1512632685666883E-4     1.2145004360037609E-11
1.1529639573346359E-4     1.211733938039321E-11
1.1546646461025836E-4     1.2089672895960905E-11
1.156365334870531E-4      1.2062005382411593E-11
1.1580660236384786E-4     1.2034336839745276E-11
1.1597667124064261E-4     1.2006667267961953E-11
1.1614674011743738E-4     1.1978996667061625E-11
1.1631680899423213E-4     1.1951325037044294E-11
1.1648687787102691E-4     1.1923652874487602E-11
1.1665694674782166E-4     1.1895980648809817E-11
1.1682701562461643E-4     1.186830836001094E-11
1.1699708450141119E-4     1.184063600809097E-11
1.1716715337820595E-4     1.1812963593049908E-11
1.1733722225500072E-4     1.1785291114887755E-11
1.175072911317955E-4      1.1757619064160919E-11
1.1767736000859025E-4     1.1729947904015935E-11
1.17847428885385E-4       1.1702277634452801E-11
1.1801749776217977E-4     1.1674608255471518E-11
1.1818756663897452E-4     1.1646939767072088E-11
1.1835763551576929E-4     1.1619272169254507E-11
1.1852770439256405E-4     1.1591605946693559E-11
1.1869777326935883E-4     1.156394155629236E-11
1.1886784214615358E-4     1.1536278998050912E-11
1.1903791102294836E-4     1.1508618271969214E-11
1.192079798997431E-4      1.1480959378047268E-11
1.1937804877653787E-4     1.1453302316285071E-11
1.1954811765333263E-4     1.1425647565564794E-11
1.1971818653012741E-4     1.1397995576614375E-11
1.1988825540692216E-4     1.137034634943382E-11
1.2005832428371694E-4     1.1342699884023127E-11
1.2022839316051169E-4     1.1315056180382296E-11
1.2039846203730645E-4     1.1287415238511327E-11
1.2056853091410122E-4     1.1259777531558137E-11
1.20738599790896E-4       1.1232143504164424E-11
1.2090866866769075E-4     1.1204513156330189E-11
1.2107873754448552E-4     1.1176886488055431E-11
1.2124880642128027E-4     1.114926349934015E-11
1.2141887529807504E-4     1.1121644190184347E-11
1.215889441748698E-4      1.1094029028047958E-11
1.2175901305166458E-4     1.1066418451576544E-11
1.2192908192845933E-4     1.1038812460770101E-11
1.2209915080525408E-4     1.1011211055628633E-11
1.2226921968204886E-4     1.0983614236152137E-11
1.224392885588436E-4      1.0956022002340614E-11
1.2260935743563836E-4     1.0928434816009862E-11
1.2277942631243313E-4     1.0900853109889022E-11
1.2294949518922788E-4     1.0873276883978095E-11
1.2311956406602266E-4     1.0845706138277078E-11
1.232896329428174E-4      1.0818140872785972E-11
1.2345970181961216E-4     1.079058108750478E-11
1.236297706964069E-4      1.0763027238644235E-11
1.2379983957320172E-4     1.0735479753090661E-11
1.2396990844999647E-4     1.070793863084406E-11
1.2413997732679122E-4     1.0680403871904429E-11
1.2431004620358597E-4     1.065287547627177E-11
1.2448011508038075E-4     1.0625353443946086E-11
1.246501839571755E-4      1.0597838225562994E-11
1.2482025283397027E-4     1.0570330242242617E-11
1.2499032171076502E-4     1.054282949398495E-11
1.2516039058755977E-4     1.0515335980789996E-11
1.2533045946435455E-4     1.0487849702657754E-11
1.255005283411493E-4      1.0460370659588226E-11
1.2567059721794408E-4     1.0432899296660804E-11
1.2584066609473883E-4     1.0405436029312785E-11
1.2601073497153358E-4     1.0377980857544167E-11
1.2618080384832836E-4     1.0350533781354951E-11
1.2635087272512313E-4     1.0323094800745137E-11
1.2652094160191788E-4     1.0295663915714724E-11
1.2669101047871266E-4     1.0268241565794822E-11
1.268610793555074E-4      1.0240828160831166E-11
1.270311482323022E-4      1.0213423700823762E-11
1.2720121710909694E-4     1.0186028185772605E-11
1.2737128598589172E-4     1.01586416156777E-11
1.2754135486268647E-4     1.0131263990539042E-11
1.2771142373948125E-4     1.0103895744343452E-11
1.27881492616276E-4       1.0076537281438407E-11
1.2805156149307075E-4     1.0049188601823908E-11
1.282216303698655E-4      1.0021849705499953E-11
1.2839169924666027E-4     9.994520592466548E-12
1.2856176812345502E-4     9.967201262723685E-12
1.287318370002498E-4      9.939892144725907E-12
1.2890190587704455E-4     9.912593637403206E-12
1.290719747538393E-4      9.885305740755583E-12
1.2924204363063408E-4     9.858028454783037E-12
1.2941211250742886E-4     9.830761779485569E-12
1.295821813842236E-4      9.803505714863179E-12
1.2975225026101836E-4     9.776260683859755E-12
1.2992231913781313E-4     9.749027080051414E-12
1.3009238801460788E-4     9.721804903438155E-12
1.3026245689140266E-4     9.694594154019978E-12
1.304325257681974E-4      9.667394831796885E-12
1.3060259464499216E-4     9.640206936768873E-12
1.3077266352178694E-4     9.613030886391067E-12
1.3094273239858172E-4     9.585867068944484E-12
1.3111280127537647E-4     9.558715484429124E-12
1.3128287015217125E-4     9.531576132844984E-12
1.31452939028966E-4       9.504449014192066E-12
1.3162300790576077E-4     9.47733412847037E-12
1.3179307678255552E-4     9.450231887666663E-12
1.319631456593503E-4      9.42314267482568E-12
1.3213321453614505E-4     9.396066489947428E-12
1.3230328341293983E-4     9.369003333031902E-12
1.3247335228973458E-4     9.341953204079106E-12
1.3264342116652933E-4     9.314916103089036E-12
1.3281349004332408E-4     9.287892436601064E-12
1.3298355892011888E-4     9.26088258247758E-12
1.3315362779691363E-4     9.233886540718586E-12
1.3332369667370838E-4     9.20690431132408E-12
1.3349376555050313E-4     9.179935894294064E-12
1.336638344272979E-4      9.152981289628536E-12
1.3383390330409266E-4     9.126040898434033E-12
1.3400397218088744E-4     9.09911509344597E-12
1.341740410576822E-4      9.072203874664346E-12
1.3434410993447694E-4     9.045307242089162E-12
1.3451417881127172E-4     9.01842519572042E-12
1.3468424768806647E-4     8.991557735558117E-12
1.3485431656486125E-4     8.964705257284105E-12
1.35024385441656E-4       8.937868128568173E-12
1.3519445431845077E-4     8.91104634941032E-12
1.3536452319524555E-4     8.884239919810548E-12
1.355345920720403E-4      8.857448839768856E-12
1.3570466094883508E-4     8.830673109285247E-12
1.3587472982562983E-4     8.803913118623526E-12
1.360447987024246E-4      8.77716923044931E-12
1.3621486757921936E-4     8.7504414447626E-12
1.363849364560141E-4      8.723729761563393E-12
1.3655500533280886E-4     8.697034180851693E-12
1.367250742096036E-4      8.670354702627496E-12
1.3689514308639836E-4     8.643691711821615E-12
1.3706521196319314E-4     8.617045566112025E-12
1.3723528083998789E-4     8.590416265498726E-12
1.3740534971678266E-4     8.563803809981714E-12
1.375754185935774E-4      8.537208199560994E-12
1.3774548747037216E-4     8.510629434236563E-12
1.3791555634716691E-4     8.4840678937057E-12
1.3808562522396172E-4     8.457523930540527E-12
1.3825569410075647E-4     8.430997544741047E-12
1.3842576297755122E-4     8.404488736307256E-12
1.3859583185434597E-4     8.377997505239157E-12
1.3876590073114075E-4     8.351523851536748E-12
1.3893596960793552E-4     8.32506814951428E-12
1.391060384847303E-4      8.298630746934243E-12
1.3927610736152505E-4     8.27221164379664E-12
1.3944617623831983E-4     8.245810840101467E-12
1.3961624511511458E-4     8.219428335848728E-12
1.3978631399190936E-4     8.19306413103842E-12
1.3995638286870413E-4     8.166718594907282E-12
1.4012645174549888E-4     8.140392070072861E-12
1.4029652062229363E-4     8.114084556535159E-12
1.404665894990884E-4      8.087796054294176E-12
1.406366583758832E-4      8.061526563349913E-12
1.4080672725267794E-4     8.035276083702366E-12
1.409767961294727E-4      8.009044979090685E-12
1.4114686500626747E-4     7.982833587482693E-12
1.4131693388306222E-4     7.956641908878389E-12
1.41487002759857E-4       7.930469943277773E-12
1.4165707163665175E-4     7.904317690680849E-12
1.418271405134465E-4      7.87818515108761E-12
1.4199720939024125E-4     7.852072682908322E-12
1.4216727826703605E-4     7.825980619355513E-12
1.423373471438308E-4      7.799908960429183E-12
1.4250741602062555E-4     7.773857706129332E-12
1.426774848974203E-4      7.747826856455962E-12
1.4284755377421508E-4     7.721816411409073E-12
1.4301762265100983E-4     7.695826724049531E-12
1.431876915278046E-4      7.6698581229149E-12
1.4335776040459936E-4     7.64391060800517E-12
1.435278292813941E-4      7.617984179320349E-12
1.4369789815818888E-4     7.592078836860434E-12
1.4386796703498363E-4     7.566194580625425E-12
1.440380359117784E-4      7.540331758355005E-12
1.4420810478857316E-4     7.514490693930907E-12
1.443781736653679E-4      7.488671387353131E-12
1.445482425421627E-4      7.462873838621674E-12
1.4471831141895747E-4     7.43709804773654E-12
1.4488838029575222E-4     7.411344014697729E-12
1.45058449172547E-4       7.38561208203842E-12
1.4522851804934175E-4     7.359902568951254E-12
1.4539858692613652E-4     7.334215475436233E-12
1.4556865580293127E-4     7.308550801493354E-12
1.4573872467972605E-4     7.282908547122618E-12
1.459087935565208E-4      7.257288712324027E-12
1.4607886243331558E-4     7.231691634602514E-12
1.4624893131011033E-4     7.206117628312428E-12
1.4641900018690508E-4     7.180566693453769E-12
1.4658906906369983E-4     7.155038830026538E-12
1.467591379404946E-4      7.1295340380307334E-12
1.4692920681728936E-4     7.104052317466358E-12
1.4709927569408413E-4     7.078594000670802E-12
1.4726934457087888E-4     7.053159397347762E-12
1.4743941344767364E-4     7.027748507497241E-12
1.476094823244684E-4      7.002361331119238E-12
1.477795512012632E-4      6.976997868213755E-12
1.4794962007805794E-4     6.9516581187807885E-12
1.4811968895485272E-4     6.926342410443832E-12
1.4828975783164747E-4     6.901051047880125E-12
1.4845982670844225E-4     6.875784031089668E-12
1.48629895585237E-4       6.85054136007246E-12
1.4879996446203175E-4     6.825323034828504E-12
1.4897003333882652E-4     6.800129055357797E-12
1.491401022156213E-4      6.774959744437629E-12
1.4931017109241605E-4     6.749815401829248E-12
1.494802399692108E-4      6.724696027532653E-12
1.4965030884600555E-4     6.699601621547843E-12
1.4982037772280033E-4     6.674532183874822E-12
1.4999044659959508E-4     6.649487714513584E-12
1.5016051547638986E-4     6.624468531444185E-12
1.503305843531846E-4      6.5994749294925665E-12
1.5050065322997936E-4     6.574506908658726E-12
1.506707221067741E-4      6.549564468942665E-12
1.5084079098356886E-4     6.524647610344386E-12
1.510108598603636E-4      6.499756332863885E-12
1.511809287371584E-4      6.474890949524173E-12
1.5135099761395316E-4     6.450051750395244E-12
1.515210664907479E-4      6.425238735477101E-12
1.5169113536754272E-4     6.400451904769741E-12
1.5186120424433747E-4     6.375691258273168E-12
1.5203127312113225E-4     6.350956795987378E-12
1.5220134199792702E-4     6.3262488259847805E-12
1.5237141087472177E-4     6.301567633631662E-12
1.5254147975151652E-4     6.276913218928021E-12
1.5271154862831127E-4     6.25228558187386E-12
1.5288161750510602E-4     6.227684722469179E-12
1.5305168638190077E-4     6.203110640713977E-12
1.5322175525869555E-4     6.178563639758796E-12
1.533918241354903E-4      6.154044000288656E-12
1.5356189301228508E-4     6.12955172230356E-12
1.5373196188907983E-4     6.105086805803505E-12
1.5390203076587458E-4     6.080649250788494E-12
1.5407209964266936E-4     6.056239057258525E-12
1.5424216851946414E-4     6.0318565234832405E-12
1.5441223739625889E-4     6.007501925467693E-12
1.5458230627305366E-4     5.983175263211883E-12
1.5475237514984844E-4     5.95887653671581E-12
1.549224440266432E-4      5.934605745979476E-12
1.5509251290343797E-4     5.910362891002878E-12
1.5526258178023272E-4     5.88614826521914E-12
1.554326506570275E-4      5.861962139946937E-12
1.5560271953382225E-4     5.837804515186268E-12
1.5577278841061702E-4     5.813675390937134E-12
1.559428572874118E-4      5.789574767199536E-12
1.5611292616420655E-4     5.765502643973472E-12
1.5628299504100133E-4     5.741459309895428E-12
1.5645306391779608E-4     5.717445031593553E-12
1.5662313279459083E-4     5.693459809067847E-12
1.567932016713856E-4      5.669503642318311E-12
1.5696327054818036E-4     5.645576531344945E-12
1.571333394249751E-4      5.621678476147749E-12
1.5730340830176988E-4     5.5978097605921594E-12
1.5747347717856466E-4     5.57397064662282E-12
1.576435460553594E-4      5.550161134239731E-12
1.5781361493215416E-4     5.526381223442892E-12
1.5798368380894897E-4     5.502630914232305E-12
1.5815375268574372E-4     5.478910206607968E-12
1.583238215625385E-4      5.4552193796852175E-12
1.5849389043933325E-4     5.431558690735493E-12
1.58663959316128E-4       5.407928139758795E-12
1.5883402819292277E-4     5.384327726755124E-12
1.5900409706971752E-4     5.360757451724479E-12
1.5917416594651227E-4     5.337217314666861E-12
1.5934423482330705E-4     5.313707589975514E-12
1.595143037001018E-4      5.2902285302536225E-12
1.5968437257689655E-4     5.266780135501189E-12
1.5985444145369133E-4     5.243362405718212E-12
1.6002451033048608E-4     5.219975340904693E-12
1.6019457920728083E-4     5.19661894106063E-12
1.6036464808407558E-4     5.173293475891537E-12
1.6053471696087036E-4     5.149999193332614E-12
1.607047858376651E-4      5.12673609338386E-12
1.6087485471445986E-4     5.1035041760452774E-12
1.6104492359125464E-4     5.080303441316866E-12
1.6121499246804939E-4     5.057133889198624E-12
1.6138506134484416E-4     5.033995784744365E-12
1.6155513022163894E-4     5.0108893712196524E-12
1.617251990984337E-4      4.987814648624487E-12
1.6189526797522844E-4     4.96477161695887E-12
1.620653368520232E-4      4.9417602762228E-12
1.6223540572881797E-4     4.9187806264162775E-12
1.6240547460561272E-4     4.895832927971943E-12
1.625755434824075E-4      4.8729174194885456E-12
1.6274561235920225E-4     4.850034100966084E-12
1.6291568123599702E-4     4.8271829724045594E-12
1.630857501127918E-4      4.80436403380397E-12
1.6325581898958655E-4     4.781577285164318E-12
1.6342588786638133E-4     4.758822982312469E-12
1.6359595674317608E-4     4.736101359194691E-12
1.6376602561997083E-4     4.7134124158109875E-12
1.639360944967656E-4      4.690756152161356E-12
1.6410616337356036E-4     4.668132568245798E-12
1.642762322503551E-4      4.6455416640643134E-12
1.6444630112714989E-4     4.6229836908455456E-12
1.6461637000394464E-4     4.600458877902995E-12
1.647864388807394E-4      4.577967225236661E-12
1.6495650775753416E-4     4.555508732846544E-12
1.651265766343289E-4      4.533083400732645E-12
1.652966455111237E-4      4.510691228894963E-12
1.6546671438791847E-4     4.4883324639704286E-12
1.6563678326471322E-4     4.4660073306643026E-12
1.6580685214150797E-4     4.4437158289765835E-12
1.6597692101830275E-4     4.421457958907273E-12
1.6614698989509752E-4     4.399233720456371E-12
1.6631705877189227E-4     4.377043113623878E-12
1.6648712764868705E-4     4.354886380451804E-12
1.666571965254818E-4      4.332763741071846E-12
1.6682726540227658E-4     4.310675195484004E-12
1.6699733427907133E-4     4.288620743688276E-12
1.6716740315586608E-4     4.266600385684664E-12
1.6733747203266086E-4     4.2446141214731684E-12
1.6750754090945563E-4     4.222662188490853E-12
1.6767760978625038E-4     4.200744802333553E-12
1.6784767866304514E-4     4.178861963001269E-12
1.6801774753983989E-4     4.157013670494001E-12
1.6818781641663466E-4     4.13519992481175E-12
1.683578852934294E-4      4.113420725954514E-12
1.685279541702242E-4      4.091676306750947E-12
1.6869802304701894E-4     4.0699668782936705E-12
1.688680919238137E-4      4.0482924405826866E-12
1.6903816080060847E-4     4.026652993617995E-12
1.6920822967740322E-4     4.005048537399598E-12
1.69378298554198E-4       3.983479071927492E-12
1.6954836743099277E-4     3.961944825429947E-12
1.6971843630778755E-4     3.940446004521183E-12
1.698885051845823E-4      3.9189826092011995E-12
1.7005857406137708E-4     3.897554639469997E-12
1.7022864293817186E-4     3.876162095327576E-12
1.703987118149666E-4      3.8548049767739354E-12
1.7056878069176138E-4     3.833483507454138E-12
1.707388495685561E-4      3.8121978895203445E-12
1.7090891844535086E-4     3.790948122972557E-12
1.710789873221456E-4      3.7697342078107744E-12
1.7124905619894036E-4     3.748556144034997E-12
1.714191250757351E-4      3.727413931645225E-12
1.7158919395252989E-4     3.706307789722486E-12
1.7175926282932466E-4     3.685237915970494E-12
1.719293317061194E-4      3.66420431038925E-12
1.7209940058291416E-4     3.6432069729787556E-12
1.7226946945970894E-4     3.622245903739011E-12
1.7243953833650372E-4     3.601321102670014E-12
1.726096072132985E-4      3.580432784306286E-12
1.7277967609009325E-4     3.559581141916661E-12
1.72949744966888E-4       3.5387661755011407E-12
1.7311981384368277E-4     3.517987885059724E-12
1.7328988272047752E-4     3.4972462705924123E-12
1.7345995159727227E-4     3.4765413320992037E-12
1.7363002047406705E-4     3.4558732795863063E-12
1.738000893508618E-4      3.435242301899436E-12
1.7397015822765658E-4     3.414648399038595E-12
1.7414022710445133E-4     3.394091571003781E-12
1.7431029598124608E-4     3.373571817794995E-12
1.7448036485804086E-4     3.3530891394122377E-12
1.7465043373483563E-4     3.3326437413491492E-12
1.7482050261163039E-4     3.3122358080425895E-12
1.7499057148842514E-4     3.2918653394925585E-12
1.7516064036521989E-4     3.2715323356990558E-12
1.7533070924201466E-4     3.2512367966620822E-12
1.7550077811880941E-4     3.2309787223816366E-12
1.756708469956042E-4      3.210758313850111E-12
1.7584091587239894E-4     3.1905757511137057E-12
1.760109847491937E-4      3.1704310341724213E-12
1.7618105362598847E-4     3.1503241630262584E-12
1.7635112250278322E-4     3.1302551376752157E-12
1.76521191379578E-4       3.110223958119295E-12
1.7669126025637275E-4     3.09023082085956E-12
1.7686132913316755E-4     3.0702759015717657E-12
1.770313980099623E-4      3.0503592002559125E-12
1.7720146688675705E-4     3.0304807169120003E-12
1.7737153576355183E-4     3.01064045154003E-12
1.7754160464034658E-4     2.9908384041400003E-12
1.7771167351714136E-4     2.971074766729802E-12
1.778817423939361E-4      2.951349710637821E-12
1.7805181127073086E-4     2.931663235864059E-12
1.782218801475256E-4      2.9120153424085153E-12
1.7839194902432036E-4     2.89240603027119E-12
1.7856201790111514E-4     2.8728352994520827E-12
1.787320867779099E-4      2.853303337490666E-12
1.789021556547047E-4      2.8338103113939915E-12
1.7907222453149944E-4     2.8143562211620605E-12
1.7924229340829422E-4     2.794941066794873E-12
1.79412362285089E-4       2.7755648482924285E-12
1.7958243116188375E-4     2.7562275656547276E-12
1.7975250003867852E-4     2.7369294019468126E-12
1.7992256891547327E-4     2.717670519880509E-12
1.8009263779226802E-4     2.698450919455818E-12
1.8026270666906277E-4     2.67927060067274E-12
1.8043277554585752E-4     2.660129563531274E-12
1.806028444226523E-4      2.6410278080314205E-12
1.8077291329944705E-4     2.621965512773639E-12
1.8094298217624183E-4     2.6029428361957893E-12
1.8111305105303658E-4     2.5839597782978723E-12
1.8128311992983136E-4     2.565016339079887E-12
1.8145318880662613E-4     2.5461125185418344E-12
1.8162325768342089E-4     2.527248316683714E-12
1.8179332656021566E-4     2.508423907662845E-12
1.8196339543701044E-4     2.489639445654989E-12
1.821334643138052E-4      2.470894930660145E-12
1.8230353319059994E-4     2.4521903626783136E-12
1.824736020673947E-4      2.4335257417094943E-12
1.8264367094418947E-4     2.4149010677536874E-12
1.8281373982098422E-4     2.396316510556708E-12
1.82983808697779E-4       2.3777722200354235E-12
1.8315387757457375E-4     2.3592681961898345E-12
1.8332394645136852E-4     2.3408044390199408E-12
1.834940153281633E-4      2.322380948525742E-12
1.8366408420495805E-4     2.3039977247072396E-12
1.838341530817528E-4      2.285654932931319E-12
1.8400422195854755E-4     2.2673527188582716E-12
1.841742908353423E-4      2.249091082488097E-12
1.8434435971213705E-4     2.2308700238207944E-12
1.845144285889318E-4      2.2126895428563653E-12
1.8468449746572655E-4     2.1945496395948086E-12
1.8485456634252133E-4     2.176450475044063E-12
1.850246352193161E-4      2.158392190616761E-12
1.8519470409611086E-4     2.140374786312903E-12
1.8536477297290564E-4     2.1223982621324884E-12
1.8553484184970039E-4     2.104462618075518E-12
1.8570491072649516E-4     2.086567854141991E-12
1.8587497960328991E-4     2.0687141270214246E-12
1.8604504848008472E-4     2.0509015738634306E-12
1.8621511735687947E-4     2.0331301946680095E-12
1.8638518623367422E-4     2.015399989435161E-12
1.86555255110469E-4       1.9977109581648847E-12
1.8672532398726375E-4     1.9800631008571814E-12
1.8689539286405852E-4     1.9624565699795276E-12
1.870654617408533E-4      1.9448914984209105E-12
1.8723553061764805E-4     1.9273678861813304E-12
1.8740559949444283E-4     1.909885733260787E-12
1.8757566837123758E-4     1.8924450396592807E-12
1.8774573724803236E-4     1.875045805376811E-12
1.879158061248271E-4      1.857688178433491E-12
1.8808587500162188E-4     1.8403722875939297E-12
1.8825594387841663E-4     1.8230981328581257E-12
1.8842601275521139E-4     1.8058657142260802E-12
1.8859608163200614E-4     1.7886750316977929E-12
1.8876615050880089E-4     1.7715260852732637E-12
1.8893621938559564E-4     1.7544190186718261E-12
1.891062882623904E-4      1.7373539564816561E-12
1.8927635713918516E-4     1.7203308987027535E-12
1.8944642601597991E-4     1.7033498453351189E-12
1.896164948927747E-4      1.6864107963787523E-12
1.8978656376956944E-4     1.6695137518336532E-12
1.8995663264636422E-4     1.6526588511325753E-12
1.90126701523159E-4       1.6358462147093142E-12
1.9029677039995375E-4     1.6190758425638687E-12
1.904668392767485E-4      1.6023477346962396E-12
1.906369081535433E-4      1.5856618911064265E-12
1.9080697703033805E-4     1.5690183117944296E-12
1.909770459071328E-4      1.5524171319355802E-12
1.9114711478392758E-4     1.535858467826614E-12
1.9131718366072233E-4     1.519342319467531E-12
1.9148725253751708E-4     1.5028686868583309E-12
1.9165732141431186E-4     1.486437569999014E-12
1.918273902911066E-4      1.47004896888958E-12
1.9199745916790139E-4     1.4537030143755697E-12
1.9216752804469614E-4     1.4373998186959326E-12
1.923375969214909E-4      1.4211393818506688E-12
1.9250766579828566E-4     1.4049217038397783E-12
1.9267773467508041E-4     1.3887467846632611E-12
1.928478035518752E-4      1.3726146243211174E-12
1.9301787242866997E-4     1.3565253493235307E-12
1.9318794130546472E-4     1.3404790678502373E-12
1.9335801018225947E-4     1.324475779901238E-12
1.9352807905905422E-4     1.3085154854765324E-12
1.9369814793584902E-4     1.2925981845761206E-12
1.9386821681264377E-4     1.2767238772000026E-12
1.9403828568943855E-4     1.260892685633985E-12
1.942083545662333E-4      1.2451047140157484E-12
1.9437842344302805E-4     1.2293599623452929E-12
1.9454849231982283E-4     1.2136584306226182E-12
1.9471856119661758E-4     1.1980001188477247E-12
1.9488863007341233E-4     1.182385027020612E-12
1.9505869895020708E-4     1.1668132731152522E-12
1.9522876782700189E-4     1.1512849572655E-12
1.9539883670379664E-4     1.1358000794713554E-12
1.9556890558059139E-4     1.120358639732818E-12
1.9573897445738616E-4     1.1049606380498886E-12
1.959090433341809E-4      1.0896060744225663E-12
1.960791122109757E-4      1.0742950626745918E-12
1.9624918108777047E-4     1.0590276989671861E-12
1.964192499645652E-4      1.0438039833003492E-12
1.9658931884136E-4        1.0286239156740812E-12
1.9675938771815472E-4     1.0134874960883822E-12
1.969294565949495E-4      9.98394724543252E-13
1.9709952547174425E-4     9.833457103899113E-13
1.9726959434853905E-4     9.683405459672057E-13
1.9743966322533377E-4     9.533792312751354E-13
1.9760973210212855E-4     9.384617663137003E-13
1.977798009789233E-4      9.235881510829006E-13
1.9794986985571805E-4     9.087583855827363E-13
1.981199387325128E-4      8.939725750126947E-13
1.9829000760930758E-4     8.792308076679631E-13
1.9846007648610233E-4     8.645330835485416E-13
1.9863014536289708E-4     8.498794026544301E-13
1.9880021423969186E-4     8.35269764985629E-13
1.989702831164866E-4      8.207041705421379E-13
1.9914035199328139E-4     8.061827205385325E-13
1.9931042087007614E-4     7.917054993102784E-13
1.9948048974687091E-4     7.772725068573759E-13
1.9965055862366566E-4     7.628837431798248E-13
1.9982062750046041E-4     7.485392082776254E-13
1.999906963772552E-4      7.342389021507773E-13
2.0016076525404997E-4     7.199829217512441E-13
2.0033083413084472E-4     7.05771347500827E-13
2.0050090300763947E-4     6.916041793995259E-13
2.0067097188443422E-4     6.774814174473409E-13
2.00841040761229E-4       6.634030616442721E-13
2.0101110963802375E-4     6.493691119903193E-13
2.0118117851481853E-4     6.353796613751369E-13
2.013512473916133E-4      6.214347862238533E-13
2.0152131626840805E-4     6.075344865364684E-13
2.0169138514520283E-4     5.936787623129823E-13
2.0186145402199758E-4     5.79867613553395E-13
2.0203152289879236E-4     5.661010402577066E-13
2.0220159177558714E-4     5.523791312275754E-13
2.0237166065238189E-4     5.387019589461489E-13
2.0254172952917664E-4     5.25069523413427E-13
2.0271179840597139E-4     5.114818246294101E-13
2.028818672827662E-4      4.979388625940978E-13
2.0305193615956094E-4     4.844406373074903E-13
2.0322200503635572E-4     4.709872334679098E-13
2.033920739131505E-4      4.575787196632757E-13
2.0356214278994525E-4     4.44215095893588E-13
2.0373221166674E-4        4.308963621588468E-13
2.039022805435348E-4      4.1762251845905197E-13
2.0407234942032955E-4     4.043935647942036E-13
2.042424182971243E-4      3.912095817752469E-13
2.0441248717391905E-4     3.780706341242108E-13
2.045825560507138E-4      3.649767218410953E-13
2.0475262492750855E-4     3.5192784492590046E-13
2.049226938043033E-4      3.389240033786263E-13
2.0509276268109805E-4     3.2596519719927285E-13
2.0526283155789283E-4     3.1305150294224117E-13
2.054329004346876E-4      3.0018298147917633E-13
2.0560296931148236E-4     2.8735963281007853E-13
2.057730381882771E-4      2.7458145693494766E-13
2.0594310706507186E-4     2.6184845385378374E-13
2.0611317594186664E-4     2.4916062356658675E-13
2.0628324481866141E-4     2.365180386109318E-13
2.064533136954562E-4      2.2392075601337374E-13
2.0662338257225094E-4     2.113687757739125E-13
2.0679345144904572E-4     1.988620978925482E-13
2.0696352032584047E-4     1.864007223692808E-13
2.0713358920263525E-4     1.739846492041103E-13
2.0730365807943002E-4     1.616139469612081E-13
2.0747372695622477E-4     1.492886688215773E-13
2.0764379583301952E-4     1.3700881478521797E-13
2.0781386470981427E-4     1.2477438485213002E-13
2.0798393358660902E-4     1.1258537902231351E-13
2.0815400246340378E-4     1.0044179729576844E-13
2.0832407134019855E-4     8.83437043078008E-14
2.0849414021699333E-4     7.629114939034271E-14
2.0866420909378808E-4     6.42841325433942E-14
2.0883427797058283E-4     5.232265376695525E-14
2.0900434684737764E-4     4.040671306102587E-14
2.0917441572417239E-4     2.853631042560605E-14
2.0934448460096714E-4     1.671150660302957E-14
2.0951455347776189E-4     4.932347079626466E-15
2.0968462235455664E-4     -6.801168144603248E-15
2.098546912313514E-4      -1.8489039069659578E-14
2.1002476010814614E-4     -3.013126569554253E-14
2.101948289849409E-4      -4.172784802225208E-14
2.1036489786173566E-4     -5.327872918767817E-14
2.1053496673853044E-4     -6.478386752905481E-14
2.107050356153252E-4      -7.624326304638195E-14
2.1087510449211997E-4     -8.765691573965965E-14
2.1104517336891475E-4     -9.902482560888788E-14
2.1121524224570952E-4     -1.1034699265406662E-13
2.113853111225043E-4      -1.216233639000229E-13
2.1155537999929905E-4     -1.3285390146885455E-13
2.117254488760938E-4      -1.4403860536056154E-13
2.1189551775288855E-4     -1.551774755751439E-13
2.1206558662968333E-4     -1.6627051211260162E-13
2.1223565550647808E-4     -1.7731771497293468E-13
2.1240572438327286E-4     -1.8831903506932003E-13
2.1257579326006764E-4     -1.9927443827175126E-13
2.1274586213686239E-4     -2.1018392458022847E-13
2.1291593101365716E-4     -2.210474939947516E-13
2.130859998904519E-4      -2.3186514651532075E-13
2.132560687672467E-4      -2.4263688214193575E-13
2.1342613764404144E-4     -2.5336265565563177E-13
2.135962065208362E-4      -2.640424366540986E-13
2.1376627539763094E-4     -2.746762251373364E-13
2.1393634427442566E-4     -2.8526402110534503E-13
2.1410641315122044E-4     -2.9580582455812464E-13
2.142764820280152E-4      -3.063016354956751E-13
2.1444655090480997E-4     -3.1675141253065627E-13
2.1461661978160472E-4     -3.271551289772648E-13
2.147866886583995E-4      -3.375127848355008E-13
2.1495675753519428E-4     -3.4782438010536417E-13
2.1512682641198903E-4     -3.58089914786855E-13
2.152968952887838E-4      -3.683093888799732E-13
2.1546696416557855E-4     -3.784827647898213E-13
2.1563703304237333E-4     -3.886100195361526E-13
2.1580710191916808E-4     -3.9869115311896704E-13
2.1597717079596286E-4     -4.0872616553826476E-13
2.1614723967275764E-4     -4.1871505679404577E-13
2.1631730854955239E-4     -4.2865782688631003E-13
2.1648737742634714E-4     -4.385544419858825E-13
2.1665744630314191E-4     -4.484048827998679E-13
2.1682751517993666E-4     -4.58209149328266E-13
2.1699758405673141E-4     -4.679672415710769E-13
2.171676529335262E-4      -4.776791595283007E-13
2.1733772181032094E-4     -4.873449031999373E-13
2.1750779068711572E-4     -4.969644425115931E-13
2.1767785956391047E-4     -5.065377618309022E-13
2.1784792844070525E-4     -5.160648611578646E-13
2.180179973175E-4         -5.255457404924803E-13
2.1818806619429475E-4     -5.349803998347493E-13
2.1835813507108953E-4     -5.443688391846717E-13
2.185282039478843E-4      -5.53711032210929E-13
2.1869827282467905E-4     -5.630069669163224E-13
2.188683417014738E-4      -5.722566433008522E-13
2.1903841057826855E-4     -5.814600613645182E-13
2.1920847945506336E-4     -5.906172211073204E-13
2.193785483318581E-4      -5.997281225292589E-13
2.1954861720865289E-4     -6.087927430204696E-13
2.1971868608544764E-4     -6.178110741968097E-13
2.1988875496224239E-4     -6.267831160582795E-13
2.2005882383903716E-4     -6.357088686048789E-13
2.202288927158319E-4      -6.445883318366079E-13
2.2039896159262666E-4     -6.534215057534665E-13
2.2056903046942141E-4     -6.622083714361166E-13
2.2073909934621622E-4     -6.709489240966822E-13
2.2090916822301097E-4     -6.796431637351632E-13
2.2107923709980572E-4     -6.882910903515598E-13
2.212493059766005E-4      -6.968927039458718E-13
2.2141937485339525E-4     -7.054480045180992E-13
2.2158944373019002E-4     -7.139569768057225E-13
2.217595126069848E-4      -7.224196196043915E-13
2.2192958148377953E-4     -7.308359329141062E-13
2.2209965036057433E-4     -7.392059167348665E-13
2.2226971923736905E-4     -7.475295710666727E-13
2.2243978811416383E-4     -7.558068959095245E-13
2.2260985699095858E-4     -7.640378796260076E-13
2.2277992586775339E-4     -7.722225245831586E-13
2.2294999474454814E-4     -7.803608307809774E-13
2.2312006362134289E-4     -7.884527982194642E-13
2.2329013249813766E-4     -7.96498426898619E-13
2.2346020137493241E-4     -8.044977168184417E-13
2.236302702517272E-4      -8.12450659936868E-13
2.2380033912852194E-4     -8.203572621790279E-13
2.239704080053167E-4      -8.282175235449212E-13
2.2414047688211144E-4     -8.360314440345483E-13
2.243105457589062E-4      -8.43799023647909E-13
2.2448061463570097E-4     -8.515202623850034E-13
2.2465068351249572E-4     -8.591951557725833E-13
2.248207523892905E-4      -8.66823713276341E-13
2.2499082126608525E-4     -8.744059348962765E-13
2.2516089014288E-4        -8.819418206323901E-13
2.2533095901967475E-4     -8.894313704846813E-13
2.2550102789646953E-4     -8.968745844531507E-13
2.256710967732643E-4      -9.042714616121485E-13
2.2584116565005905E-4     -9.116220149449371E-13
2.260112345268538E-4      -9.189262444515165E-13
2.2618130340364855E-4     -9.261841501318866E-13
2.2635137228044333E-4     -9.333957319860476E-13
2.2652144115723808E-4     -9.405609900139993E-13
2.2669151003403286E-4     -9.476799268214592E-13
2.2686157891082766E-4     -9.547525588825308E-13
2.2703164778762241E-4     -9.617788861972147E-13
2.2720171666441716E-4     -9.687589087655103E-13
2.2737178554121194E-4     -9.756926265874181E-13
2.2754185441800672E-4     -9.825800396629378E-13
2.2771192329480147E-4     -9.894211541129422E-13
2.2788199217159625E-4     -9.962159898749378E-13
2.28052061048391E-4       -1.002964546948925E-12
2.2822212992518575E-4     -1.0096668253349036E-12
2.2839219880198052E-4     -1.0163228250328736E-12
2.2856226767877528E-4     -1.0229325460428354E-12
2.2873233655557005E-4     -1.0294959979803058E-12
2.2890240543236483E-4     -1.0360132042196902E-12
2.2907247430915958E-4     -1.0424841647609885E-12
2.2924254318595433E-4     -1.048908879604201E-12
2.294126120627491E-4      -1.0552873487493277E-12
2.2958268093954389E-4     -1.061619572196368E-12
2.2975274981633864E-4     -1.0679055630324984E-12
2.299228186931334E-4      -1.0741453480431443E-12
2.3009288756992816E-4     -1.0803389272283052E-12
2.3026295644672291E-4     -1.0864863005879813E-12
2.304330253235177E-4      -1.0925874681221728E-12
2.3060309420031244E-4     -1.0986424298308794E-12
2.3077316307710722E-4     -1.104651202251555E-12
2.3094323195390197E-4     -1.1106138155547578E-12
2.3111330083069672E-4     -1.116530269740488E-12
2.312833697074915E-4      -1.1224005648087454E-12
2.3145343858428622E-4     -1.12822470075953E-12
2.31623507461081E-4       -1.1340026775928418E-12
2.3179357633787575E-4     -1.1397345152763477E-12
2.3196364521467055E-4     -1.1454202473404864E-12
2.3213371409146528E-4     -1.1510598737852579E-12
2.3230378296826005E-4     -1.1566533946106623E-12
2.324738518450548E-4      -1.1622008098167E-12
2.3264392072184955E-4     -1.1677021194033703E-12
2.3281398959864433E-4     -1.1731573467452154E-12
2.329840584754391E-4      -1.1785665287098153E-12
2.3315412735223386E-4     -1.1839296652971698E-12
2.333241962290286E-4      -1.1892467565072792E-12
2.3349426510582336E-4     -1.1945178023401438E-12
2.3366433398261814E-4     -1.1997428027957631E-12
2.338344028594129E-4      -1.204921784625392E-12
2.3400447173620766E-4     -1.210054788014589E-12
2.3417454061300241E-4     -1.2151418129633549E-12
2.3434460948979716E-4     -1.2201828594716893E-12
2.3451467836659192E-4     -1.2251779275395928E-12
2.346847472433867E-4      -1.2301270171670647E-12
2.3485481612018147E-4     -1.2350301584493183E-12
2.3502488499697622E-4     -1.2398873948711403E-12
2.3519495387377097E-4     -1.2446987264325312E-12
2.3536502275056572E-4     -1.2494641531334906E-12
2.3553509162736053E-4     -1.2541836749740184E-12
2.3570516050415528E-4     -1.2588572919541152E-12
2.3587522938095005E-4     -1.2634850374863338E-12
2.360452982577448E-4      -1.2680669583317552E-12
2.3621536713453958E-4     -1.2726030544903796E-12
2.3638543601133433E-4     -1.2770933259622072E-12
2.3655550488812908E-4     -1.281537772747238E-12
2.3672557376492386E-4     -1.2859363948454715E-12
2.3689564264171864E-4     -1.2902892289699939E-12
2.370657115185134E-4      -1.2945963251296178E-12
2.3723578039530814E-4     -1.2988576833243433E-12
2.374058492721029E-4      -1.3030733035541702E-12
2.375759181488977E-4      -1.3072431858190985E-12
2.3774598702569244E-4     -1.3113673301191286E-12
2.3791605590248722E-4     -1.315445776458552E-12
2.3808612477928197E-4     -1.319478578059615E-12
2.3825619365607675E-4     -1.3234657349223176E-12
2.384262625328715E-4      -1.3274072470466596E-12
2.3859633140966625E-4     -1.3313031144326412E-12
2.3876640028646102E-4     -1.3351533370802623E-12
2.389364691632558E-4      -1.3389579582767593E-12
2.3910653804005055E-4     -1.3427170344209531E-12
2.392766069168453E-4      -1.3464305655128433E-12
2.3944667579364005E-4     -1.3500985515524304E-12
2.3961674467043486E-4     -1.3537209925397144E-12
2.397868135472296E-4      -1.3572978884746951E-12
2.3995688242402439E-4     -1.360829285911655E-12
2.4012695130081914E-4     -1.3643152443937003E-12
2.402970201776139E-4      -1.3677557639208305E-12
2.4046708905440866E-4     -1.371150844493046E-12
2.4063715793120341E-4     -1.3745004861103468E-12
2.408072268079982E-4      -1.3778046887727326E-12
2.4097729568479294E-4     -1.3810635022799365E-12
2.4114736456158772E-4     -1.3842769892895056E-12
2.4131743343838247E-4     -1.38744514980144E-12
2.4148750231517722E-4     -1.3905679838157396E-12
2.4165757119197197E-4     -1.393645491332405E-12
2.4182764006876672E-4     -1.3966776723514353E-12
2.419977089455615E-4      -1.39966457986368E-12
2.4216777782235627E-4     -1.4026062796595438E-12
2.4233784669915103E-4     -1.405502771739027E-12
2.425079155759458E-4      -1.4083540561021296E-12
2.4267798445274055E-4     -1.4111601327488522E-12
2.4284805332953533E-4     -1.4139210016791939E-12
2.4301812220633008E-4     -1.4166367189288334E-12
2.4318819108312486E-4     -1.4193073534264695E-12
2.4335825995991958E-4     -1.421932905172102E-12
2.4352832883671433E-4     -1.424513374165731E-12
2.436983977135091E-4      -1.427048760407357E-12
2.4386846659030386E-4     -1.4295390638969795E-12
2.4403853546709864E-4     -1.4319843438738863E-12
2.442086043438934E-4      -1.434384672271536E-12
2.4437867322068814E-4     -1.4367400490899287E-12
2.445487420974829E-4      -1.4390504743290645E-12
2.447188109742777E-4      -1.4413159479889432E-12
2.4488887985107244E-4     -1.4435364700695652E-12
2.4505894872786725E-4     -1.445712103056468E-12
2.45229017604662E-4       -1.4478429218359484E-12
2.4539908648145675E-4     -1.4499289264080064E-12
2.455691553582515E-4      -1.4519701167726425E-12
2.4573922423504625E-4     -1.4539664929298564E-12
2.45909293111841E-4       -1.4559180548796483E-12
2.4607936198863575E-4     -1.4578248682580017E-12
2.4624943086543055E-4     -1.4596870109128647E-12
2.4641949974222525E-4     -1.4615044828442369E-12
2.4658956861902005E-4     -1.4632772840521184E-12
2.467596374958148E-4      -1.4650054145365096E-12
2.4692970637260955E-4     -1.4666888742974099E-12
2.4709977524940436E-4     -1.468327732059471E-12
2.472698441261991E-4      -1.4699220686061427E-12
2.4743991300299386E-4     -1.4714718839374255E-12
2.476099818797886E-4      -1.4729771780533194E-12
2.4778005075658336E-4     -1.4744379509538244E-12
2.4795011963337816E-4     -1.4758542026389408E-12
2.481201885101729E-4      -1.477226004997767E-12
2.482902573869677E-4      -1.478553441649213E-12
2.4846032626376247E-4     -1.4798365125932796E-12
2.486303951405572E-4      -1.481075217829966E-12
2.48800464017352E-4       -1.4822695573592729E-12
2.489705328941468E-4      -1.4834195311811997E-12
2.491406017709416E-4      -1.4845252143937107E-12
2.4931067064773633E-4     -1.4855866933885787E-12
2.494807395245311E-4      -1.486603968165804E-12
2.4965080840132583E-4     -1.4875770387253862E-12
2.498208772781206E-4      -1.488505905067326E-12
2.4999094615491533E-4     -1.4893905671916227E-12
2.501610150317101E-4      -1.4902311032900863E-12
2.503310839085049E-4      -1.4910276025894358E-12
2.5050115278529964E-4     -1.49178006508967E-12
2.506712216620944E-4      -1.49248849079079E-12
2.508412905388892E-4      -1.4931528796927955E-12
2.5101135941568394E-4     -1.4937732317956864E-12
2.511814282924787E-4      -1.4943496282145561E-12
2.5135149716927344E-4     -1.4948821610148091E-12
2.515215660460682E-4      -1.4953708301964451E-12
2.51691634922863E-4       -1.4958156357594647E-12
2.5186170379965775E-4     -1.4962165777038675E-12
2.520317726764525E-4      -1.4965736560296538E-12
2.5220184155324725E-4     -1.4968869548629853E-12
2.5237191043004205E-4     -1.4971565690345472E-12
2.525419793068368E-4      -1.4973824985443397E-12
2.5271204818363155E-4     -1.4975647433923624E-12
2.528821170604263E-4      -1.497703303578616E-12
2.5305218593722105E-4     -1.4977981791030999E-12
2.532222548140158E-4      -1.4978494570073497E-12
2.533923236908106E-4      -1.497857234953814E-12
2.5356239256760536E-4     -1.497821512942492E-12
2.5373246144440016E-4     -1.4977422909733844E-12
2.539025303211949E-4      -1.4976195690464907E-12
2.5407259919798966E-4     -1.4974533471618112E-12
2.542426680747844E-4      -1.4972437151760318E-12
2.5441273695157916E-4     -1.4969907736140196E-12
2.545828058283739E-4      -1.496694522475775E-12
2.5475287470516866E-4     -1.4963549617612976E-12
2.549229435819634E-4      -1.495972091470588E-12
2.5509301245875817E-4     -1.4955459116036457E-12
2.552630813355529E-4      -1.495076514828874E-12
2.554331502123477E-4      -1.4945640044906934E-12
2.5560321908914247E-4     -1.4940083805891038E-12
2.557732879659372E-4      -1.4934096431241056E-12
2.55943356842732E-4       -1.4927677920956984E-12
2.561134257195268E-4      -1.4920828275038826E-12
2.562834945963215E-4      -1.4913548448541307E-12
2.564535634731163E-4      -1.4905839502451417E-12
2.56623632349911E-4       -1.489770143676916E-12
2.5679370122670583E-4     -1.488913425149453E-12
2.569637701035006E-4      -1.4880137946627536E-12
2.5713383898029533E-4     -1.487071252216817E-12
2.573039078570901E-4      -1.48608589615108E-12
2.574739767338849E-4      -1.4850578352738836E-12
2.5764404561067964E-4     -1.483987069585228E-12
2.578141144874744E-4      -1.4828735990851132E-12
2.5798418336426914E-4     -1.4817174237735393E-12
2.581542522410639E-4      -1.4805185436505063E-12
2.5832432111785864E-4     -1.4792770598715165E-12
2.5849438999465344E-4     -1.4779930839128158E-12
2.586644588714482E-4      -1.4766666157744048E-12
2.58834527748243E-4       -1.475297655456283E-12
2.5900459662503775E-4     -1.4738862029584514E-12
2.591746655018325E-4      -1.4724322582809089E-12
2.5934473437862725E-4     -1.4709359253717772E-12
2.5951480325542205E-4     -1.4693973183424003E-12
2.5968487213221675E-4     -1.4678164371927788E-12
2.5985494100901155E-4     -1.4661932819229126E-12
2.600250098858063E-4      -1.4645278525328016E-12
2.6019507876260105E-4     -1.462820149022446E-12
2.603651476393958E-4      -1.4610702780985074E-12
2.605352165161906E-4      -1.4592783564846358E-12
2.6070528539298536E-4     -1.457444384180832E-12
2.608753542697801E-4      -1.4555683611870956E-12
2.6104542314657486E-4     -1.4536502875034272E-12
2.612154920233696E-4      -1.451690163129826E-12
2.6138556090016436E-4     -1.4496880974922448E-12
2.615556297769591E-4      -1.4476442099093892E-12
2.6172569865375386E-4     -1.445558500381259E-12
2.6189576753054867E-4     -1.4434309689078546E-12
2.620658364073434E-4      -1.441261615489176E-12
2.6223590528413817E-4     -1.4390504401252231E-12
2.624059741609329E-4      -1.4367975549224461E-12
2.625760430377277E-4      -1.4345030817787285E-12
2.6274611191452247E-4     -1.4321670206940708E-12
2.629161807913172E-4      -1.4297893716684725E-12
2.63086249668112E-4       -1.427370134701934E-12
2.632563185449068E-4      -1.424909309794455E-12
2.634263874217016E-4      -1.4224070116964426E-12
2.6359645629849633E-4     -1.4198633648675463E-12
2.637665251752911E-4      -1.417278369307766E-12
2.6393659405208583E-4     -1.4146520250171018E-12
2.641066629288806E-4      -1.4119843319955542E-12
2.6427673180567533E-4     -1.4092752902431225E-12
2.644468006824701E-4      -1.4065250171212838E-12
2.646168695592649E-4      -1.403733639630905E-12
2.647869384360596E-4      -1.4009011577719862E-12
2.649570073128544E-4      -1.3980275715445274E-12
2.6512707618964914E-4     -1.395112880948529E-12
2.652971450664439E-4      -1.3921570859839905E-12
2.654672139432387E-4      -1.3891603065903348E-12
2.6563728282003344E-4     -1.3861226722890707E-12
2.658073516968282E-4      -1.3830441830801972E-12
2.6597742057362294E-4     -1.379924838963715E-12
2.661474894504177E-4      -1.3767646399396242E-12
2.663175583272125E-4      -1.3735635860079244E-12
2.6648762720400725E-4     -1.3703217996502442E-12
2.6665769608080205E-4     -1.3670394128895345E-12
2.668277649575968E-4      -1.3637164257257958E-12
2.6699783383439155E-4     -1.3603528381590277E-12
2.671679027111863E-4      -1.356948650189231E-12
2.6733797158798105E-4     -1.3535038618164045E-12
2.675080404647758E-4      -1.3500185980312384E-12
2.676781093415706E-4      -1.3464929933365555E-12
2.6784817821836536E-4     -1.3429270477323558E-12
2.6801824709516016E-4     -1.3393207612186395E-12
2.681883159719549E-4      -1.3356741337954063E-12
2.6835838484874966E-4     -1.3319871654626565E-12
2.685284537255444E-4      -1.328259983691004E-12
2.6869852260233917E-4     -1.3244927254388045E-12
2.688685914791339E-4      -1.3206853907060578E-12
2.6903866035592867E-4     -1.3168379794927642E-12
2.692087292327234E-4      -1.3129504917989233E-12
2.6937879810951817E-4     -1.3090229276245355E-12
2.695488669863129E-4      -1.3050554168928356E-12
2.697189358631077E-4      -1.3010480989918834E-12
2.6988900473990247E-4     -1.2970009739216788E-12
2.700590736166972E-4      -1.2929140416822218E-12
2.70229142493492E-4       -1.2887873022735122E-12
2.703992113702868E-4      -1.2846207556955506E-12
2.705692802470816E-4      -1.2804145342990039E-12
2.7073934912387633E-4     -1.2761687798730758E-12
2.7090941800067114E-4     -1.2718834924177663E-12
2.710794868774659E-4      -1.2675586719330752E-12
2.712495557542607E-4      -1.263194318419003E-12
2.7141962463105544E-4     -1.2587904318755493E-12
2.715896935078502E-4      -1.2543471470556203E-12
2.7175976238464494E-4     -1.2498646081202593E-12
2.719298312614397E-4      -1.245342815069467E-12
2.7209990013823444E-4     -1.2407817679032426E-12
2.722699690150292E-4      -1.2361814666215865E-12
2.7244003789182394E-4     -1.2315419112244985E-12
2.7261010676861875E-4     -1.226863238839975E-12
2.727801756454135E-4      -1.222145595973023E-12
2.7295024452220825E-4     -1.2173889826236422E-12
2.73120313399003E-4       -1.212593398791833E-12
2.7329038227579775E-4     -1.2077588444775955E-12
2.734604511525925E-4      -1.2028853196809292E-12
2.7363052002938725E-4     -1.1979729638778485E-12
2.7380058890618205E-4     -1.193021925889175E-12
2.7397065778297675E-4     -1.1880322057149083E-12
2.7414072665977155E-4     -1.1830038033550487E-12
2.743107955365663E-4      -1.1779367188095964E-12
2.7448086441336105E-4     -1.172830952078551E-12
2.7465093329015586E-4     -1.1676866449614378E-12
2.748210021669506E-4      -1.1625039485644066E-12
2.7499107104374536E-4     -1.1572828628874581E-12
2.751611399205401E-4      -1.1520233879305918E-12
2.7533120879733486E-4     -1.146725523693808E-12
2.7550127767412966E-4     -1.1413892701771067E-12
2.756713465509244E-4      -1.1360147714832588E-12
2.758414154277192E-4      -1.1306021809696067E-12
2.7601148430451397E-4     -1.12515149863615E-12
2.761815531813087E-4      -1.1196627244828892E-12
2.7635162205810347E-4     -1.114135858509824E-12
2.765216909348982E-4      -1.1085709007169545E-12
2.7669175981169297E-4     -1.102967997494281E-12
2.768618286884878E-4      -1.0973273044124328E-12
2.770318975652825E-4      -1.0916488214714097E-12
2.7720196644207733E-4     -1.0859325486712117E-12
2.773720353188721E-4      -1.0801784860118388E-12
2.7754210419566683E-4     -1.074386633493291E-12
2.777121730724616E-4      -1.0685571397813044E-12
2.778822419492564E-4      -1.0626901626174187E-12
2.7805231082605114E-4     -1.0567857020016338E-12
2.782223797028459E-4      -1.05084375793395E-12
2.783924485796407E-4      -1.0448643304143674E-12
2.7856251745643544E-4     -1.0388474194428858E-12
2.787325863332302E-4      -1.0327931759546144E-12
2.7890265521002494E-4     -1.0267017598144005E-12
2.790727240868197E-4      -1.020573171022244E-12
2.7924279296361444E-4     -1.0144074095781449E-12
2.794128618404092E-4      -1.0082044754821036E-12
2.7958293071720394E-4     -1.0019643687341194E-12
2.7975299959399875E-4     -9.956872425371894E-13
2.799230684707935E-4      -9.89373258827172E-13
2.800931373475883E-4      -9.83022417604067E-13
2.8026320622438305E-4     -9.766347188678746E-13
2.8043327510117786E-4     -9.70210162618595E-13
2.806033439779726E-4      -9.63748748856228E-13
2.8077341285476736E-4     -9.572506330545835E-13
2.809434817315621E-4      -9.507159791640893E-13
2.8111355060835686E-4     -9.441447871847454E-13
2.812836194851516E-4      -9.37537057116552E-13
2.8145368836194636E-4     -9.30892788959509E-13
2.816237572387411E-4      -9.242119827136162E-13
2.817938261155359E-4      -9.174947961301366E-13
2.8196389499233066E-4     -9.107413951138046E-13
2.821339638691254E-4      -9.039517796646197E-13
2.8230403274592016E-4     -8.971259497825826E-13
2.824741016227149E-4      -8.902639054676928E-13
2.8264417049950967E-4     -8.833656467199506E-13
2.828142391913719E-4      -8.764313411251685E-13
2.8298430788323417E-4     -8.694611490110734E-13
2.831543765750964E-4      -8.624550703776653E-13
2.833244452669586E-4      -8.554131052249442E-13
2.8349451395882084E-4     -8.483352535529102E-13
2.8366458265068306E-4     -8.412215153615633E-13
2.8383338426156093E-4     -8.341254526485698E-13
2.8400218587243875E-4     -8.269943619582047E-13
2.841709874833166E-4      -8.198282432904681E-13
2.8433978909419444E-4     -8.126270966453602E-13
2.8450859070507225E-4     -8.053909220228808E-13
2.846773923159501E-4      -7.9811971942303E-13
2.8484226869974994E-4     -7.909839409749262E-13
2.850071450835497E-4      -7.838150543970034E-13
2.851720214673495E-4      -7.766130596892617E-13
2.853368978511493E-4      -7.693779568517011E-13
2.855017742349491E-4      -7.621097458843218E-13
2.856666506187489E-4      -7.548084267871234E-13
2.8582628449681633E-4     -7.477078682424738E-13
2.859859183748838E-4      -7.40576559176846E-13
2.861455522529512E-4      -7.334144995902397E-13
2.8630518613101863E-4     -7.262216894826553E-13
2.864648200090861E-4      -7.189981288540925E-13
2.8662445388715353E-4     -7.117438177045515E-13
2.8677901195100846E-4     -7.046910067041808E-13
2.869335700148634E-4      -6.976096316864049E-13
2.870881280787183E-4      -6.904996926512239E-13
2.872426861425732E-4      -6.833611895986377E-13
2.8739724420642814E-4     -6.761941225286465E-13
2.8755180227028307E-4     -6.689984914412501E-13
2.8770144591355165E-4     -6.620045667344858E-13
2.878510895568202E-4      -6.549841059174938E-13
2.8800073320008876E-4     -6.479371089902741E-13
2.8815037684335734E-4     -6.408635759528268E-13
2.8830002048662587E-4     -6.33763506805152E-13
2.8844966412989445E-4     -6.266369015472495E-13
2.885945496144342E-4      -6.19711729664136E-13
2.88739435098974E-4       -6.12761902586531E-13
2.888843205835137E-4      -6.057874203144347E-13
2.8902920606805346E-4     -5.987882828478471E-13
2.891740915525932E-4      -5.917644901867683E-13
2.8931897703713294E-4     -5.84716042331198E-13
2.894592556562055E-4      -5.778683252342938E-13
2.895995342752781E-4      -5.709976976383787E-13
2.897398128943506E-4      -5.641041595434527E-13
2.898800915134232E-4      -5.571877109495158E-13
2.900203701324957E-4      -5.502483518565684E-13
2.901606487515683E-4      -5.432860822646099E-13
2.9029646698782384E-4     -5.365234567223231E-13
2.904322852240794E-4      -5.297395391469326E-13
2.9056810346033497E-4     -5.229343295384387E-13
2.907039216965905E-4      -5.16107827896841E-13
2.9083973993284604E-4     -5.092600342221399E-13
2.909755581691016E-4      -5.023909485143351E-13
2.9110705784754005E-4     -4.957200778069626E-13
2.9123855752597843E-4     -4.890294165631238E-13
2.913700572044168E-4      -4.82318964782819E-13
2.915015568828552E-4      -4.755887224660481E-13
2.9163305656129364E-4     -4.68838689612811E-13
2.9176455623973203E-4     -4.620688662231079E-13
2.918918746758003E-4      -4.554955247139497E-13
2.9201919311186853E-4     -4.489037857826596E-13
2.921465115479368E-4      -4.4229364942923777E-13
2.9227382998400504E-4     -4.356651156536842E-13
2.9240114842007324E-4     -4.2901818445599896E-13
2.925284668561415E-4      -4.2235285583618194E-13
2.926517369991221E-4      -4.158820069326409E-13
2.927750071421027E-4      -4.093940532964194E-13
2.928982772850833E-4      -4.0288899492751764E-13
2.930215474280639E-4      -3.963668318259355E-13
2.9314481757104446E-4     -3.898275639916731E-13
2.932680877140251E-4      -3.8327119142473024E-13
2.933874382858653E-4      -3.769070594245199E-13
2.935067888577056E-4      -3.7052702233036705E-13
2.936261394295458E-4      -3.641310801422717E-13
2.93745490001386E-4       -3.5771923286023396E-13
2.938648405732263E-4      -3.512914804842537E-13
2.9398419114506653E-4     -3.44847823014331E-13
2.940997467747933E-4      -3.3859395929104666E-13
2.942153024045201E-4      -3.3232530389721725E-13
2.943308580342469E-4      -3.260418568328427E-13
2.9444641366397365E-4     -3.197436180979231E-13
2.9456196929370047E-4     -3.134305876924584E-13
2.9467752492342723E-4     -3.0710276561644855E-13
2.9478940627728807E-4     -3.009621095833445E-13
2.949012876311489E-4      -2.948076954248126E-13
2.950131689850097E-4      -2.8863952314085286E-13
2.9512505033887053E-4     -2.8245759273146517E-13
2.9523693169273136E-4     -2.762619041966497E-13
2.953488130465922E-4      -2.700524575364063E-13
2.9545713695405807E-4     -2.640273927852835E-13
2.95565460861524E-4       -2.5798952945477283E-13
2.956737847689898E-4      -2.519388675448743E-13
2.957821086764557E-4      -2.4587540705558807E-13
2.958904325839216E-4      -2.3979914798691397E-13
2.9599875649138744E-4     -2.3371009033885213E-13
2.961036360671493E-4      -2.2780249634219893E-13
2.9620851564291114E-4     -2.2188299477199161E-13
2.96313395218673E-4       -2.1595158562823016E-13
2.964182747944348E-4      -2.1000826891091454E-13
2.9652315437019667E-4     -2.040530446200448E-13
2.966280339459585E-4      -1.9808591275562093E-13
2.967295787080446E-4      -1.9229721250307942E-13
2.968311234701307E-4      -1.8649743222152857E-13
2.9693266823221676E-4     -1.8068657191096842E-13
2.9703421299430286E-4     -1.74864631571399E-13
2.971357577563889E-4      -1.6903161120282029E-13
2.97237302518475E-4       -1.631875108052323E-13
2.9733561850261254E-4     -1.575187147152785E-13
2.9743393448675013E-4     -1.5183960741595837E-13
2.975322504708876E-4      -1.4615018890727194E-13
2.976305664550252E-4      -1.4045045918921915E-13
2.9772888243916274E-4     -1.3474041826180004E-13
2.9782719842330027E-4     -1.2902006612501463E-13
2.979223882936408E-4      -1.2347181260873875E-13
2.9801757816398135E-4     -1.1791396241988388E-13
2.9811276803432186E-4     -1.1234651555845012E-13
2.9820795790466237E-4     -1.0676947202443741E-13
2.9830314777500293E-4     -1.0118283181784578E-13
2.9839833764534345E-4     -9.55865949386752E-14
2.9849050080166744E-4     -9.015918788978709E-14
2.985826639579914E-4      -8.472284860221575E-14
2.9867482711431526E-4     -7.92775770759612E-14
2.9876699027063926E-4     -7.38233733110234E-14
2.988591534269632E-4      -6.836023730740238E-14
2.9895131658328714E-4     -6.288816906509812E-14
2.990405492601034E-4      -5.758161274908185E-14
2.991297819369197E-4      -5.226674271571662E-14
2.99219014613736E-4       -4.694355896500243E-14
2.9930824729055227E-4     -4.1612061496939286E-14
2.9939747996736855E-4     -3.6272250311527184E-14
2.994867126441848E-4      -3.0924125408766136E-14
2.9957226053682064E-4     -2.5789063444416698E-14
2.9965780842945656E-4     -2.0646417905222626E-14
2.997433563220924E-4      -1.549618879118392E-14
2.9982890421472824E-4     -1.0338376102300579E-14
2.999144521073641E-4      -5.1729798385726035E-15
3.0E-4                    0
