% Model:              PLacek_MembTVNJ_ArticleDims_Rh100um_hg10um_To2MHz_PHedit.mph
% Version:            COMSOL 6.3.0.335
% Date:               May 22 2025, 12:35
% Dimension:          1
% Nodes:              1801
% Expressions:        1
% Description:        Line graph
% Arc length (m)          imag(xi)
0                         -2.1766615219877776E-12
1.6835192320072636E-7     -2.17665215633325E-12
3.367038464014527E-7      -2.1766240622144547E-12
5.050557696021791E-7      -2.1765772396313912E-12
6.734076928029054E-7      -2.17651168858406E-12
8.417596160036319E-7      -2.1764274090724604E-12
1.0101115392043582E-6     -2.1763244010965934E-12
1.1801802473622774E-6     -2.176201323885186E-12
1.3502489555201964E-6     -2.1760591426522372E-12
1.5203176636781154E-6     -2.1758978573977464E-12
1.6903863718360344E-6     -2.1757174681217142E-12
1.8604550799939534E-6     -2.17551797482414E-12
2.0305237881518723E-6     -2.1752993775050243E-12
2.200592664946635E-6      -2.1750616802643983E-12
2.370661541741397E-6      -2.174804895599847E-12
2.5407304185361593E-6     -2.174529023511371E-12
2.710799295330922E-6      -2.17423406399897E-12
2.880868172125684E-6      -2.173920017062644E-12
3.0509370489204466E-6     -2.1735868827023937E-12
3.2210059257152087E-6     -2.1732346711105094E-12
3.3910748025099717E-6     -2.172863396565358E-12
3.5611436793047335E-6     -2.172473059066939E-12
3.731212556099496E-6      -2.172063658615252E-12
3.901281432894258E-6      -2.1716351952102978E-12
4.07135030968902E-6       -2.1711876688520763E-12
4.2414191864837825E-6     -2.1707210930012395E-12
4.411488063278545E-6      -2.170235486184138E-12
4.581556940073307E-6      -2.1697308484007715E-12
4.751625816868069E-6      -2.1692071796511402E-12
4.921694693662831E-6      -2.168664479935245E-12
5.091763570457593E-6      -2.1681027492530846E-12
5.261832447252356E-6      -2.167522005647584E-12
5.4319013240471185E-6     -2.166922271149087E-12
5.601970200841881E-6      -2.1663035457575928E-12
5.772039077636643E-6      -2.1656658294731024E-12
5.942107954431407E-6      -2.1650091222956156E-12
6.112176831226169E-6      -2.1643334242251324E-12
6.282245708020931E-6      -2.16363875762134E-12
6.452314584815693E-6      -2.1629251482770268E-12
6.622383461610455E-6      -2.1621925961921924E-12
6.7924523384052175E-6     -2.161441101366837E-12
6.96252121519998E-6       -2.160670663800961E-12
7.132590091994742E-6      -2.1598812834945643E-12
7.302658968789505E-6      -2.159072986977518E-12
7.472727845584267E-6      -2.1582458038252144E-12
7.642796722379028E-6      -2.157399734037654E-12
7.812865599173792E-6      -2.156534777614837E-12
7.982934475968554E-6      -2.155650934556763E-12
8.153003352763316E-6      -2.154748204863432E-12
8.323072229558079E-6      -2.1538266191957225E-12
8.493141106352842E-6      -2.15288621093907E-12
8.663209983147605E-6      -2.1519269800934745E-12
8.833278859942367E-6      -2.1509489266589358E-12
9.003347736737129E-6      -2.149952050635454E-12
9.173416613531891E-6      -2.1489363520230288E-12
9.343485490326653E-6      -2.1479018656258417E-12
9.513554367121415E-6      -2.146848628632399E-12
9.683623243916178E-6      -2.145776641042702E-12
9.853692120710938E-6      -2.1446859028567497E-12
1.00237609975057E-5       -2.143576414074543E-12
1.0193829874300462E-5     -2.1424481746960816E-12
1.0363898751095225E-5     -2.1413012236313013E-12
1.0533967627889988E-5     -2.1401356018769105E-12
1.070403650468475E-5      -2.1389513094329082E-12
1.0874105381479513E-5     -2.137748346299296E-12
1.1044174258274277E-5     -2.136526712476073E-12
1.1214243135069039E-5     -2.1352864079632385E-12
1.1384312011863803E-5     -2.134027475711418E-12
1.1554380888658565E-5     -2.1327499605378147E-12
1.1724449765453327E-5     -2.1314538624424297E-12
1.1894518642248089E-5     -2.1301391814252623E-12
1.2064587519042851E-5     -2.128805917486313E-12
1.2234656395837613E-5     -2.127454070625582E-12
1.2404725272632376E-5     -2.126083687772929E-12
1.257479414942714E-5      -2.1246948175758446E-12
1.27448630262219E-5       -2.123287460034329E-12
1.2914931903016664E-5     -2.121861615148382E-12
1.3085000779811424E-5     -2.1204172829180047E-12
1.3255069656606186E-5     -2.1189544633431952E-12
1.3425138533400948E-5     -2.117473207282563E-12
1.3595207410195712E-5     -2.1159735672169643E-12
1.3765276286990473E-5     -2.114455543146399E-12
1.3935345163785237E-5     -2.1129191350708676E-12
1.4105414040579997E-5     -2.11136434299037E-12
1.427548291737476E-5      -2.1097911669049063E-12
1.4445551794169521E-5     -2.108199661550183E-12
1.4615620670964285E-5     -2.10658988324255E-12
1.4785689547759046E-5     -2.104961831982008E-12
1.495575842455381E-5      -2.103315507768556E-12
1.5125827301348572E-5     -2.101650910602196E-12
1.5295896178143334E-5     -2.099968040482926E-12
1.5465965054938098E-5     -2.0982669559664594E-12
1.5636033931732858E-5     -2.09654771720521E-12
1.580610280852762E-5      -2.094810324199177E-12
1.5976171685322383E-5     -2.0930547769483607E-12
1.6146240562117146E-5     -2.0912810754527616E-12
1.6316309438911907E-5     -2.0894892197123786E-12
1.648637831570667E-5      -2.087679272045818E-12
1.665644719250143E-5      -2.0858512964353084E-12
1.6826516069296195E-5     -2.084005292880849E-12
1.6996584946090956E-5     -2.0821412613824404E-12
1.716665382288572E-5      -2.080259201940082E-12
1.733672269968048E-5      -2.0783591145537747E-12
1.7506791576475244E-5     -2.0764410652586924E-12
1.7676860453270008E-5     -2.0745051218483577E-12
1.7846929330064768E-5     -2.0725512843227706E-12
1.8016998206859532E-5     -2.0705795526819316E-12
1.8187067083654292E-5     -2.0685899269258406E-12
1.8357135960449056E-5     -2.0665824070544976E-12
1.852720483724382E-5      -2.0645570627573983E-12
1.8697273714038584E-5     -2.062513965616095E-12
1.8867342590833344E-5     -2.0604531156305866E-12
1.9037411467628108E-5     -2.058374512800875E-12
1.9207480344422872E-5     -2.056278157126959E-12
1.9377549221217633E-5     -2.0541640486088386E-12
1.9547618098012396E-5     -2.0520322605793567E-12
1.9717686974807157E-5     -2.049882868357369E-12
1.9887755851601917E-5     -2.047715871942875E-12
2.005782472839668E-5      -2.045531271335875E-12
2.0227893605191438E-5     -2.043329066536369E-12
2.0397962481986202E-5     -2.0411092575443565E-12
2.0568031358780966E-5     -2.0388719213149234E-12
2.073810023557573E-5      -2.0366171368520545E-12
2.090816911237049E-5      -2.034344904155749E-12
2.1078237989165254E-5     -2.032055223226007E-12
2.1248306865960018E-5     -2.0297480940628296E-12
2.141837574275478E-5      -2.0274235166662158E-12
2.1588444619549542E-5     -2.025081571595619E-12
2.1758513496344303E-5     -2.022722341483338E-12
2.1928582373139063E-5     -2.0203458263293733E-12
2.2098651249933827E-5     -2.0179520261337252E-12
2.2268720126728584E-5     -2.015540940896393E-12
2.2438789003523348E-5     -2.013112570617377E-12
2.2608857880318112E-5     -2.0106669994384092E-12
2.2778926757112876E-5     -2.008204313562458E-12
2.2948995633907636E-5     -2.005724512989524E-12
2.3119064510702397E-5     -2.003227597719607E-12
2.3289133387497164E-5     -2.0007135677527062E-12
2.3459202264291924E-5     -1.9981824230888227E-12
2.3629271141086688E-5     -1.995634251418453E-12
2.379934001788145E-5      -1.9930691424578375E-12
2.396940889467621E-5      -1.990487096206977E-12
2.4139477771470973E-5     -1.987888112665871E-12
2.4309546648265737E-5     -1.9852721918345202E-12
2.4479615525060497E-5     -1.982639333712924E-12
2.464968440185526E-5      -1.9799896295063323E-12
2.481975327865002E-5      -1.977323172388982E-12
2.4989822155444785E-5     -1.9746399623608734E-12
2.515989103223955E-5      -1.971939999422007E-12
2.532995990903431E-5      -1.9692232835723823E-12
2.5500028785829074E-5     -1.9664898148119996E-12
2.5670097662623834E-5     -1.963739687818668E-12
2.5840166539418598E-5     -1.960972999171557E-12
2.6010235416213362E-5     -1.9581897488706666E-12
2.6180304293008122E-5     -1.9553899369159965E-12
2.6350373169802883E-5     -1.9525735633075473E-12
2.6520442046597647E-5     -1.949740628045318E-12
2.669051092339241E-5      -1.946891229233319E-12
2.686057980018717E-5      -1.944025466801121E-12
2.703064867698193E-5      -1.9411433407487242E-12
2.7200717553776692E-5     -1.938244851076128E-12
2.7370786430571456E-5     -1.935329997783333E-12
2.7540855307366216E-5     -1.9323987808703383E-12
2.771092418416098E-5      -1.9294513018257827E-12
2.7880993060955744E-5     -1.926487663873454E-12
2.8051061937750504E-5     -1.923507867013352E-12
2.8221130814545265E-5     -1.920511911245477E-12
2.839119969134003E-5      -1.917499796569829E-12
2.8561268568134793E-5     -1.914471522986408E-12
2.8731337444929556E-5     -1.911427195318298E-12
2.890140632172432E-5      -1.9083669200262257E-12
2.907147519851908E-5      -1.905290697110191E-12
2.9241544075313845E-5     -1.902198526570195E-12
2.9411612952108605E-5     -1.899090408406237E-12
2.958168182890337E-5      -1.895966342618317E-12
2.975175070569813E-5      -1.8928264373168636E-12
2.9921819582492897E-5     -1.8896708021402398E-12
3.0091888459287654E-5     -1.886499437088446E-12
3.0261957336082418E-5     -1.8833123421614815E-12
3.0432026212877178E-5     -1.880109517359347E-12
3.060209508967194E-5      -1.876890962682042E-12
3.07721639664667E-5       -1.8736567894823703E-12
3.0942232843261466E-5     -1.8704071105171684E-12
3.111230172005623E-5      -1.8671419257864363E-12
3.1282370596850994E-5     -1.863861235290174E-12
3.145243947364575E-5      -1.8605650390283818E-12
3.1622508350440515E-5     -1.8572533370010593E-12
3.179257722723528E-5      -1.8539262437287833E-12
3.196264610403004E-5      -1.8505838750256214E-12
3.21327149808248E-5       -1.8472262308915736E-12
3.2302783857619563E-5     -1.8438533113266394E-12
3.247285273441433E-5      -1.8404651163308198E-12
3.264292161120909E-5      -1.8370616459041142E-12
3.2812990488003855E-5     -1.8336430176946247E-12
3.298305936479862E-5      -1.8302093505077303E-12
3.315312824159338E-5      -1.82676064434343E-12
3.332319711838814E-5      -1.823296899201725E-12
3.3493265995182904E-5     -1.8198181150826145E-12
3.366333487197767E-5      -1.816324291986099E-12
3.383340374877243E-5      -1.8128155506271673E-12
3.400347262556719E-5      -1.809292012735933E-12
3.417354150236195E-5      -1.8057536783123965E-12
3.434361037915671E-5      -1.8022005473565574E-12
3.4513679255951466E-5     -1.798632619868417E-12
3.468374813274623E-5      -1.7950498958479736E-12
3.4853817009540994E-5     -1.7914524990246335E-12
3.502388588633576E-5      -1.7878405539842112E-12
3.519395476313052E-5      -1.7842140607267072E-12
3.5364023639925286E-5     -1.7805730192521207E-12
3.553409251672005E-5      -1.7769174295604523E-12
3.5704161393514813E-5     -1.7732472916517019E-12
3.587423027030958E-5      -1.769562732206741E-12
3.604429914710434E-5      -1.7658638785975187E-12
3.6214368023899105E-5     -1.762150730824036E-12
3.638443690069387E-5      -1.7584232888862927E-12
3.655450577748863E-5      -1.754681552784289E-12
3.672457465428339E-5      -1.7509255225180243E-12
3.6894643531078154E-5     -1.747155327660869E-12
3.706471240787292E-5      -1.743371098299294E-12
3.7234781284667675E-5     -1.7395728344332996E-12
3.740485016146244E-5      -1.7357605360628853E-12
3.7574919038257195E-5     -1.7319342031880519E-12
3.774498791505196E-5      -1.728093835808799E-12
3.791505679184672E-5      -1.7242395663312905E-12
3.808512566864148E-5      -1.7203715274852498E-12
3.8255194545436244E-5     -1.716489719270677E-12
3.842526342223101E-5      -1.7125941416875722E-12
3.8595332299025765E-5     -1.7086847947359356E-12
3.876540117582053E-5      -1.7047616784157669E-12
3.893547005261529E-5      -1.7008249278971601E-12
3.910553892941006E-5      -1.696874678482094E-12
3.927560780620482E-5      -1.6929109301705685E-12
3.9445676682999584E-5     -1.6889336829625834E-12
3.961574555979435E-5      -1.6849429368581393E-12
3.978581443658911E-5      -1.6809386918572356E-12
3.995588331338387E-5      -1.6769210858187771E-12
4.012595219017863E-5      -1.6728902565438112E-12
4.02960210669734E-5       -1.668846204032337E-12
4.0466089943768154E-5     -1.6647889282843548E-12
4.063615882056292E-5      -1.660718429299865E-12
4.0806227697357675E-5     -1.6566347070788674E-12
4.097629657415244E-5      -1.6525379020929587E-12
4.11463654509472E-5       -1.6484281545669175E-12
4.1316434327741966E-5     -1.6443054645007434E-12
4.148650320453673E-5      -1.6401698318944363E-12
4.165657208133149E-5      -1.6360212567479965E-12
4.182664095812625E-5      -1.6318597390614239E-12
4.1996709834921015E-5     -1.6276854218463296E-12
4.216677871171578E-5      -1.62349844767226E-12
4.233684758851054E-5      -1.619298816539215E-12
4.2506916465305307E-5     -1.615086528447194E-12
4.267698534210007E-5      -1.6108615833961978E-12
4.2847054218894834E-5     -1.606623981386226E-12
4.30171230956896E-5       -1.602373867901365E-12
4.3187191972484355E-5     -1.5981113877725808E-12
4.335726084927912E-5      -1.5938365409998733E-12
4.3527329726073876E-5     -1.5895493275832427E-12
4.369739860286864E-5      -1.585249747522689E-12
4.38674674796634E-5       -1.5809378008182122E-12
4.403753635645816E-5      -1.5766136353578554E-12
4.4207605233252925E-5     -1.5722773981497276E-12
4.437767411004769E-5      -1.5679290891938284E-12
4.454774298684245E-5      -1.5635687084901582E-12
4.471781186363721E-5      -1.5591962560387169E-12
4.4887880740431973E-5     -1.5548117318395044E-12
4.505794961722674E-5      -1.5504152861045638E-12
4.52280184940215E-5       -1.5460070679354548E-12
4.539808737081626E-5      -1.5415870773321776E-12
4.556815624761102E-5      -1.537155314294732E-12
4.5738225124405786E-5     -1.5327117788231182E-12
4.590829400120055E-5      -1.528256470917336E-12
4.6078362877995314E-5     -1.5237895430459427E-12
4.624843175479008E-5      -1.5193111463074748E-12
4.641850063158484E-5      -1.5148212807019322E-12
4.65885695083796E-5       -1.5103199462293149E-12
4.675863838517436E-5      -1.5058071428896233E-12
4.6928707261969126E-5     -1.501282870682857E-12
4.709877613876389E-5      -1.496747284297284E-12
4.7268845015558654E-5     -1.4922005367731174E-12
4.743891389235341E-5      -1.4876426281103574E-12
4.7608982769148175E-5     -1.4830735583090039E-12
4.777905164594294E-5      -1.4784933273690574E-12
4.79491205227377E-5       -1.4739019352905173E-12
4.8119189399532466E-5     -1.4692995387776565E-12
4.828925827632723E-5      -1.4646862927162762E-12
4.845932715312199E-5      -1.4600621971063762E-12
4.8629396029916744E-5     -1.4554272519479566E-12
4.8799464906711515E-5     -1.4507814572410175E-12
4.896953378350627E-5      -1.4461248129855587E-12
4.9139602660301036E-5     -1.4414574779004193E-12
4.93096715370958E-5       -1.4367796086106705E-12
4.947974041389056E-5      -1.4320912051163117E-12
4.9649809290685314E-5     -1.4273922674173433E-12
4.981987816748008E-5      -1.422682795513765E-12
4.998994704427484E-5      -1.4179627894055775E-12
5.0160015921069605E-5     -1.4132324097316206E-12
5.033008479786437E-5      -1.408491814766954E-12
5.050015367465913E-5      -1.4037410045115776E-12
5.067022255145389E-5      -1.3989799789654915E-12
5.0840291428248654E-5     -1.3942087381286959E-12
5.101036030504342E-5      -1.3894272820011906E-12
5.1180429181838175E-5     -1.3846357730587867E-12
5.135049805863294E-5      -1.3798343711336703E-12
5.15205669354277E-5       -1.3750230762258418E-12
5.169063581222245E-5      -1.3702018883353008E-12
5.1860704689017224E-5     -1.365370807462048E-12
5.203077356581198E-5      -1.3605298336060826E-12
5.2200842442606745E-5     -1.3556791309859376E-12
5.237091131940151E-5      -1.350818860898614E-12
5.254098019619627E-5      -1.3459490233441116E-12
5.2711049072991036E-5     -1.3410696183224309E-12
5.28811179497858E-5       -1.3361806458335717E-12
5.3051186826580564E-5     -1.331282105877534E-12
5.322125570337533E-5      -1.3263741643192748E-12
5.339132458017009E-5      -1.321456983825773E-12
5.3561393456964855E-5     -1.3165305643970286E-12
5.373146233375962E-5      -1.3115949060330415E-12
5.390153121055438E-5      -1.306650008733812E-12
5.407160008734914E-5      -1.3016958724993397E-12
5.4241668964143904E-5     -1.2967326647483906E-12
5.441173784093867E-5      -1.2917605494181338E-12
5.4581806717733425E-5     -1.2867795265085697E-12
5.475187559452819E-5      -1.2817895960196983E-12
5.492194447132294E-5      -1.2767907579515195E-12
5.50920133481177E-5       -1.2717830123040335E-12
5.526208222491247E-5      -1.2667665279625274E-12
5.543215110170724E-5      -1.2617414700249065E-12
5.5602219978501995E-5     -1.2567078384911708E-12
5.577228885529676E-5      -1.2516656333613201E-12
5.594235773209153E-5      -1.2466148546353546E-12
5.611242660888629E-5      -1.241555502313274E-12
5.628249548568105E-5      -1.2364877466729736E-12
5.6452564362475814E-5     -1.2314117538499372E-12
5.662263323927058E-5      -1.2263275238441648E-12
5.679270211606533E-5      -1.2212350566556563E-12
5.69627709928601E-5       -1.216134352284412E-12
5.7132839869654856E-5     -1.2110254107304318E-12
5.730290874644962E-5      -1.2059084036082555E-12
5.747297762324438E-5      -1.2007834979531293E-12
5.764304650003915E-5      -1.1956506937650535E-12
5.781311537683391E-5      -1.1905099910440278E-12
5.7983184253628675E-5     -1.1853613897900525E-12
5.815325313042344E-5      -1.1802048900031274E-12
5.83233220072182E-5       -1.1750406645917643E-12
5.8493390884012966E-5     -1.1698688813379391E-12
5.866345976080773E-5      -1.1646895402416519E-12
5.8833528637602494E-5     -1.1595026413029027E-12
5.900359751439725E-5      -1.1543081845216915E-12
5.9173666391192015E-5     -1.1491061698980184E-12
5.934373526798678E-5      -1.1438967715841602E-12
5.951380414478154E-5      -1.1386801579520415E-12
5.96838730215763E-5       -1.133456329001662E-12
5.9853941898371064E-5     -1.1282252847330217E-12
6.0024010775165814E-5     -1.1229870251461213E-12
6.019407965196058E-5      -1.1177415502409601E-12
6.036414852875534E-5      -1.1124890353368357E-12
6.0534217405550106E-5     -1.1072296492441172E-12
6.070428628234486E-5      -1.101963391962805E-12
6.087435515913962E-5      -1.0966902634928989E-12
6.104442403593438E-5      -1.0914102638343989E-12
6.121449291272915E-5      -1.0861233929873051E-12
6.138456178952391E-5      -1.080829827338838E-12
6.155463066631868E-5      -1.0755297359818407E-12
6.172469954311344E-5      -1.0702231189163128E-12
6.18947684199082E-5       -1.0649099761422546E-12
6.206483729670297E-5      -1.0595903076596661E-12
6.223490617349773E-5      -1.054264113468547E-12
6.24049750502925E-5       -1.0489315709185303E-12
6.257504392708726E-5      -1.0435928492409606E-12
6.274511280388202E-5      -1.0382479484358384E-12
6.291518168067679E-5      -1.0328968685031633E-12
6.308525055747155E-5      -1.0275396094429356E-12
6.325531943426631E-5      -1.0221761712551553E-12
6.342538831106108E-5      -1.0168067321456043E-12
6.359545718785583E-5      -1.0114314613601767E-12
6.376552606465059E-5      -1.0060503588988724E-12
6.393559494144536E-5      -1.0006634247616915E-12
6.41056638182401E-5       -9.952706589486342E-13
6.427573269503487E-5      -9.898720614597E-13
6.444580157182963E-5      -9.844678112325298E-13
6.461587044862441E-5      -9.790580774153732E-13
6.478593932541916E-5      -9.736428600082306E-13
6.495600820221393E-5      -9.682221590111017E-13
6.512607707900869E-5      -9.627959744239866E-13
6.529614595580345E-5      -9.573643062468853E-13
6.546621483259822E-5      -9.519273340170755E-13
6.5636283709393E-5        -9.46485226667289E-13
6.580635258618774E-5      -9.410379841975253E-13
6.597642146298251E-5      -9.355856066077844E-13
6.614649033977727E-5      -9.301280938980669E-13
6.631655921657204E-5      -9.246654460683721E-13
6.64866280933668E-5       -9.191978431285393E-13
6.665669697016156E-5      -9.137254536654176E-13
6.682676584695633E-5      -9.082482776790071E-13
6.699683472375108E-5      -9.027663151693077E-13
6.716690360054584E-5      -8.972795661363196E-13
6.73369724773406E-5       -8.917880305800427E-13
6.750704135413537E-5      -8.862918888584933E-13
6.767711023093013E-5      -8.807913090707715E-13
6.784717910772488E-5      -8.752862912168776E-13
6.801724798451965E-5      -8.697768352968116E-13
6.818731686131441E-5      -8.642629413105736E-13
6.835738573810918E-5      -8.587446092581632E-13
6.852745461490394E-5      -8.532220197274323E-13
6.86975234916987E-5       -8.476953401704915E-13
6.886759236849347E-5      -8.421645705873412E-13
6.903766124528822E-5      -8.366297109779814E-13
6.920773012208298E-5      -8.310907613424121E-13
6.937779899887774E-5      -8.255477216806331E-13
6.954786787567251E-5      -8.200007726988351E-13
6.971793675246727E-5      -8.144500810257851E-13
6.988800562926202E-5      -8.08895646661483E-13
7.005807450605679E-5      -8.033374696059289E-13
7.022814338285155E-5      -7.977755498591229E-13
7.039821225964631E-5      -7.922098874210649E-13
7.056828113644108E-5      -7.866406630065931E-13
7.073835001323584E-5      -7.810680422313942E-13
7.09084188900306E-5       -7.754920250954681E-13
7.107848776682537E-5      -7.699126115988148E-13
7.124855664362013E-5      -7.643298017414343E-13
7.14186255204149E-5       -7.587435955233267E-13
7.158869439720966E-5      -7.53154173558235E-13
7.175876327400443E-5      -7.475617002429462E-13
7.192883215079919E-5      -7.419661755774607E-13
7.209890102759395E-5      -7.363675995617782E-13
7.226896990438872E-5      -7.307659721958989E-13
7.243903878118348E-5      -7.251612934798228E-13
7.260910765797824E-5      -7.195537438227971E-13
7.277917653477301E-5      -7.139434861698474E-13
7.294924541156777E-5      -7.083305205209741E-13
7.311931428836252E-5      -7.027148468761769E-13
7.32893831651573E-5       -6.97096465235456E-13
7.345945204195205E-5      -6.914753755988113E-13
7.362952091874681E-5      -6.858517580734966E-13
7.379958979554158E-5      -6.802257738956291E-13
7.396965867233633E-5      -6.745974230652087E-13
7.413972754913108E-5      -6.689667055822354E-13
7.430979642592586E-5      -6.633336214467093E-13
7.44798653027206E-5       -6.576981706586303E-13
7.464993417951538E-5      -6.520605329242006E-13
7.482000305631013E-5      -6.464208674961553E-13
7.499007193310491E-5      -6.407791743744945E-13
7.516014080989968E-5      -6.351354535592182E-13
7.533020968669444E-5      -6.294897050503264E-13
7.55002785634892E-5       -6.238419288478189E-13
7.567034744028397E-5      -6.181923041402917E-13
7.584041631707873E-5      -6.125409879180343E-13
7.601048519387348E-5      -6.068879801810472E-13
7.618055407066824E-5      -6.012332809293299E-13
7.6350622947463E-5        -5.955768901628828E-13
7.652069182425776E-5      -5.899188078817057E-13
7.669076070105252E-5      -5.842592126164061E-13
7.686082957784729E-5      -5.785982588040739E-13
7.703089845464205E-5      -5.72935946444709E-13
7.72009673314368E-5       -5.672722755383115E-13
7.737103620823156E-5      -5.616072460848814E-13
7.754110508502633E-5      -5.559408580844187E-13
7.771117396182109E-5      -5.502732892695972E-13
7.788124283861586E-5      -5.446046911973601E-13
7.805131171541062E-5      -5.389350638677074E-13
7.822138059220538E-5      -5.332644072806391E-13
7.839144946900015E-5      -5.275927214361552E-13
7.856151834579491E-5      -5.219200063342557E-13
7.873158722258968E-5      -5.162464387746666E-13
7.890165609938444E-5      -5.105721670716552E-13
7.907172497617919E-5      -5.048971912252217E-13
7.924179385297395E-5      -4.992215112353662E-13
7.941186272976872E-5      -4.935451271020885E-13
7.958193160656348E-5      -4.878680388253888E-13
7.975200048335824E-5      -4.821904221197508E-13
7.992206936015301E-5      -4.765124216745243E-13
8.009213823694777E-5      -4.708340374897092E-13
8.026220711374252E-5      -4.651552695653058E-13
8.04322759905373E-5       -4.594761179013141E-13
8.060234486733205E-5      -4.5379658249773374E-13
8.077241374412683E-5      -4.4811683780623015E-13
8.094248262092158E-5      -4.42437024484315E-13
8.111255149771634E-5      -4.3675714253198863E-13
8.12826203745111E-5       -4.310771919492509E-13
8.145268925130588E-5      -4.253971727361018E-13
8.162275812810063E-5      -4.197170848925413E-13
8.179282700489541E-5      -4.1403710142144966E-13
8.196289588169016E-5      -4.0835735849473683E-13
8.213296475848491E-5      -4.026778561124029E-13
8.230303363527969E-5      -3.969985942744478E-13
8.247310251207444E-5      -3.9131957298087176E-13
8.26431713888692E-5       -3.8564079223167446E-13
8.281324026566398E-5      -3.7996242340356395E-13
8.298330914245874E-5      -3.7428459766523165E-13
8.31533780192535E-5       -3.686073150166775E-13
8.332344689604827E-5      -3.6293057545790155E-13
8.349351577284304E-5      -3.5725437898890384E-13
8.36635846496378E-5       -3.5157872560968424E-13
8.383365352643258E-5      -3.459037849100516E-13
8.400372240322733E-5      -3.402296824641758E-13
8.417379128002208E-5      -3.345564182720569E-13
8.434386015681686E-5      -3.288839923336948E-13
8.45139290336116E-5       -3.2321240464908964E-13
8.468399791040637E-5      -3.1754165521824125E-13
8.485406678720113E-5      -3.118719116206437E-13
8.50241356639959E-5       -3.0620329326343613E-13
8.519420454079065E-5      -3.0053580014661847E-13
8.536427341758541E-5      -2.948694322701907E-13
8.553434229438016E-5      -2.8920418963415285E-13
8.570441117117493E-5      -2.83540072238505E-13
8.587448004796969E-5      -2.7787724545016776E-13
8.604454892476445E-5      -2.7221582187515024E-13
8.621461780155922E-5      -2.6655580151345237E-13
8.638468667835397E-5      -2.608971843650743E-13
8.655475555514873E-5      -2.5523997043001606E-13
8.67248244319435E-5       -2.4958415970827746E-13
8.689489330873826E-5      -2.439299151596086E-13
8.706496218553302E-5      -2.3827734191770427E-13
8.723503106232779E-5      -2.3262643998256436E-13
8.740509993912255E-5      -2.269772093541889E-13
8.757516881591731E-5      -2.2132965003257794E-13
8.774523769271208E-5      -2.1568376201773143E-13
8.791530656950684E-5      -2.1003970561448264E-13
8.80853754463016E-5       -2.0439757785653173E-13
8.825544432309636E-5      -1.9875737874387878E-13
8.842551319989112E-5      -1.931191082765237E-13
8.859558207668588E-5      -1.8748276645446657E-13
8.876565095348065E-5      -1.8184835327770735E-13
8.893571983027541E-5      -1.7621602618989523E-13
8.910578870707019E-5      -1.7058587344124725E-13
8.927585758386494E-5      -1.6495789503176342E-13
8.94459264606597E-5       -1.5933209096144376E-13
8.961599533745447E-5      -1.5370846123028824E-13
8.978606421424923E-5      -1.480870058382969E-13
8.9956133091044E-5        -1.4246787915049988E-13
9.012620196783876E-5      -1.3685115993911545E-13
9.029627084463352E-5      -1.312368482041436E-13
9.046633972142827E-5      -1.256249439455844E-13
9.063640859822305E-5      -1.2001544716343774E-13
9.08064774750178E-5       -1.144083578577037E-13
9.097654635181258E-5      -1.088038269703676E-13
9.114661522860733E-5      -1.0320192320200608E-13
9.131668410540209E-5      -9.760264655261913E-14
9.148675298219686E-5      -9.200599702220675E-14
9.165682185899162E-5      -8.641197461076895E-14
9.182689073578638E-5      -8.082057931830573E-14
9.199695961258116E-5      -7.523195811373964E-14
9.216702848937591E-5      -6.964616920904294E-14
9.233709736617066E-5      -6.406321260421562E-14
9.250716624296544E-5      -5.848308829925771E-14
9.267723511976019E-5      -5.290579629416918E-14
9.284730399655495E-5      -4.7331336588950045E-14
9.301737287334972E-5      -4.175985139144928E-14
9.31874417501445E-5       -3.619138821936083E-14
9.335751062693924E-5      -3.062594707268466E-14
9.3527579503734E-5        -2.5063527951420792E-14
9.369764838052876E-5      -1.9504130855569224E-14
9.386771725732352E-5      -1.3947755785129956E-14
9.403778613411829E-5      -8.39453912440556E-15
9.420785501091305E-5      -2.844517761438913E-15
9.43779238877078E-5       2.702308303769985E-15
9.454799276450256E-5      8.245939071221135E-15
9.471806164129733E-5      1.3786374540914537E-14
9.488813051809209E-5      1.9323614712850187E-14
9.505819939488686E-5      2.485753037722008E-14
9.522826827168162E-5      3.0388094853307124E-14
9.539833714847638E-5      3.5915308141111324E-14
9.556840602527113E-5      4.1439170240632675E-14
9.57384749020659E-5       4.6959681151871177E-14
9.590854377886066E-5      5.247684087482683E-14
9.607861265565543E-5      5.79905289768878E-14
9.62486815324502E-5       6.350072807813434E-14
9.641875040924495E-5      6.900743817856644E-14
9.658881928603972E-5      7.45106592781841E-14
9.675888816283448E-5      8.001039137698733E-14
9.692895703962925E-5      8.550663447497611E-14
9.709902591642401E-5      9.099927865100072E-14
9.726909479321879E-5      9.648831428829243E-14
9.743916367001354E-5      1.0197374138685127E-13
9.76092325468083E-5       1.0745555994667724E-13
9.777930142360306E-5      1.1293376996777036E-13
9.794937030039783E-5      1.184083714501306E-13
9.811943917719258E-5      1.2387926658203303E-13
9.828950805398736E-5      1.2934645130129866E-13
9.84595769307821E-5       1.3480992560792743E-13
9.862964580757686E-5      1.402696895019194E-13
9.879971468437162E-5      1.457257429832745E-13
9.896978356116637E-5      1.511780860519928E-13
9.913985243796113E-5      1.56626634114399E-13
9.930992131475591E-5      1.620713859256819E-13
9.947999019155066E-5      1.6751234148584155E-13
9.965005906834544E-5      1.7294950079487793E-13
9.982012794514019E-5      1.7838286385279107E-13
9.999019682193495E-5      1.8381243065958092E-13
1.0016026569872972E-4     1.89238130119686E-13
1.003303345755245E-4      1.9465996091750913E-13
1.0050040345231925E-4     2.0007792305305027E-13
1.0067047232911402E-4     2.0549201652630942E-13
1.0084054120590877E-4     2.1090224133728664E-13
1.0101061008270354E-4     2.163085974859819E-13
1.011806789594983E-4      2.2171102663658765E-13
1.0135074783629308E-4     2.271095248883631E-13
1.0152081671308783E-4     2.325040922413082E-13
1.016908855898826E-4      2.37894728695423E-13
1.0186095446667736E-4     2.4328143425070755E-13
1.0203102334347212E-4     2.4866420890716174E-13
1.0220109222026688E-4     2.54043005450337E-13
1.0237116109706166E-4     2.5941781561611626E-13
1.0254122997385641E-4     2.647886394044997E-13
1.0271129885065116E-4     2.701554768154871E-13
1.0288136772744593E-4     2.755183278490787E-13
1.0305143660424069E-4     2.808771925052743E-13
1.0322150548103545E-4     2.8623203251555553E-13
1.0339157435783022E-4     2.9158283427638196E-13
1.0356164323462497E-4     2.9692959778775346E-13
1.0373171211141973E-4     3.022723230496701E-13
1.0390178098821448E-4     3.0761101006213194E-13
1.0407184986500925E-4     3.129456588251388E-13
1.0424191874180401E-4     3.1827623771063564E-13
1.0441198761859879E-4     3.2360272744797454E-13
1.0458205649539355E-4     3.289251280371556E-13
1.047521253721883E-4      3.3424343947817877E-13
1.0492219424898308E-4     3.3955766177104404E-13
1.0509226312577784E-4     3.4486779491575145E-13
1.052623320025726E-4      3.5017381177351544E-13
1.0543240087936737E-4     3.554756875187893E-13
1.0560246975616213E-4     3.6077342215157296E-13
1.0577253863295688E-4     3.6606701567186653E-13
1.0594260750975165E-4     3.7135646807966995E-13
1.0611267638654641E-4     3.7664177937498326E-13
1.0628274526334116E-4     3.8192292506782964E-13
1.0645281414013594E-4     3.871998751368286E-13
1.0662288301693069E-4     3.924726295819802E-13
1.0679295189372544E-4     3.977411884032844E-13
1.0696302077052022E-4     4.0300555160074127E-13
1.0713308964731497E-4     4.082657191743507E-13
1.0730315852410975E-4     4.135216678098013E-13
1.074732274009045E-4      4.187733627478796E-13
1.0764329627769927E-4     4.2402080398858555E-13
1.0781336515449402E-4     4.292639915319191E-13
1.0798343403128879E-4     4.3450292537788037E-13
1.0815350290808356E-4     4.3973760552646933E-13
1.0832357178487833E-4     4.4496800871563263E-13
1.0849364066167309E-4     4.5019409592074055E-13
1.0866370953846784E-4     4.554158671417931E-13
1.088337784152626E-4      4.606333223787903E-13
1.0900384729205736E-4     4.658464616317321E-13
1.0917391616885212E-4     4.710552849006186E-13
1.0934398504564688E-4     4.762597681403213E-13
1.0951405392244166E-4     4.814598685182862E-13
1.0968412279923641E-4     4.866555860345135E-13
1.0985419167603116E-4     4.918469206890028E-13
1.1002426055282593E-4     4.970338724817546E-13
1.1019432942962069E-4     5.022164414127685E-13
1.1036439830641547E-4     5.073946020450064E-13
1.1053446718321023E-4     5.125683081699626E-13
1.10704536060005E-4       5.177375597876371E-13
1.1087460493679976E-4     5.229023568980298E-13
1.1104467381359452E-4     5.28062699501141E-13
1.1121474269038929E-4     5.332185875969704E-13
1.1138481156718405E-4     5.383699939306328E-13
1.1155488044397881E-4     5.435168693130085E-13
1.1172494932077356E-4     5.486592137440976E-13
1.1189501819756833E-4     5.537970272239E-13
1.1206508707436308E-4     5.589303097524159E-13
1.1223515595115784E-4     5.640590613296451E-13
1.124052248279526E-4      5.691832526537368E-13
1.1257529370474738E-4     5.743028318566537E-13
1.1274536258154213E-4     5.794177989383959E-13
1.1291543145833691E-4     5.845281538989634E-13
1.1308550033513168E-4     5.896338967383562E-13
1.1325556921192644E-4     5.947350274565744E-13
1.134256380887212E-4      5.998315146733492E-13
1.1359570696551597E-4     6.049233039882184E-13
1.1376577584231072E-4     6.100103954011821E-13
1.1393584471910548E-4     6.150927889122402E-13
1.1410591359590025E-4     6.201704845213929E-13
1.1427598247269501E-4     6.252434822286401E-13
1.1444605134948977E-4     6.303117486568711E-13
1.1461612022628454E-4     6.353752269107977E-13
1.147861891030793E-4      6.404339169904199E-13
1.1495625797987405E-4     6.454878188957379E-13
1.1512632685666883E-4     6.505369326267519E-13
1.1529639573346359E-4     6.555812581834614E-13
1.1546646461025836E-4     6.606207602998996E-13
1.156365334870531E-4      6.656553796021051E-13
1.1580660236384786E-4     6.706851160900775E-13
1.1597667124064261E-4     6.757099697638172E-13
1.1614674011743738E-4     6.80729940623324E-13
1.1631680899423213E-4     6.85745028668598E-13
1.1648687787102691E-4     6.907551968374211E-13
1.1665694674782166E-4     6.957603833129543E-13
1.1682701562461643E-4     7.007605880951976E-13
1.1699708450141119E-4     7.057558111841513E-13
1.1716715337820595E-4     7.107460525798153E-13
1.1733722225500072E-4     7.157313122821893E-13
1.175072911317955E-4      7.207115514993371E-13
1.1767736000859025E-4     7.256867060319081E-13
1.17847428885385E-4       7.306567758799023E-13
1.1801749776217977E-4     7.356217610433197E-13
1.1818756663897452E-4     7.405816615221604E-13
1.1835763551576929E-4     7.455364773164244E-13
1.1852770439256405E-4     7.504861679432635E-13
1.1869777326935883E-4     7.554306669069711E-13
1.1886784214615358E-4     7.603699742075468E-13
1.1903791102294836E-4     7.65304089844991E-13
1.192079798997431E-4      7.702330138193036E-13
1.1937804877653787E-4     7.751567461304843E-13
1.1954811765333263E-4     7.800752446236439E-13
1.1971818653012741E-4     7.849884406124918E-13
1.1988825540692216E-4     7.89896334097028E-13
1.2005832428371694E-4     7.947989250772524E-13
1.2022839316051169E-4     7.996962135531653E-13
1.2039846203730645E-4     8.045881995247663E-13
1.2056853091410122E-4     8.094748391775064E-13
1.20738599790896E-4       8.143560617462409E-13
1.2090866866769075E-4     8.1923186723097E-13
1.2107873754448552E-4     8.241022556316938E-13
1.2124880642128027E-4     8.289672269484123E-13
1.2141887529807504E-4     8.338267811811253E-13
1.215889441748698E-4      8.386808728743949E-13
1.2175901305166458E-4     8.435294292882721E-13
1.2192908192845933E-4     8.483724504227569E-13
1.2209915080525408E-4     8.532099362778493E-13
1.2226921968204886E-4     8.580418868535496E-13
1.224392885588436E-4      8.628683021498574E-13
1.2260935743563836E-4     8.676891350995154E-13
1.2277942631243313E-4     8.72504311078724E-13
1.2294949518922788E-4     8.773138300874831E-13
1.2311956406602266E-4     8.821176921257929E-13
1.232896329428174E-4      8.869158971936533E-13
1.2345970181961216E-4     8.917084452910644E-13
1.236297706964069E-4      8.964952877719496E-13
1.2379983957320172E-4     9.012763482129377E-13
1.2396990844999647E-4     9.06051626614029E-13
1.2413997732679122E-4     9.108211229752234E-13
1.2431004620358597E-4     9.15584837296521E-13
1.2448011508038075E-4     9.203427695779218E-13
1.246501839571755E-4      9.250948696266473E-13
1.2482025283397027E-4     9.29841059303976E-13
1.2499032171076502E-4     9.345813386099084E-13
1.2516039058755977E-4     9.393157075444442E-13
1.2533045946435455E-4     9.44044166107584E-13
1.255005283411493E-4      9.487667142993268E-13
1.2567059721794408E-4     9.534833004111877E-13
1.2584066609473883E-4     9.581938446741415E-13
1.2601073497153358E-4     9.62898347088188E-13
1.2618080384832836E-4     9.675968076533275E-13
1.2635087272512313E-4     9.722892263695601E-13
1.2652094160191788E-4     9.769756032368854E-13
1.2669101047871266E-4     9.816558850610662E-13
1.268610793555074E-4      9.863299905292694E-13
1.270311482323022E-4      9.909979196414954E-13
1.2720121710909694E-4     9.956596723977442E-13
1.2737128598589172E-4     1.0003152487980157E-12
1.2754135486268647E-4     1.0049646488423099E-12
1.2771142373948125E-4     1.0096078178835313E-12
1.27881492616276E-4       1.01424467315067E-12
1.2805156149307075E-4     1.0188752146437263E-12
1.282216303698655E-4      1.0234994423627003E-12
1.2839169924666027E-4     1.0281173563075918E-12
1.2856176812345502E-4     1.032728956478401E-12
1.287318370002498E-4      1.037334186820233E-12
1.2890190587704455E-4     1.0419329631787791E-12
1.290719747538393E-4      1.0465252855540395E-12
1.2924204363063408E-4     1.0511111539460142E-12
1.2941211250742886E-4     1.055690568354703E-12
1.295821813842236E-4      1.0602635287801063E-12
1.2975225026101836E-4     1.064829977815895E-12
1.2992231913781313E-4     1.0693898299866012E-12
1.3009238801460788E-4     1.0739430852922254E-12
1.3026245689140266E-4     1.078489743732767E-12
1.304325257681974E-4      1.0830298053082264E-12
1.3060259464499216E-4     1.0875632700186036E-12
1.3077266352178694E-4     1.092090079160394E-12
1.3094273239858172E-4     1.0966101460003107E-12
1.3111280127537647E-4     1.101123470538353E-12
1.3128287015217125E-4     1.1056300527745213E-12
1.31452939028966E-4       1.1101298927088157E-12
1.3162300790576077E-4     1.1146229903412358E-12
1.3179307678255552E-4     1.1191092857193605E-12
1.319631456593503E-4      1.1235886909230064E-12
1.3213321453614505E-4     1.1280612059521736E-12
1.3230328341293983E-4     1.132526830806862E-12
1.3247335228973458E-4     1.1369855654870714E-12
1.3264342116652933E-4     1.1414374099928024E-12
1.3281349004332408E-4     1.1458823031689246E-12
1.3298355892011888E-4     1.1503201559817069E-12
1.3315362779691363E-4     1.1547509684311494E-12
1.3332369667370838E-4     1.159174740517252E-12
1.3349376555050313E-4     1.163591472240015E-12
1.336638344272979E-4      1.1680011635994383E-12
1.3383390330409266E-4     1.172403752276497E-12
1.3400397218088744E-4     1.1767991482041227E-12
1.341740410576822E-4      1.1811873513823156E-12
1.3434410993447694E-4     1.1855683618110755E-12
1.3451417881127172E-4     1.189942179490403E-12
1.3468424768806647E-4     1.1943088044202972E-12
1.3485431656486125E-4     1.1986681731509324E-12
1.35024385441656E-4       1.2030201946701968E-12
1.3519445431845077E-4     1.207364868978091E-12
1.3536452319524555E-4     1.2117021960746144E-12
1.355345920720403E-4      1.2160321759597679E-12
1.3570466094883508E-4     1.2203548086335507E-12
1.3587472982562983E-4     1.2246700295490053E-12
1.360447987024246E-4      1.2289777468390373E-12
1.3621486757921936E-4     1.2332779605036465E-12
1.363849364560141E-4      1.2375706705428327E-12
1.3655500533280886E-4     1.241855876956597E-12
1.367250742096036E-4      1.2461335797449381E-12
1.3689514308639836E-4     1.2504037134034235E-12
1.3706521196319314E-4     1.2546661852214936E-12
1.3723528083998789E-4     1.2589209951991494E-12
1.3740534971678266E-4     1.26316814333639E-12
1.375754185935774E-4      1.2674076296332165E-12
1.3774548747037216E-4     1.271639454089628E-12
1.3791555634716691E-4     1.27586355035579E-12
1.3808562522396172E-4     1.2800798248477154E-12
1.3825569410075647E-4     1.2842882775654031E-12
1.3842576297755122E-4     1.288488908508854E-12
1.3859583185434597E-4     1.292681717678068E-12
1.3876590073114075E-4     1.2968667050730446E-12
1.3893596960793552E-4     1.3010438033861027E-12
1.391060384847303E-4      1.305212918439484E-12
1.3927610736152505E-4     1.3093740502331888E-12
1.3944617623831983E-4     1.313527198767217E-12
1.3961624511511458E-4     1.3176723640415685E-12
1.3978631399190936E-4     1.3218095460562435E-12
1.3995638286870413E-4     1.3259386768852976E-12
1.4012645174549888E-4     1.3300596615068803E-12
1.4029652062229363E-4     1.3341724999209915E-12
1.404665894990884E-4      1.3382771921276315E-12
1.406366583758832E-4      1.3423737381268004E-12
1.4080672725267794E-4     1.3464621379184978E-12
1.409767961294727E-4      1.3505423224952795E-12
1.4114686500626747E-4     1.3546141965682147E-12
1.4131693388306222E-4     1.3586777601373031E-12
1.41487002759857E-4       1.3627330132025448E-12
1.4165707163665175E-4     1.3667799557639402E-12
1.418271405134465E-4      1.370818587821489E-12
1.4199720939024125E-4     1.3748488395171402E-12
1.4216727826703605E-4     1.378870615205616E-12
1.423373471438308E-4      1.3828839148869164E-12
1.4250741602062555E-4     1.3868887385610413E-12
1.426774848974203E-4      1.3908850862279912E-12
1.4284755377421508E-4     1.3948729578877657E-12
1.4301762265100983E-4     1.3988522828300692E-12
1.431876915278046E-4      1.4028229651959985E-12
1.4335776040459936E-4     1.4067850049855531E-12
1.435278292813941E-4      1.4107384021987335E-12
1.4369789815818888E-4     1.4146831568355395E-12
1.4386796703498363E-4     1.4186192688959712E-12
1.440380359117784E-4      1.422546666859644E-12
1.4420810478857316E-4     1.4264652547366042E-12
1.443781736653679E-4      1.4303750325268514E-12
1.445482425421627E-4      1.4342760002303857E-12
1.4471831141895747E-4     1.438168157847207E-12
1.4488838029575222E-4     1.442051505377316E-12
1.45058449172547E-4       1.4459259706491758E-12
1.4522851804934175E-4     1.4497914575442087E-12
1.4539858692613652E-4     1.4536479660624149E-12
1.4556865580293127E-4     1.4574954962037944E-12
1.4573872467972605E-4     1.4613340479683472E-12
1.459087935565208E-4      1.465163621356073E-12
1.4607886243331558E-4     1.4689841436651748E-12
1.4624893131011033E-4     1.4727955186605164E-12
1.4641900018690508E-4     1.4765977463420974E-12
1.4658906906369983E-4     1.480390826709918E-12
1.467591379404946E-4      1.4841747597639784E-12
1.4692920681728936E-4     1.4879495455042783E-12
1.4709927569408413E-4     1.491715110541798E-12
1.4726934457087888E-4     1.4954713587958772E-12
1.4743941344767364E-4     1.4992182902665158E-12
1.476094823244684E-4      1.502955904953714E-12
1.477795512012632E-4      1.5066842028574722E-12
1.4794962007805794E-4     1.5104031839777898E-12
1.4811968895485272E-4     1.5141127747302449E-12
1.4828975783164747E-4     1.5178128788975967E-12
1.4845982670844225E-4     1.5215034964798448E-12
1.48629895585237E-4       1.5251846274769895E-12
1.4879996446203175E-4     1.528856271889031E-12
1.4897003333882652E-4     1.532518429715969E-12
1.491401022156213E-4      1.536171027107856E-12
1.4931017109241605E-4     1.5398139678596567E-12
1.494802399692108E-4      1.543447251971371E-12
1.4965030884600555E-4     1.5470708794429994E-12
1.4982037772280033E-4     1.5506848502745411E-12
1.4999044659959508E-4     1.554289164465997E-12
1.5016051547638986E-4     1.5578837481372173E-12
1.503305843531846E-4      1.5614685049936742E-12
1.5050065322997936E-4     1.5650434350353676E-12
1.506707221067741E-4      1.5686085382622975E-12
1.5084079098356886E-4     1.5721638146744642E-12
1.510108598603636E-4      1.5757092642718673E-12
1.511809287371584E-4      1.579244813138525E-12
1.5135099761395316E-4     1.5827703649983522E-12
1.515210664907479E-4      1.5862859198513475E-12
1.5169113536754272E-4     1.589791477697512E-12
1.5186120424433747E-4     1.5932870385368453E-12
1.5203127312113225E-4     1.5967726023693473E-12
1.5220134199792702E-4     1.6002480953701593E-12
1.5237141087472177E-4     1.6037134212980479E-12
1.5254147975151652E-4     1.6071685801530132E-12
1.5271154862831127E-4     1.6106135719350553E-12
1.5288161750510602E-4     1.6140483966441746E-12
1.5305168638190077E-4     1.6174730542803702E-12
1.5322175525869555E-4     1.6208874711930294E-12
1.533918241354903E-4      1.6242915512348728E-12
1.5356189301228508E-4     1.627685294405901E-12
1.5373196188907983E-4     1.6310687007061133E-12
1.5390203076587458E-4     1.6344417701355102E-12
1.5407209964266936E-4     1.6378045026940918E-12
1.5424216851946414E-4     1.6411568249714318E-12
1.5441223739625889E-4     1.6444986409863917E-12
1.5458230627305366E-4     1.6478299507389724E-12
1.5475237514984844E-4     1.6511507542291732E-12
1.549224440266432E-4      1.6544610514569948E-12
1.5509251290343797E-4     1.6577608424224366E-12
1.5526258178023272E-4     1.6610500540147467E-12
1.554326506570275E-4      1.6643285904966738E-12
1.5560271953382225E-4     1.6675964518682174E-12
1.5577278841061702E-4     1.6708536381293778E-12
1.559428572874118E-4      1.6741001492801547E-12
1.5611292616420655E-4     1.6773359853205486E-12
1.5628299504100133E-4     1.6805610734893005E-12
1.5645306391779608E-4     1.683775318380345E-12
1.5662313279459083E-4     1.6869787199936812E-12
1.567932016713856E-4      1.69017127832931E-12
1.5696327054818036E-4     1.6933529933872314E-12
1.571333394249751E-4      1.6965238651674448E-12
1.5730340830176988E-4     1.6996838212913261E-12
1.5747347717856466E-4     1.7028327667871203E-12
1.576435460553594E-4      1.7059707016548286E-12
1.5781361493215416E-4     1.7090976258944495E-12
1.5798368380894897E-4     1.7122135395059845E-12
1.5815375268574372E-4     1.7153184424894324E-12
1.583238215625385E-4      1.7184122628844167E-12
1.5849389043933325E-4     1.7214949062540971E-12
1.58663959316128E-4       1.7245663725984733E-12
1.5883402819292277E-4     1.7276266619175454E-12
1.5900409706971752E-4     1.7306757742113136E-12
1.5917416594651227E-4     1.7337137094797778E-12
1.5934423482330705E-4     1.7367403962329768E-12
1.595143037001018E-4      1.7397557406552998E-12
1.5968437257689655E-4     1.7427597427467462E-12
1.5985444145369133E-4     1.7457524025073162E-12
1.6002451033048608E-4     1.7487337199370095E-12
1.6019457920728083E-4     1.7517036950358264E-12
1.6036464808407558E-4     1.7546622568486065E-12
1.6053471696087036E-4     1.7576093122576828E-12
1.607047858376651E-4      1.7605448612630559E-12
1.6087485471445986E-4     1.7634689038647257E-12
1.6104492359125464E-4     1.7663814400626924E-12
1.6121499246804939E-4     1.7692824698569556E-12
1.6138506134484416E-4     1.7721719228983354E-12
1.6155513022163894E-4     1.775049706837386E-12
1.617251990984337E-4      1.7779158216741075E-12
1.6189526797522844E-4     1.7807702674085E-12
1.620653368520232E-4      1.7836130440405644E-12
1.6223540572881797E-4     1.7864441515702992E-12
1.6240547460561272E-4     1.7892635203235065E-12
1.625755434824075E-4      1.7920710587903763E-12
1.6274561235920225E-4     1.7948667669709085E-12
1.6291568123599702E-4     1.7976506448651036E-12
1.630857501127918E-4      1.8004226924729608E-12
1.6325581898958655E-4     1.8031829097944809E-12
1.6342588786638133E-4     1.8059312278883245E-12
1.6359595674317608E-4     1.8086675561633882E-12
1.6376602561997083E-4     1.8113918946196719E-12
1.639360944967656E-4      1.814104243257176E-12
1.6410616337356036E-4     1.8168046020759005E-12
1.642762322503551E-4      1.8194929710758455E-12
1.6444630112714989E-4     1.822169282108517E-12
1.6461637000394464E-4     1.8248334455759178E-12
1.647864388807394E-4      1.8274854614780484E-12
1.6495650775753416E-4     1.830125329814909E-12
1.651265766343289E-4      1.832753050586499E-12
1.652966455111237E-4      1.835368623792819E-12
1.6546671438791847E-4     1.8379719821413984E-12
1.6563678326471322E-4     1.8405630371019623E-12
1.6580685214150797E-4     1.8431417886745104E-12
1.6597692101830275E-4     1.8457082368590433E-12
1.6614698989509752E-4     1.8482623816555604E-12
1.6631705877189227E-4     1.850804223064062E-12
1.6648712764868705E-4     1.8533336947001483E-12
1.666571965254818E-4      1.855850709187155E-12
1.6682726540227658E-4     1.858355266525082E-12
1.6699733427907133E-4     1.8608473667139296E-12
1.6716740315586608E-4     1.8633270097536988E-12
1.6733747203266086E-4     1.8657941956443875E-12
1.6750754090945563E-4     1.8682488589578034E-12
1.6767760978625038E-4     1.8706909135561106E-12
1.6784767866304514E-4     1.873120359439309E-12
1.6801774753983989E-4     1.8755371966074E-12
1.6818781641663466E-4     1.8779414250603826E-12
1.683578852934294E-4      1.8803330447982562E-12
1.685279541702242E-4      1.882711991407518E-12
1.6869802304701894E-4     1.8850781800649505E-12
1.688680919238137E-4      1.887431610770553E-12
1.6903816080060847E-4     1.889772283524326E-12
1.6920822967740322E-4     1.892100198326269E-12
1.69378298554198E-4       1.894415355176383E-12
1.6954836743099277E-4     1.896717690746341E-12
1.6971843630778755E-4     1.899007121594474E-12
1.698885051845823E-4      1.9012836477207824E-12
1.7005857406137708E-4     1.903547269125266E-12
1.7022864293817186E-4     1.9057979858079248E-12
1.703987118149666E-4      1.9080357977687587E-12
1.7056878069176138E-4     1.9102606428412546E-12
1.707388495685561E-4      1.9124724390253417E-12
1.7090891844535086E-4     1.9146711863210187E-12
1.710789873221456E-4      1.9168568847282868E-12
1.7124905619894036E-4     1.9190295342471457E-12
1.714191250757351E-4      1.9211891348775952E-12
1.7158919395252989E-4     1.9233356256870273E-12
1.7175926282932466E-4     1.9254689261801154E-12
1.719293317061194E-4      1.927589036356859E-12
1.7209940058291416E-4     1.929695956217259E-12
1.7226946945970894E-4     1.931789685761315E-12
1.7243953833650372E-4     1.9338702249890268E-12
1.726096072132985E-4      1.935937514267329E-12
1.7277967609009325E-4     1.937991474673454E-12
1.72949744966888E-4       1.9400321062074018E-12
1.7311981384368277E-4     1.9420594088691727E-12
1.7328988272047752E-4     1.944073382658767E-12
1.7345995159727227E-4     1.946074027576184E-12
1.7363002047406705E-4     1.9480612853542422E-12
1.738000893508618E-4      1.950035078708147E-12
1.7397015822765658E-4     1.951995407637898E-12
1.7414022710445133E-4     1.953942272143495E-12
1.7431029598124608E-4     1.9558756722249386E-12
1.7448036485804086E-4     1.957795607882228E-12
1.7465043373483563E-4     1.959702022279025E-12
1.7482050261163039E-4     1.9615948398348896E-12
1.7499057148842514E-4     1.963474060549822E-12
1.7516064036521989E-4     1.9653396844238223E-12
1.7533070924201466E-4     1.96719171145689E-12
1.7550077811880941E-4     1.969030141649026E-12
1.756708469956042E-4      1.9708549196576858E-12
1.7584091587239894E-4     1.9726659716737707E-12
1.760109847491937E-4      1.974463297697281E-12
1.7618105362598847E-4     1.9762468977282167E-12
1.7635112250278322E-4     1.978016771766578E-12
1.76521191379578E-4       1.9797729198123645E-12
1.7669126025637275E-4     1.9815152880812332E-12
1.7686132913316755E-4     1.983243804600021E-12
1.770313980099623E-4      1.9849584693687272E-12
1.7720146688675705E-4     1.9866592823873525E-12
1.7737153576355183E-4     1.9883462436558962E-12
1.7754160464034658E-4     1.9900193531743594E-12
1.7771167351714136E-4     1.9916785587787307E-12
1.778817423939361E-4      1.993323790397805E-12
1.7805181127073086E-4     1.994955048031581E-12
1.782218801475256E-4      1.9965723316800594E-12
1.7839194902432036E-4     1.9981756413432404E-12
1.7856201790111514E-4     1.999764977021124E-12
1.787320867779099E-4      2.001340288224668E-12
1.789021556547047E-4      2.0029015068555274E-12
1.7907222453149944E-4     2.0044486329137024E-12
1.7924229340829422E-4     2.0059816663991925E-12
1.79412362285089E-4       2.007500607311999E-12
1.7958243116188375E-4     2.0090054556521206E-12
1.7975250003867852E-4     2.0104961626533856E-12
1.7992256891547327E-4     2.0119726622652135E-12
1.8009263779226802E-4     2.0134349544876045E-12
1.8026270666906277E-4     2.014883039320559E-12
1.8043277554585752E-4     2.016316916764076E-12
1.806028444226523E-4      2.0177365868181563E-12
1.8077291329944705E-4     2.019142002486856E-12
1.8094298217624183E-4     2.0205330998421538E-12
1.8111305105303658E-4     2.0219098788840473E-12
1.8128311992983136E-4     2.0232723396125384E-12
1.8145318880662613E-4     2.024620482027626E-12
1.8162325768342089E-4     2.025954306129311E-12
1.8179332656021566E-4     2.027273766744721E-12
1.8196339543701044E-4     2.0285788021383963E-12
1.821334643138052E-4      2.0298694123103367E-12
1.8230353319059994E-4     2.0311455972605424E-12
1.824736020673947E-4      2.0324073569890137E-12
1.8264367094418947E-4     2.0336546914957503E-12
1.8281373982098422E-4     2.0348875574879453E-12
1.82983808697779E-4       2.03610589548876E-12
1.8315387757457375E-4     2.037309705498195E-12
1.8332394645136852E-4     2.03849898751625E-12
1.834940153281633E-4      2.0396737415429253E-12
1.8366408420495805E-4     2.040833967578221E-12
1.838341530817528E-4      2.041979624261141E-12
1.8400422195854755E-4     2.0431106544436055E-12
1.841742908353423E-4      2.044227058125614E-12
1.8434435971213705E-4     2.0453288353071675E-12
1.845144285889318E-4      2.0464159859882654E-12
1.8468449746572655E-4     2.047488510168908E-12
1.8485456634252133E-4     2.0485463684554368E-12
1.850246352193161E-4      2.049589506107554E-12
1.8519470409611086E-4     2.0506179231252578E-12
1.8536477297290564E-4     2.0516316195085494E-12
1.8553484184970039E-4     2.052630595257429E-12
1.8570491072649516E-4     2.0536148503718958E-12
1.8587497960328991E-4     2.054584347505571E-12
1.8604504848008472E-4     2.0555390343609338E-12
1.8621511735687947E-4     2.056478910937984E-12
1.8638518623367422E-4     2.057403977236722E-12
1.86555255110469E-4       2.058314233257148E-12
1.8672532398726375E-4     2.059209678999261E-12
1.8689539286405852E-4     2.0600902792943034E-12
1.870654617408533E-4      2.0609559843314187E-12
1.8723553061764805E-4     2.0618067941106076E-12
1.8740559949444283E-4     2.0626427086318697E-12
1.8757566837123758E-4     2.0634637278952056E-12
1.8774573724803236E-4     2.064269851900615E-12
1.879158061248271E-4      2.0650610473927044E-12
1.8808587500162188E-4     2.065837267297636E-12
1.8825594387841663E-4     2.0665985116154095E-12
1.8842601275521139E-4     2.0673447803460254E-12
1.8859608163200614E-4     2.068076073489484E-12
1.8876615050880089E-4     2.0687923910457847E-12
1.8893621938559564E-4     2.069493701909539E-12
1.891062882623904E-4      2.0701799616888274E-12
1.8927635713918516E-4     2.0708511703836497E-12
1.8944642601597991E-4     2.0715073279940057E-12
1.896164948927747E-4      2.072148434519896E-12
1.8978656376956944E-4     2.0727744899613204E-12
1.8995663264636422E-4     2.073385465414905E-12
1.90126701523159E-4       2.073981319229195E-12
1.9029677039995375E-4     2.07456205140419E-12
1.904668392767485E-4      2.0751276619398906E-12
1.906369081535433E-4      2.075678150836297E-12
1.9080697703033805E-4     2.0762135180934083E-12
1.909770459071328E-4      2.076733737082662E-12
1.9114711478392758E-4     2.077238768937942E-12
1.9131718366072233E-4     2.0777286136592495E-12
1.9148725253751708E-4     2.078203271246583E-12
1.9165732141431186E-4     2.078662741699945E-12
1.918273902911066E-4      2.0791070250193332E-12
1.9199745916790139E-4     2.079536096791261E-12
1.9216752804469614E-4     2.079949921064879E-12
1.923375969214909E-4      2.080348497840188E-12
1.9250766579828566E-4     2.0807318271171866E-12
1.9267773467508041E-4     2.0810999088958756E-12
1.928478035518752E-4      2.081452743176255E-12
1.9301787242866997E-4     2.081790307817777E-12
1.9318794130546472E-4     2.082112569793908E-12
1.9335801018225947E-4     2.0824195291046476E-12
1.9352807905905422E-4     2.0827111857499956E-12
1.9369814793584902E-4     2.0829875397299525E-12
1.9386821681264377E-4     2.0832485910445182E-12
1.9403828568943855E-4     2.0834943200160915E-12
1.942083545662333E-4      2.0837246965483956E-12
1.9437842344302805E-4     2.083939720641431E-12
1.9454849231982283E-4     2.0841393922951976E-12
1.9471856119661758E-4     2.0843237115096954E-12
1.9488863007341233E-4     2.0844926782849245E-12
1.9505869895020708E-4     2.084646275345374E-12
1.9522876782700189E-4     2.0847844755908106E-12
1.9539883670379664E-4     2.0849072790212346E-12
1.9556890558059139E-4     2.0850146856366465E-12
1.9573897445738616E-4     2.085106695437046E-12
1.959090433341809E-4      2.0851833084224323E-12
1.960791122109757E-4      2.0852445099496122E-12
1.9624918108777047E-4     2.0852902759414358E-12
1.964192499645652E-4      2.0853206063979025E-12
1.9658931884136E-4        2.085335501319013E-12
1.9675938771815472E-4     2.0853349607047677E-12
1.969294565949495E-4      2.085318984555166E-12
1.9709952547174425E-4     2.0852875604432276E-12
1.9726959434853905E-4     2.0852406675791746E-12
1.9743966322533377E-4     2.0851783059630045E-12
1.9760973210212855E-4     2.0851004755947194E-12
1.977798009789233E-4      2.0850071764743188E-12
1.9794986985571805E-4     2.0848984086018023E-12
1.981199387325128E-4      2.0847741621676893E-12
1.9829000760930758E-4     2.084634419441585E-12
1.9846007648610233E-4     2.0844791804234888E-12
1.9863014536289708E-4     2.0843084451134014E-12
1.9880021423969186E-4     2.084122213511323E-12
1.989702831164866E-4      2.0839204856172535E-12
1.9914035199328139E-4     2.083703254424398E-12
1.9931042087007614E-4     2.0834705053956382E-12
1.9948048974687091E-4     2.083222238530974E-12
1.9965055862366566E-4     2.0829584538304054E-12
1.9982062750046041E-4     2.082679151293933E-12
1.999906963772552E-4      2.082384330921556E-12
2.0016076525404997E-4     2.082073988127228E-12
2.0033083413084472E-4     2.0817481117221467E-12
2.0050090300763947E-4     2.081406701706312E-12
2.0067097188443422E-4     2.0810497580797243E-12
2.00841040761229E-4       2.080677280842384E-12
2.0101110963802375E-4     2.08028926999429E-12
2.0118117851481853E-4     2.0798857236827636E-12
2.013512473916133E-4      2.079466633949566E-12
2.0152131626840805E-4     2.0790320007946946E-12
2.0169138514520283E-4     2.0785818242181516E-12
2.0186145402199758E-4     2.078116104219937E-12
2.0203152289879236E-4     2.0776348408000494E-12
2.0220159177558714E-4     2.0771380349005807E-12
2.0237166065238189E-4     2.0766256817974954E-12
2.0254172952917664E-4     2.0760977814907937E-12
2.0271179840597139E-4     2.0755543339804754E-12
2.028818672827662E-4      2.0749953392665416E-12
2.0305193615956094E-4     2.074420797348991E-12
2.0322200503635572E-4     2.073830712015458E-12
2.033920739131505E-4      2.073225081784245E-12
2.0356214278994525E-4     2.072603906655353E-12
2.0373221166674E-4        2.0719671866287822E-12
2.039022805435348E-4      2.071314921704532E-12
2.0407234942032955E-4     2.0706471118826024E-12
2.042424182971243E-4      2.069963763849831E-12
2.0441248717391905E-4     2.0692648793849773E-12
2.045825560507138E-4      2.0685504584880415E-12
2.0475262492750855E-4     2.0678205011590225E-12
2.049226938043033E-4      2.0670750073979218E-12
2.0509276268109805E-4     2.066313977204738E-12
2.0526283155789283E-4     2.0655374202091765E-12
2.054329004346876E-4      2.0647453414776674E-12
2.0560296931148236E-4     2.063937741010211E-12
2.057730381882771E-4      2.063114618806807E-12
2.0594310706507186E-4     2.0622759748674557E-12
2.0611317594186664E-4     2.061421809192157E-12
2.0628324481866141E-4     2.0605521343899125E-12
2.064533136954562E-4      2.0596669588456127E-12
2.0662338257225094E-4     2.058766282559258E-12
2.0679345144904572E-4     2.0578501055308473E-12
2.0696352032584047E-4     2.0569184277603813E-12
2.0713358920263525E-4     2.05597124924786E-12
2.0730365807943002E-4     2.0550085856125077E-12
2.0747372695622477E-4     2.054030448588918E-12
2.0764379583301952E-4     2.0530368381770915E-12
2.0781386470981427E-4     2.0520277543770274E-12
2.0798393358660902E-4     2.051003197188726E-12
2.0815400246340378E-4     2.049963166612188E-12
2.0832407134019855E-4     2.0489076813044635E-12
2.0849414021699333E-4     2.0478367563791923E-12
2.0866420909378808E-4     2.0467503918363746E-12
2.0883427797058283E-4     2.045648587676011E-12
2.0900434684737764E-4     2.044531343898101E-12
2.0917441572417239E-4     2.0433986605026448E-12
2.0934448460096714E-4     2.0422505592026097E-12
2.0951455347776189E-4     2.041087058524785E-12
2.0968462235455664E-4     2.0399081584691696E-12
2.098546912313514E-4      2.038713859035764E-12
2.1002476010814614E-4     2.0375041602245684E-12
2.101948289849409E-4      2.036279062035583E-12
2.1036489786173566E-4     2.035038589233996E-12
2.1053496673853044E-4     2.033782763807498E-12
2.107050356153252E-4      2.0325115857560887E-12
2.1087510449211997E-4     2.031225055079768E-12
2.1104517336891475E-4     2.029923171778536E-12
2.1121524224570952E-4     2.0286059358523926E-12
2.113853111225043E-4      2.027273375100338E-12
2.1155537999929905E-4     2.025925515027E-12
2.117254488760938E-4      2.024562355632378E-12
2.1189551775288855E-4     2.0231838969164727E-12
2.1206558662968333E-4     2.0217901388792846E-12
2.1223565550647808E-4     2.0203810815208123E-12
2.1240572438327286E-4     2.0189567556669306E-12
2.1257579326006764E-4     2.0175171903832528E-12
2.1274586213686239E-4     2.0160623856697784E-12
2.1291593101365716E-4     2.0145923415265076E-12
2.130859998904519E-4      2.013107057953441E-12
2.132560687672467E-4      2.0116065349505774E-12
2.1342613764404144E-4     2.010090806390188E-12
2.135962065208362E-4      2.008559904917927E-12
2.1376627539763094E-4     2.007013830533794E-12
2.1393634427442566E-4     2.0054525832377895E-12
2.1410641315122044E-4     2.0038761630299137E-12
2.142764820280152E-4      2.0022845699101663E-12
2.1444655090480997E-4     2.000677840839623E-12
2.1461661978160472E-4     1.9990560120443142E-12
2.147866886583995E-4      1.9974190835242397E-12
2.1495675753519428E-4     1.9957670552793995E-12
2.1512682641198903E-4     1.9940999273097937E-12
2.152968952887838E-4      1.992417699615423E-12
2.1546696416557855E-4     1.9907204122967055E-12
2.1563703304237333E-4     1.9890081051506157E-12
2.1580710191916808E-4     1.987280778177153E-12
2.1597717079596286E-4     1.985538431376318E-12
2.1614723967275764E-4     1.983781064748111E-12
2.1631730854955239E-4     1.9820086782925314E-12
2.1648737742634714E-4     1.9802213152852E-12
2.1665744630314191E-4     1.9784190190873055E-12
2.1682751517993666E-4     1.9766017896988485E-12
2.1699758405673141E-4     1.9747696271198287E-12
2.171676529335262E-4      1.9729225313502465E-12
2.1733772181032094E-4     1.9710605023901014E-12
2.1750779068711572E-4     1.9691835867025542E-12
2.1767785956391047E-4     1.9672918312160454E-12
2.1784792844070525E-4     1.965385235930575E-12
2.180179973175E-4         1.963463800846143E-12
2.1818806619429475E-4     1.96152752596275E-12
2.1835813507108953E-4     1.9595764112803953E-12
2.185282039478843E-4      1.9576105064542707E-12
2.1869827282467905E-4     1.9556298619862774E-12
2.188683417014738E-4      1.9536344778764145E-12
2.1903841057826855E-4     1.951624354124683E-12
2.1920847945506336E-4     1.949599490731082E-12
2.193785483318581E-4      1.9475598876956126E-12
2.1954861720865289E-4     1.9455055978760774E-12
2.1971868608544764E-4     1.9434366753515798E-12
2.1988875496224239E-4     1.9413531201221194E-12
2.2005882383903716E-4     1.939254932187696E-12
2.202288927158319E-4      1.937142111548311E-12
2.2039896159262666E-4     1.935014658203963E-12
2.2056903046942141E-4     1.9328726282315765E-12
2.2073909934621622E-4     1.930716079285562E-12
2.2090916822301097E-4     1.9285450113659183E-12
2.2107923709980572E-4     1.926359424472646E-12
2.212493059766005E-4      1.9241593186057454E-12
2.2141937485339525E-4     1.9219446937652163E-12
2.2158944373019002E-4     1.91971560926031E-12
2.217595126069848E-4      1.917472126316077E-12
2.2192958148377953E-4     1.9152142449325174E-12
2.2209965036057433E-4     1.912941965109631E-12
2.2226971923736905E-4     1.910655286847418E-12
2.2243978811416383E-4     1.9083542101458776E-12
2.2260985699095858E-4     1.906038797551578E-12
2.2277992586775339E-4     1.903709113856592E-12
2.2294999474454814E-4     1.9013651590609187E-12
2.2312006362134289E-4     1.899006933164559E-12
2.2329013249813766E-4     1.896634436167512E-12
2.2346020137493241E-4     1.894247668069779E-12
2.236302702517272E-4      1.8918466946558025E-12
2.2380033912852194E-4     1.8894315842812553E-12
2.239704080053167E-4      1.8870023369461376E-12
2.2414047688211144E-4     1.884558952650449E-12
2.243105457589062E-4      1.88210143139419E-12
2.2448061463570097E-4     1.8796297731773604E-12
2.2465068351249572E-4     1.877144047022522E-12
2.248207523892905E-4      1.874644324843414E-12
2.2499082126608525E-4     1.8721306066400364E-12
2.2516089014288E-4        1.8696028924123895E-12
2.2533095901967475E-4     1.867061182160473E-12
2.2550102789646953E-4     1.8645054758842867E-12
2.256710967732643E-4      1.8619358458436283E-12
2.2584116565005905E-4     1.8593523675015943E-12
2.260112345268538E-4      1.8567550408581855E-12
2.2618130340364855E-4     1.854143865913401E-12
2.2635137228044333E-4     1.8515188426672413E-12
2.2652144115723808E-4     1.8488799711197063E-12
2.2669151003403286E-4     1.8462273267633964E-12
2.2686157891082766E-4     1.8435609885991332E-12
2.2703164778762241E-4     1.8408809566269178E-12
2.2720171666441716E-4     1.838187230846749E-12
2.2737178554121194E-4     1.8354798112586286E-12
2.2754185441800672E-4     1.8327586978625552E-12
2.2771192329480147E-4     1.830023969379584E-12
2.2788199217159625E-4     1.8272757083325827E-12
2.28052061048391E-4       1.8245139147215504E-12
2.2822212992518575E-4     1.8217385885464875E-12
2.2839219880198052E-4     1.8189497298073947E-12
2.2856226767877528E-4     1.8161473385042711E-12
2.2873233655557005E-4     1.8133314965871856E-12
2.2890240543236483E-4     1.8105022900795346E-12
2.2907247430915958E-4     1.8076597189813188E-12
2.2924254318595433E-4     1.804803783292538E-12
2.294126120627491E-4      1.8019344830131928E-12
2.2958268093954389E-4     1.7990518181432823E-12
2.2975274981633864E-4     1.796155873863158E-12
2.299228186931334E-4      1.7932467396711966E-12
2.3009288756992816E-4     1.7903244155673993E-12
2.3026295644672291E-4     1.7873889015517655E-12
2.304330253235177E-4      1.7844401976242956E-12
2.3060309420031244E-4     1.7814783037849895E-12
2.3077316307710722E-4     1.7785033084370205E-12
2.3094323195390197E-4     1.775515304529499E-12
2.3111330083069672E-4     1.772514292062425E-12
2.312833697074915E-4      1.7695002710357985E-12
2.3145343858428622E-4     1.76647324144962E-12
2.31623507461081E-4       1.7634332033038885E-12
2.3179357633787575E-4     1.7603802482055164E-12
2.3196364521467055E-4     1.7573144725346557E-12
2.3213371409146528E-4     1.7542358762913057E-12
2.3230378296826005E-4     1.751144459475467E-12
2.324738518450548E-4      1.7480402220871394E-12
2.3264392072184955E-4     1.744923164126323E-12
2.3281398959864433E-4     1.7417933803796682E-12
2.329840584754391E-4      1.7386509706406294E-12
2.3315412735223386E-4     1.7354959349092072E-12
2.333241962290286E-4      1.7323282731854014E-12
2.3349426510582336E-4     1.729147985469212E-12
2.3366433398261814E-4     1.725955071760639E-12
2.338344028594129E-4      1.722749630006071E-12
2.3400447173620766E-4     1.719531763390868E-12
2.3417454061300241E-4     1.716301471915029E-12
2.3434460948979716E-4     1.713058755578555E-12
2.3451467836659192E-4     1.7098036143814454E-12
2.346847472433867E-4      1.7065360483237004E-12
2.3485481612018147E-4     1.7032561584956566E-12
2.3502488499697622E-4     1.6999640514474698E-12
2.3519495387377097E-4     1.696659727179141E-12
2.3536502275056572E-4     1.6933431856906694E-12
2.3553509162736053E-4     1.6900144269820553E-12
2.3570516050415528E-4     1.6866734510532989E-12
2.3587522938095005E-4     1.6833203621174218E-12
2.360452982577448E-4      1.6799552700605608E-12
2.3621536713453958E-4     1.6765781748827157E-12
2.3638543601133433E-4     1.6731890765838864E-12
2.3655550488812908E-4     1.6697879751640731E-12
2.3672557376492386E-4     1.6663748706232756E-12
2.3689564264171864E-4     1.6629498702634615E-12
2.370657115185134E-4      1.6595130872811112E-12
2.3723578039530814E-4     1.6560645216762234E-12
2.374058492721029E-4      1.6526041734487989E-12
2.375759181488977E-4      1.6491320425988377E-12
2.3774598702569244E-4     1.6456481291263395E-12
2.3791605590248722E-4     1.6421525433803295E-12
2.3808612477928197E-4     1.638645401844423E-12
2.3825619365607675E-4     1.6351267045186187E-12
2.384262625328715E-4      1.6315964514029173E-12
2.3859633140966625E-4     1.6280546424973187E-12
2.3876640028646102E-4     1.6245012778018232E-12
2.389364691632558E-4      1.6209364706715538E-12
2.3910653804005055E-4     1.617360340850592E-12
2.392766069168453E-4      1.6137728883389382E-12
2.3944667579364005E-4     1.6101741131365922E-12
2.3961674467043486E-4     1.606564015243554E-12
2.397868135472296E-4      1.6029425946598239E-12
2.3995688242402439E-4     1.599309967713738E-12
2.4012695130081914E-4     1.5956662573739142E-12
2.402970201776139E-4      1.592011463640352E-12
2.4046708905440866E-4     1.5883455865130516E-12
2.4063715793120341E-4     1.5846686259920137E-12
2.408072268079982E-4      1.5809805820772375E-12
2.4097729568479294E-4     1.5772815740511132E-12
2.4114736456158772E-4     1.5735717280570377E-12
2.4131743343838247E-4     1.5698510440950113E-12
2.4148750231517722E-4     1.5661195221650339E-12
2.4165757119197197E-4     1.5623771622671059E-12
2.4182764006876672E-4     1.558623964401227E-12
2.419977089455615E-4      1.5548600507729505E-12
2.4216777782235627E-4     1.551085550632785E-12
2.4233784669915103E-4     1.5473004639807302E-12
2.425079155759458E-4      1.5435047908167862E-12
2.4267798445274055E-4     1.5396985311409535E-12
2.4284805332953533E-4     1.5358816849532315E-12
2.4301812220633008E-4     1.5320543775251482E-12
2.4318819108312486E-4     1.5282167411118236E-12
2.4335825995991958E-4     1.5243687757132569E-12
2.4352832883671433E-4     1.5205104813294485E-12
2.436983977135091E-4      1.5166418579603988E-12
2.4386846659030386E-4     1.5127629056061071E-12
2.4403853546709864E-4     1.5088737524843479E-12
2.442086043438934E-4      1.504974533787712E-12
2.4437867322068814E-4     1.5010652495161994E-12
2.445487420974829E-4      1.4971458996698103E-12
2.447188109742777E-4      1.493216484248545E-12
2.4488887985107244E-4     1.489277003252403E-12
2.4505894872786725E-4     1.4853275876926738E-12
2.45229017604662E-4       1.48136837571082E-12
2.4539908648145675E-4     1.4773993673068414E-12
2.455691553582515E-4      1.4734205624807383E-12
2.4573922423504625E-4     1.4694319612325104E-12
2.45909293111841E-4       1.4654335635621578E-12
2.4607936198863575E-4     1.4614255032521232E-12
2.4624943086543055E-4     1.4574079213663405E-12
2.4641949974222525E-4     1.4533808179048103E-12
2.4658956861902005E-4     1.4493441928675323E-12
2.467596374958148E-4      1.4452980462545068E-12
2.4692970637260955E-4     1.4412423780657337E-12
2.4709977524940436E-4     1.4371773248746276E-12
2.472698441261991E-4      1.4331030305966204E-12
2.4743991300299386E-4     1.429019495231712E-12
2.476099818797886E-4      1.4249267187799023E-12
2.4778005075658336E-4     1.4208247012411917E-12
2.4795011963337816E-4     1.4167134426155796E-12
2.481201885101729E-4      1.4125930821788745E-12
2.482902573869677E-4      1.408463766647711E-12
2.4846032626376247E-4     1.404325496022089E-12
2.486303951405572E-4      1.400178270302009E-12
2.48800464017352E-4       1.3960220894874706E-12
2.489705328941468E-4      1.391856953578474E-12
2.491406017709416E-4      1.3876830044117457E-12
2.4931067064773633E-4     1.3835003914977715E-12
2.494807395245311E-4      1.379309114836552E-12
2.4965080840132583E-4     1.3751091744280871E-12
2.498208772781206E-4      1.3709005702723765E-12
2.4999094615491533E-4     1.3666833023694206E-12
2.501610150317101E-4      1.3624575149514843E-12
2.503310839085049E-4      1.3582233603616743E-12
2.5050115278529964E-4     1.35398083859999E-12
2.506712216620944E-4      1.3497299496664317E-12
2.508412905388892E-4      1.3454706935609996E-12
2.5101135941568394E-4     1.3412030702836934E-12
2.511814282924787E-4      1.336927226588724E-12
2.5135149716927344E-4     1.3326433175648137E-12
2.515215660460682E-4      1.3283513432119625E-12
2.51691634922863E-4       1.32405130353017E-12
2.5186170379965775E-4     1.3197431985194364E-12
2.520317726764525E-4      1.3154270281797617E-12
2.5220184155324725E-4     1.31110294163694E-12
2.5237191043004205E-4     1.3067710966525624E-12
2.525419793068368E-4      1.3024314932266285E-12
2.5271204818363155E-4     1.2980841313591388E-12
2.528821170604263E-4      1.2937290110500932E-12
2.5305218593722105E-4     1.2893661322994916E-12
2.532222548140158E-4      1.284995646386169E-12
2.533923236908106E-4      1.2806177138187157E-12
2.5356239256760536E-4     1.2762323345971315E-12
2.5373246144440016E-4     1.2718395087214162E-12
2.539025303211949E-4      1.2674392361915704E-12
2.5407259919798966E-4     1.2630315170075933E-12
2.542426680747844E-4      1.2586165045190607E-12
2.5441273695157916E-4     1.2541943619845017E-12
2.545828058283739E-4      1.249765089403917E-12
2.5475287470516866E-4     1.2453286867773062E-12
2.549229435819634E-4      1.24088515410467E-12
2.5509301245875817E-4     1.2364344913860077E-12
2.552630813355529E-4      1.2319768540064004E-12
2.554331502123477E-4      1.2275124078900712E-12
2.5560321908914247E-4     1.2230411530370197E-12
2.557732879659372E-4      1.2185630894472461E-12
2.55943356842732E-4       1.2140782171207506E-12
2.561134257195268E-4      1.2095865360575328E-12
2.562834945963215E-4      1.2050882036362693E-12
2.564535634731163E-4      1.2005833883459304E-12
2.56623632349911E-4       1.1960720901865166E-12
2.5679370122670583E-4     1.1915543091580273E-12
2.569637701035006E-4      1.187030045260463E-12
2.5713383898029533E-4     1.1824992984938233E-12
2.573039078570901E-4      1.1779622281759196E-12
2.574739767338849E-4      1.1734190052737832E-12
2.5764404561067964E-4     1.168869629787414E-12
2.578141144874744E-4      1.1643141017168124E-12
2.5798418336426914E-4     1.1597524210619783E-12
2.581542522410639E-4      1.1551845878229116E-12
2.5832432111785864E-4     1.150610763232629E-12
2.5849438999465344E-4     1.1460311206294636E-12
2.586644588714482E-4      1.1414456600134154E-12
2.58834527748243E-4       1.1368543813844844E-12
2.5900459662503775E-4     1.132257284742671E-12
2.591746655018325E-4      1.1276543700879748E-12
2.5934473437862725E-4     1.12304580053749E-12
2.5951480325542205E-4     1.1184317516888279E-12
2.5968487213221675E-4     1.1138122235419879E-12
2.5985494100901155E-4     1.1091872160969705E-12
2.600250098858063E-4      1.1045567293537757E-12
2.6019507876260105E-4     1.0999207633124035E-12
2.603651476393958E-4      1.0952794829324632E-12
2.605352165161906E-4      1.0906330659669627E-12
2.6070528539298536E-4     1.0859815124159017E-12
2.608753542697801E-4      1.0813248222792806E-12
2.6104542314657486E-4     1.0766629955570991E-12
2.612154920233696E-4      1.0719960322493576E-12
2.6138556090016436E-4     1.0673240991093766E-12
2.615556297769591E-4      1.0626473759464625E-12
2.6172569865375386E-4     1.0579658627606154E-12
2.6189576753054867E-4     1.0532795595518353E-12
2.620658364073434E-4      1.0485884663201224E-12
2.6223590528413817E-4     1.0438925830654766E-12
2.624059741609329E-4      1.0391920782801358E-12
2.625760430377277E-4      1.0344871337324681E-12
2.6274611191452247E-4     1.0297777494224734E-12
2.629161807913172E-4      1.025063925350152E-12
2.63086249668112E-4       1.0203456615155037E-12
2.632563185449068E-4      1.0156229579185287E-12
2.634263874217016E-4      1.0108959847353905E-12
2.6359645629849633E-4     1.0061649255938323E-12
2.637665251752911E-4      1.001429780493854E-12
2.6393659405208583E-4     9.966905494354553E-13
2.641066629288806E-4      9.919472324186364E-13
2.6427673180567533E-4     9.871998294433975E-13
2.644468006824701E-4      9.824485123182758E-13
2.646168695592649E-4      9.776934664236347E-13
2.647869384360596E-4      9.729346917594745E-13
2.649570073128544E-4      9.681721883257952E-13
2.6512707618964914E-4     9.63405956122597E-13
2.652971450664439E-4      9.586359951498793E-13
2.654672139432387E-4      9.538624787951103E-13
2.6563728282003344E-4     9.490855940826823E-13
2.658073516968282E-4      9.443053410125958E-13
2.6597742057362294E-4     9.395217195848502E-13
2.661474894504177E-4      9.34734729799446E-13
2.663175583272125E-4      9.29944371656383E-13
2.6648762720400725E-4     9.251508200667593E-13
2.6665769608080205E-4     9.2035426359092E-13
2.668277649575968E-4      9.155547022288652E-13
2.6699783383439155E-4     9.107521359805948E-13
2.671679027111863E-4      9.059465648461094E-13
2.6733797158798105E-4     9.011379888254082E-13
2.675080404647758E-4      8.96326584299663E-13
2.676781093415706E-4      8.915125412523037E-13
2.6784817821836536E-4     8.866958596833303E-13
2.6801824709516016E-4     8.81876539592743E-13
2.681883159719549E-4      8.770545809805417E-13
2.6835838484874966E-4     8.722299838467262E-13
2.685284537255444E-4      8.674029259866998E-13
2.6869852260233917E-4     8.6257359869213E-13
2.688685914791339E-4      8.577420019630169E-13
2.6903866035592867E-4     8.529081357993603E-13
2.692087292327234E-4      8.480720002011605E-13
2.6937879810951817E-4     8.432335951684171E-13
2.695488669863129E-4      8.383930998512704E-13
2.697189358631077E-4      8.33550706736019E-13
2.6988900473990247E-4     8.287064158226632E-13
2.700590736166972E-4      8.238602271112031E-13
2.70229142493492E-4       8.190121406016385E-13
2.703992113702868E-4      8.141621562939697E-13
2.705692802470816E-4      8.093104546331117E-13
2.7073934912387633E-4     8.044572291841723E-13
2.7090941800067114E-4     7.996024799471517E-13
2.710794868774659E-4      7.947462069220498E-13
2.712495557542607E-4      7.898884101088667E-13
2.7141962463105544E-4     7.850290895076023E-13
2.715896935078502E-4      7.801684267958362E-13
2.7175976238464494E-4     7.753066165011188E-13
2.719298312614397E-4      7.704436586234503E-13
2.7209990013823444E-4     7.655795531628305E-13
2.722699690150292E-4      7.607143001192598E-13
2.7244003789182394E-4     7.558478994927378E-13
2.7261010676861875E-4     7.509805341290273E-13
2.727801756454135E-4      7.461123994026989E-13
2.7295024452220825E-4     7.412434953137524E-13
2.73120313399003E-4       7.36373821862188E-13
2.7329038227579775E-4     7.315033790480058E-13
2.734604511525925E-4      7.266321668712057E-13
2.7363052002938725E-4     7.217603692816502E-13
2.7380058890618205E-4     7.168881823833289E-13
2.7397065778297675E-4     7.120156061762418E-13
2.7414072665977155E-4     7.07142640660389E-13
2.743107955365663E-4      7.022692858357706E-13
2.7448086441336105E-4     6.973955417023865E-13
2.7465093329015586E-4     6.925215932496255E-13
2.748210021669506E-4      6.87647637191009E-13
2.7499107104374536E-4     6.827736735265374E-13
2.751611399205401E-4      6.778997022562102E-13
2.7533120879733486E-4     6.730257233800281E-13
2.7550127767412966E-4     6.681517368979905E-13
2.756713465509244E-4      6.63277928771572E-13
2.758414154277192E-4      6.584044962038102E-13
2.7601148430451397E-4     6.535314391947048E-13
2.761815531813087E-4      6.486587577442562E-13
2.7635162205810347E-4     6.437864518524641E-13
2.765216909348982E-4      6.389145215193287E-13
2.7669175981169297E-4     6.34043153606289E-13
2.768618286884878E-4      6.29172545688324E-13
2.770318975652825E-4      6.243026977654337E-13
2.7720196644207733E-4     6.194336098376181E-13
2.773720353188721E-4      6.145652819048773E-13
2.7754210419566683E-4     6.096977139672112E-13
2.777121730724616E-4      6.048310937086718E-13
2.778822419492564E-4      5.999656189618002E-13
2.7805231082605114E-4     5.951012897265965E-13
2.782223797028459E-4      5.902381060030607E-13
2.783924485796407E-4      5.853760677911927E-13
2.7856251745643544E-4     5.805151750909926E-13
2.787325863332302E-4      5.7565561632504E-13
2.7890265521002494E-4     5.707975894735434E-13
2.790727240868197E-4      5.65941094536503E-13
2.7924279296361444E-4     5.610861315139188E-13
2.794128618404092E-4      5.562327004057907E-13
2.7958293071720394E-4     5.51380801212119E-13
2.7975299959399875E-4     5.465306229994156E-13
2.799230684707935E-4      5.416823637942065E-13
2.800931373475883E-4      5.368360235964918E-13
2.8026320622438305E-4     5.319916024062715E-13
2.8043327510117786E-4     5.271491002235456E-13
2.806033439779726E-4      5.223085170483141E-13
2.8077341285476736E-4     5.174700424833071E-13
2.809434817315621E-4      5.126338745119288E-13
2.8111355060835686E-4     5.078000131341788E-13
2.812836194851516E-4      5.029684583500572E-13
2.8145368836194636E-4     4.981392101595643E-13
2.816237572387411E-4      4.933122685626998E-13
2.817938261155359E-4      4.884878235780548E-13
2.8196389499233066E-4     4.836660730688302E-13
2.821339638691254E-4      4.78847017035026E-13
2.8230403274592016E-4     4.740306554766421E-13
2.824741016227149E-4      4.692169883936788E-13
2.8264417049950967E-4     4.644060157861357E-13
2.828142391913719E-4      4.595979331718949E-13
2.8298430788323417E-4     4.547929330071142E-13
2.831543765750964E-4      4.4999101529179355E-13
2.833244452669586E-4      4.4519218002593303E-13
2.8349451395882084E-4     4.403964272095327E-13
2.8366458265068306E-4     4.3560375684259244E-13
2.8383338426156093E-4     4.3085003160569144E-13
2.8400218587243875E-4     4.2609972374919206E-13
2.841709874833166E-4      4.213528332730942E-13
2.8433978909419444E-4     4.1660936017739787E-13
2.8450859070507225E-4     4.1186930446210317E-13
2.846773923159501E-4      4.0713266612720993E-13
2.8484226869974994E-4     4.0250965416757036E-13
2.850071450835497E-4      3.9789025984394227E-13
2.851720214673495E-4      3.9327448315632563E-13
2.853368978511493E-4      3.8866232410472043E-13
2.855017742349491E-4      3.8405378268912683E-13
2.856666506187489E-4      3.794488589095446E-13
2.8582628449681633E-4     3.7499397318537023E-13
2.859859183748838E-4      3.705428040664681E-13
2.861455522529512E-4      3.6609535155283815E-13
2.8630518613101863E-4     3.616516156444805E-13
2.864648200090861E-4      3.5721159634139506E-13
2.8662445388715353E-4     3.527752936435819E-13
2.8677901195100846E-4     3.4848374569291976E-13
2.869335700148634E-4      3.4419597657827337E-13
2.870881280787183E-4      3.3991198629964264E-13
2.872426861425732E-4      3.3563177485702753E-13
2.8739724420642814E-4     3.3135534225042813E-13
2.8755180227028307E-4     3.2708268847984435E-13
2.8770144591355165E-4     3.2294963061654256E-13
2.878510895568202E-4      3.188203821480513E-13
2.8800073320008876E-4     3.1469494307437057E-13
2.8815037684335734E-4     3.1057331339550036E-13
2.8830002048662587E-4     3.064554931114406E-13
2.8844966412989445E-4     3.0234148222219147E-13
2.885945496144342E-4      2.9836203874050366E-13
2.88739435098974E-4       2.9438640805399213E-13
2.888843205835137E-4      2.904145901626568E-13
2.8902920606805346E-4     2.8644658506649775E-13
2.891740915525932E-4      2.82482392765515E-13
2.8931897703713294E-4     2.785220132597085E-13
2.894592556562055E-4      2.7469130740619923E-13
2.895995342752781E-4      2.7086439460934294E-13
2.897398128943506E-4      2.670412748691396E-13
2.898800915134232E-4      2.632219481855891E-13
2.900203701324957E-4      2.5940641455869154E-13
2.901606487515683E-4      2.555946739884469E-13
2.9029646698782384E-4     2.5190785114349213E-13
2.904322852240794E-4      2.4822478204207765E-13
2.9056810346033497E-4     2.445454666842036E-13
2.907039216965905E-4      2.4086990506986995E-13
2.9083973993284604E-4     2.371980971990767E-13
2.909755581691016E-4      2.335300430718238E-13
2.9110705784754005E-4     2.299822906186214E-13
2.9123855752597843E-4     2.2643823618138437E-13
2.913700572044168E-4      2.228978797601128E-13
2.915015568828552E-4      2.1936122135480663E-13
2.9163305656129364E-4     2.1582826096546592E-13
2.9176455623973203E-4     2.1229899859209063E-13
2.918918746758003E-4      2.0888556282713592E-13
2.9201919311186853E-4     2.054757557291435E-13
2.921465115479368E-4      2.020695772981133E-13
2.9227382998400504E-4     1.9866702753404534E-13
2.9240114842007324E-4     1.952681064369397E-13
2.925284668561415E-4      1.9187281400679628E-13
2.926517369991221E-4      1.8858901432787126E-13
2.927750071421027E-4      1.8530876280172896E-13
2.928982772850833E-4      1.8203205942836937E-13
2.930215474280639E-4      1.787589042077925E-13
2.9314481757104446E-4     1.754892971399984E-13
2.932680877140251E-4      1.7222323822498703E-13
2.933874382858653E-4      1.6906447896590462E-13
2.935067888577056E-4      1.6590917833468168E-13
2.936261394295458E-4      1.6275733633131818E-13
2.93745490001386E-4       1.5960895295581417E-13
2.938648405732263E-4      1.5646402820816962E-13
2.9398419114506653E-4     1.5332256208838453E-13
2.940997467747933E-4      1.5028434223357536E-13
2.942153024045201E-4      1.4724948435066164E-13
2.943308580342469E-4      1.4421798843964334E-13
2.9444641366397365E-4     1.411898545005205E-13
2.9456196929370047E-4     1.3816508253329307E-13
2.9467752492342723E-4     1.351436725379611E-13
2.9478940627728807E-4     1.3222159353992718E-13
2.949012876311489E-4      1.293027743534359E-13
2.950131689850097E-4      1.263872149784873E-13
2.9512505033887053E-4     1.2347491541508137E-13
2.9523693169273136E-4     1.2056587566321816E-13
2.953488130465922E-4      1.176600957228976E-13
2.9545713695405807E-4     1.1484986759953392E-13
2.95565460861524E-4       1.120427930161186E-13
2.956737847689898E-4      1.092388719726517E-13
2.957821086764557E-4      1.0643810446913321E-13
2.958904325839216E-4      1.0364049050556313E-13
2.9599875649138744E-4     1.0084603008194146E-13
2.961036360671493E-4      9.814347597438158E-14
2.9620851564291114E-4     9.544396619980712E-14
2.96313395218673E-4       9.27475007582181E-14
2.964182747944348E-4      9.00540796496145E-14
2.9652315437019667E-4     8.736370287399632E-14
2.966280339459585E-4      8.467637043136359E-14
2.967295787080446E-4      8.207742975227559E-14
2.968311234701307E-4      7.948142222595993E-14
2.9693266823221676E-4     7.688834785241667E-14
2.9703421299430286E-4     7.429820663164576E-14
2.971357577563889E-4      7.171099856364727E-14
2.97237302518475E-4       6.912672364842112E-14
2.9733561850261254E-4     6.662745390363522E-14
2.9743393448675013E-4     6.413100490767396E-14
2.975322504708876E-4      6.16373766605373E-14
2.976305664550252E-4      5.914656916222527E-14
2.9772888243916274E-4     5.6658582412737855E-14
2.9782719842330027E-4     5.4173416412075064E-14
2.979223882936408E-4      5.1769993697073415E-14
2.9801757816398135E-4     4.936927860746453E-14
2.9811276803432186E-4     4.6971271143248405E-14
2.9820795790466237E-4     4.4575971304425056E-14
2.9830314777500293E-4     4.218337909099447E-14
2.9839833764534345E-4     3.979349450295665E-14
2.9849050080166744E-4     3.748221271190794E-14
2.985826639579914E-4      3.517352494078616E-14
2.9867482711431526E-4     3.286743118959132E-14
2.9876699027063926E-4     3.05639314583234E-14
2.988591534269632E-4      2.8263025746982418E-14
2.9895131658328714E-4     2.5964714055568363E-14
2.990405492601034E-4      2.374198304072604E-14
2.991297819369197E-4      2.1521731396812194E-14
2.99219014613736E-4       1.9303959123826825E-14
2.9930824729055227E-4     1.708866622176994E-14
2.9939747996736855E-4     1.487585269064153E-14
2.994867126441848E-4      1.26655185304416E-14
2.9957226053682064E-4     1.0548821631605891E-14
2.9965780842945656E-4     8.434435590275025E-15
2.997433563220924E-4      6.322360406449004E-15
2.9982890421472824E-4     4.212596080127825E-15
2.999144521073641E-4      2.1051426113114896E-15
3.0E-4                    0
