% Model:              PLacek_MembTVNJ_ArticleDims_Rh100um_hg10um_To2MHz_PHedit.mph
% Version:            COMSOL 6.3.0.335
% Date:               May 22 2025, 12:28
% Dimension:          1
% Nodes:              1801
% Expressions:        1
% Description:        Line graph
% Arc length (m)          imag(xi)
0                         2.8072863381434553E-11
1.6835192320072636E-7     2.807285999034305E-11
3.367038464014527E-7      2.807284981714362E-11
5.050557696021791E-7      2.807283286183627E-11
6.734076928029054E-7      2.8072809124421E-11
8.417596160036319E-7      2.8072778604897815E-11
1.0101115392043582E-6     2.8072741303266703E-11
1.1801802473622774E-6     2.8072696734156564E-11
1.3502489555201964E-6     2.8072645243972658E-11
1.5203176636781154E-6     2.8072586832714993E-11
1.6903863718360344E-6     2.8072521500383577E-11
1.8604550799939534E-6     2.8072449246978403E-11
2.0305237881518723E-6     2.8072370072499477E-11
2.200592664946635E-6      2.8072283976050872E-11
2.370661541741397E-6      2.80721909586363E-11
2.5407304185361593E-6     2.8072091020255768E-11
2.710799295330922E-6      2.807198416090927E-11
2.880868172125684E-6      2.8071870380596815E-11
3.0509370489204466E-6     2.8071749679318393E-11
3.2210059257152087E-6     2.8071622056636988E-11
3.3910748025099717E-6     2.8071487513208807E-11
3.5611436793047335E-6     2.8071346049033853E-11
3.731212556099496E-6      2.8071197664112132E-11
3.901281432894258E-6      2.8071042358443642E-11
4.07135030968902E-6       2.8070880132028382E-11
4.2414191864837825E-6     2.807071098443815E-11
4.411488063278545E-6      2.8070534916313716E-11
4.581556940073307E-6      2.8070351927655096E-11
4.751625816868069E-6      2.8070162018462286E-11
4.921694693662831E-6      2.806996518873528E-11
5.091763570457593E-6      2.8069761438474087E-11
5.261832447252356E-6      2.8069550767649954E-11
5.4319013240471185E-6     2.806933317644856E-11
5.601970200841881E-6      2.80691086648699E-11
5.772039077636643E-6      2.8068877232913976E-11
5.942107954431407E-6      2.806863888058079E-11
6.112176831226169E-6      2.8068393607870342E-11
6.282245708020931E-6      2.8068141414860693E-11
6.452314584815693E-6      2.8067882301571374E-11
6.622383461610455E-6      2.8067616268002363E-11
6.7924523384052175E-6     2.8067343314153672E-11
6.96252121519998E-6       2.8067063440025303E-11
7.132590091994742E-6      2.8066776645617253E-11
7.302658968789505E-6      2.8066482931027127E-11
7.472727845584267E-6      2.8066182296181918E-11
7.642796722379028E-6      2.806587474108161E-11
7.812865599173792E-6      2.8065560265726216E-11
7.982934475968554E-6      2.8065238870115736E-11
8.153003352763316E-6      2.8064910554250164E-11
8.323072229558079E-6      2.806457531824246E-11
8.493141106352842E-6      2.806423316197733E-11
8.663209983147605E-6      2.8063884085454776E-11
8.833278859942367E-6      2.80635280886748E-11
9.003347736737129E-6      2.8063165171637404E-11
9.173416613531891E-6      2.806279533434259E-11
9.343485490326653E-6      2.806241857694876E-11
9.513554367121415E-6      2.8062034899302935E-11
9.683623243916178E-6      2.8061644301405115E-11
9.853692120710938E-6      2.80612467832553E-11
1.00237609975057E-5       2.806084234485349E-11
1.0193829874300462E-5     2.8060430986199685E-11
1.0363898751095225E-5     2.806001270749321E-11
1.0533967627889988E-5     2.8059587508552345E-11
1.070403650468475E-5      2.8059155389377077E-11
1.0874105381479513E-5     2.805871634996741E-11
1.1044174258274277E-5     2.8058270390323348E-11
1.1214243135069039E-5     2.8057817510444885E-11
1.1384312011863803E-5     2.8057357710553213E-11
1.1554380888658565E-5     2.8056890990450177E-11
1.1724449765453327E-5     2.8056417350135796E-11
1.1894518642248089E-5     2.805593678961006E-11
1.2064587519042851E-5     2.805544930887297E-11
1.2234656395837613E-5     2.8054954907924533E-11
1.2404725272632376E-5     2.805445358699523E-11
1.257479414942714E-5      2.805394534587944E-11
1.27448630262219E-5       2.8053430184577155E-11
1.2914931903016664E-5     2.8052908103088383E-11
1.3085000779811424E-5     2.8052379101413125E-11
1.3255069656606186E-5     2.8051843179551378E-11
1.3425138533400948E-5     2.805130033773989E-11
1.3595207410195712E-5     2.8050750575768878E-11
1.3765276286990473E-5     2.8050193893638353E-11
1.3935345163785237E-5     2.8049630291348304E-11
1.4105414040579997E-5     2.8049059768898742E-11
1.427548291737476E-5      2.8048482326289663E-11
1.4445551794169521E-5     2.8047897963760682E-11
1.4615620670964285E-5     2.8047306681101475E-11
1.4785689547759046E-5     2.8046708478312047E-11
1.495575842455381E-5      2.8046103355392394E-11
1.5125827301348572E-5     2.804549131234252E-11
1.5295896178143334E-5     2.804487234916242E-11
1.5465965054938098E-5     2.8044246466088138E-11
1.5636033931732858E-5     2.8043613662912846E-11
1.580610280852762E-5      2.8042973939636552E-11
1.5976171685322383E-5     2.8042327296259257E-11
1.6146240562117146E-5     2.8041673732780962E-11
1.6316309438911907E-5     2.8041013249201663E-11
1.648637831570667E-5      2.8040345845746523E-11
1.665644719250143E-5      2.8039671522215362E-11
1.6826516069296195E-5     2.8038990278608175E-11
1.6996584946090956E-5     2.8038302114924962E-11
1.716665382288572E-5      2.803760703116573E-11
1.733672269968048E-5      2.8036905027330478E-11
1.7506791576475244E-5     2.8036196103631396E-11
1.7676860453270008E-5     2.8035480259873038E-11
1.7846929330064768E-5     2.8034757496055407E-11
1.8016998206859532E-5     2.803402781217851E-11
1.8187067083654292E-5     2.8033291208242343E-11
1.8357135960449056E-5     2.8032547684246907E-11
1.852720483724382E-5      2.803179724037398E-11
1.8697273714038584E-5     2.8031039876436854E-11
1.8867342590833344E-5     2.8030275592435537E-11
1.9037411467628108E-5     2.8029504388370022E-11
1.9207480344422872E-5     2.8028726264240307E-11
1.9377549221217633E-5     2.80279412200464E-11
1.9547618098012396E-5     2.8027149255949063E-11
1.9717686974807157E-5     2.8026350371763258E-11
1.9887755851601917E-5     2.8025544567488993E-11
2.005782472839668E-5      2.8024731843126265E-11
2.0227893605191438E-5     2.802391219867508E-11
2.0397962481986202E-5     2.802308563413543E-11
2.0568031358780966E-5     2.8022252149647233E-11
2.073810023557573E-5      2.8021411745023985E-11
2.090816911237049E-5      2.8020564420265686E-11
2.1078237989165254E-5     2.801971017537233E-11
2.1248306865960018E-5     2.8018849010343924E-11
2.141837574275478E-5      2.8017980925180468E-11
2.1588444619549542E-5     2.8017105920003506E-11
2.1758513496344303E-5     2.8016223994621486E-11
2.1928582373139063E-5     2.8015335149034413E-11
2.2098651249933827E-5     2.801443938324229E-11
2.2268720126728584E-5     2.8013536697245115E-11
2.2438789003523348E-5     2.8012627091042888E-11
2.2608857880318112E-5     2.8011710564741033E-11
2.2778926757112876E-5     2.8010787118138986E-11
2.2948995633907636E-5     2.8009856751236737E-11
2.3119064510702397E-5     2.8008919464034286E-11
2.3289133387497164E-5     2.8007975256531646E-11
2.3459202264291924E-5     2.80070241287288E-11
2.3629271141086688E-5     2.8006066080713117E-11
2.379934001788145E-5      2.800510111227093E-11
2.396940889467621E-5      2.8004129223402238E-11
2.4139477771470973E-5     2.8003150414107048E-11
2.4309546648265737E-5     2.8002164684385356E-11
2.4479615525060497E-5     2.8001172034237165E-11
2.464968440185526E-5      2.8000172463732434E-11
2.481975327865002E-5      2.7999165972641147E-11
2.4989822155444785E-5     2.7998152560963295E-11
2.515989103223955E-5      2.7997132228698885E-11
2.532995990903431E-5      2.7996104975847917E-11
2.5500028785829074E-5     2.799507080241039E-11
2.5670097662623834E-5     2.7994029708436707E-11
2.5840166539418598E-5     2.7992981693678082E-11
2.6010235416213362E-5     2.7991926758134505E-11
2.6180304293008122E-5     2.799086490180598E-11
2.6350373169802883E-5     2.7989796124692515E-11
2.6520442046597647E-5     2.79887204267941E-11
2.669051092339241E-5      2.7987637808137666E-11
2.686057980018717E-5      2.7986548268453405E-11
2.703064867698193E-5      2.7985451807741318E-11
2.7200717553776692E-5     2.7984348426001407E-11
2.7370786430571456E-5     2.798323812323367E-11
2.7540855307366216E-5     2.7982120899438115E-11
2.771092418416098E-5      2.7980996754618684E-11
2.7880993060955744E-5     2.7979865688481678E-11
2.8051061937750504E-5     2.7978727701027092E-11
2.8221130814545265E-5     2.7977582792254927E-11
2.839119969134003E-5      2.797643096216519E-11
2.8561268568134793E-5     2.797527221075788E-11
2.8731337444929556E-5     2.797410653800993E-11
2.890140632172432E-5      2.797293394360103E-11
2.907147519851908E-5      2.797175442753118E-11
2.9241544075313845E-5     2.7970567989800378E-11
2.9411612952108605E-5     2.796937463040863E-11
2.958168182890337E-5      2.796817434935593E-11
2.975175070569813E-5      2.7966967146591874E-11
2.9921819582492897E-5     2.7965753021766336E-11
3.0091888459287654E-5     2.7964531974879325E-11
3.0261957336082418E-5     2.7963304005930834E-11
3.0432026212877178E-5     2.7962069114920876E-11
3.060209508967194E-5      2.796082730184944E-11
3.07721639664667E-5       2.7959578566643068E-11
3.0942232843261466E-5     2.7958322908916497E-11
3.111230172005623E-5      2.795706032866974E-11
3.1282370596850994E-5     2.7955790825902786E-11
3.145243947364575E-5      2.795451440061564E-11
3.1622508350440515E-5     2.79532310528083E-11
3.179257722723528E-5      2.7951940782367838E-11
3.196264610403004E-5      2.7950643588870344E-11
3.21327149808248E-5       2.7949339472315814E-11
3.2302783857619563E-5     2.7948028432704256E-11
3.247285273441433E-5      2.7946710470035662E-11
3.264292161120909E-5      2.794538558431004E-11
3.2812990488003855E-5     2.7944053775381654E-11
3.298305936479862E-5      2.7942715042783726E-11
3.315312824159338E-5      2.7941369386516247E-11
3.332319711838814E-5      2.7940016806579226E-11
3.3493265995182904E-5     2.793865730297266E-11
3.366333487197767E-5      2.7937290875696544E-11
3.383340374877243E-5      2.793591752456519E-11
3.400347262556719E-5      2.7934537249065158E-11
3.417354150236195E-5      2.7933150049196434E-11
3.434361037915671E-5      2.7931755924959028E-11
3.4513679255951466E-5     2.793035487635293E-11
3.468374813274623E-5      2.7928946903378157E-11
3.4853817009540994E-5     2.7927532005808848E-11
3.502388588633576E-5      2.7926110183080548E-11
3.519395476313052E-5      2.7924681435193236E-11
3.5364023639925286E-5     2.7923245762146928E-11
3.553409251672005E-5      2.7921803163941626E-11
3.5704161393514813E-5     2.7920353640577322E-11
3.587423027030958E-5      2.7918897191782305E-11
3.604429914710434E-5      2.7917433816936327E-11
3.6214368023899105E-5     2.7915963516039373E-11
3.638443690069387E-5      2.7914486289091454E-11
3.655450577748863E-5      2.791300213609257E-11
3.672457465428339E-5      2.7911511057042718E-11
3.6894643531078154E-5     2.791001305162223E-11
3.706471240787292E-5      2.790850811915048E-11
3.7234781284667675E-5     2.7906996259627478E-11
3.740485016146244E-5      2.790547747305323E-11
3.7574919038257195E-5     2.7903951759427723E-11
3.774498791505196E-5      2.7902419118750966E-11
3.791505679184672E-5      2.7900879550653738E-11
3.808512566864148E-5      2.789933305439144E-11
3.8255194545436244E-5     2.7897779629964065E-11
3.842526342223101E-5      2.789621927737162E-11
3.8595332299025765E-5     2.78946519966141E-11
3.876540117582053E-5      2.7893077787691513E-11
3.893547005261529E-5      2.7891496650179954E-11
3.910553892941006E-5      2.7889908583265722E-11
3.927560780620482E-5      2.7888313586948824E-11
3.9445676682999584E-5     2.7886711661229258E-11
3.961574555979435E-5      2.788510280610703E-11
3.978581443658911E-5      2.7883487021582132E-11
3.995588331338387E-5      2.788186430716865E-11
4.012595219017863E-5      2.788023466197622E-11
4.02960210669734E-5       2.787859808600483E-11
4.0466089943768154E-5     2.787695457925449E-11
4.063615882056292E-5      2.78753041417252E-11
4.0806227697357675E-5     2.787364677341695E-11
4.097629657415244E-5      2.7871982473774032E-11
4.11463654509472E-5       2.7870311241821517E-11
4.1316434327741966E-5     2.7868633077559407E-11
4.148650320453673E-5      2.7866947980987702E-11
4.165657208133149E-5      2.7865255952106405E-11
4.182664095812625E-5      2.7863556990915514E-11
4.1996709834921015E-5     2.786185109678227E-11
4.216677871171578E-5      2.7860138268639855E-11
4.233684758851054E-5      2.785841850648827E-11
4.2506916465305307E-5     2.785669181032751E-11
4.267698534210007E-5      2.785495818015759E-11
4.2847054218894834E-5     2.785321761597849E-11
4.30171230956896E-5       2.7851470117075304E-11
4.3187191972484355E-5     2.784971568228206E-11
4.335726084927912E-5      2.7847954311598757E-11
4.3527329726073876E-5     2.7846186005025395E-11
4.369739860286864E-5      2.7844410762561978E-11
4.38674674796634E-5       2.7842628584208498E-11
4.403753635645816E-5      2.7840839469165302E-11
4.4207605233252925E-5     2.7839043416157562E-11
4.437767411004769E-5      2.7837240425185292E-11
4.454774298684245E-5      2.7835430496248484E-11
4.471781186363721E-5      2.783361362934714E-11
4.4887880740431973E-5     2.7831789824481262E-11
4.505794961722674E-5      2.7829959080755034E-11
4.52280184940215E-5       2.7828121396776833E-11
4.539808737081626E-5      2.7826276772546646E-11
4.556815624761102E-5      2.782442520806449E-11
4.5738225124405786E-5     2.7822566703330358E-11
4.590829400120055E-5      2.7820701258344252E-11
4.6078362877995314E-5     2.7818828872103702E-11
4.624843175479008E-5      2.781694954310031E-11
4.641850063158484E-5      2.781506327133408E-11
4.65885695083796E-5       2.7813170056805016E-11
4.675863838517436E-5      2.7811269899513115E-11
4.6928707261969126E-5     2.780936279945838E-11
4.709877613876389E-5      2.7807448755595584E-11
4.7268845015558654E-5     2.7805527766281468E-11
4.743891389235341E-5      2.7803599831516044E-11
4.7608982769148175E-5     2.7801664951299304E-11
4.777905164594294E-5      2.7799723125631253E-11
4.79491205227377E-5       2.779777435451189E-11
4.8119189399532466E-5     2.779581863671888E-11
4.828925827632723E-5      2.7793855970457226E-11
4.845932715312199E-5      2.779188635572693E-11
4.8629396029916744E-5     2.7789909792527985E-11
4.8799464906711515E-5     2.77879262808604E-11
4.896953378350627E-5      2.778593582072417E-11
4.9139602660301036E-5     2.7783938410783083E-11
4.93096715370958E-5       2.778193404907962E-11
4.947974041389056E-5      2.7779922735613777E-11
4.9649809290685314E-5     2.7777904470385556E-11
4.981987816748008E-5      2.777587925339496E-11
4.998994704427484E-5      2.7773847084641986E-11
5.0160015921069605E-5     2.7771807962656034E-11
5.033008479786437E-5      2.7769761885303708E-11
5.050015367465913E-5      2.7767708852585016E-11
5.067022255145389E-5      2.7765648864499958E-11
5.0840291428248654E-5     2.7763581921048534E-11
5.101036030504342E-5      2.7761508022230742E-11
5.1180429181838175E-5     2.7759427166434402E-11
5.135049805863294E-5      2.775733935133922E-11
5.15205669354277E-5       2.7755244576945185E-11
5.169063581222245E-5      2.7753142843252304E-11
5.1860704689017224E-5     2.775103415026058E-11
5.203077356581198E-5      2.774891849797001E-11
5.2200842442606745E-5     2.7746795884614925E-11
5.237091131940151E-5      2.774466630767127E-11
5.254098019619627E-5      2.7742529767139044E-11
5.2711049072991036E-5     2.7740386263018253E-11
5.28811179497858E-5       2.7738235795308893E-11
5.3051186826580564E-5     2.7736078364010962E-11
5.322125570337533E-5      2.773391396719199E-11
5.339132458017009E-5      2.773174260210636E-11
5.3561393456964855E-5     2.7729564268754052E-11
5.373146233375962E-5      2.7727378967135077E-11
5.390153121055438E-5      2.7725186697249438E-11
5.407160008734914E-5      2.772298745909713E-11
5.4241668964143904E-5     2.7720781250566686E-11
5.441173784093867E-5      2.771856806867227E-11
5.4581806717733425E-5     2.7716347913413898E-11
5.475187559452819E-5      2.7714120784791565E-11
5.492194447132294E-5      2.7711886682805275E-11
5.50920133481177E-5       2.770964560745502E-11
5.526208222491247E-5      2.7707397556437697E-11
5.543215110170724E-5      2.7705142526505485E-11
5.5602219978501995E-5     2.770288051765837E-11
5.577228885529676E-5      2.770061152989637E-11
5.594235773209153E-5      2.7698335563219473E-11
5.611242660888629E-5      2.769605261762769E-11
5.628249548568105E-5      2.7693762690619133E-11
5.6452564362475814E-5     2.7691465778658478E-11
5.662263323927058E-5      2.768916188174571E-11
5.679270211606533E-5      2.7686850999880836E-11
5.69627709928601E-5       2.768453313306385E-11
5.7132839869654856E-5     2.768220828129476E-11
5.730290874644962E-5      2.7679876441871742E-11
5.747297762324438E-5      2.7677537610948144E-11
5.764304650003915E-5      2.7675191788523966E-11
5.781311537683391E-5      2.7672838974599206E-11
5.7983184253628675E-5     2.767047916917387E-11
5.815325313042344E-5      2.7668112372247947E-11
5.83233220072182E-5       2.7665738580919743E-11
5.8493390884012966E-5     2.766335779100696E-11
5.866345976080773E-5      2.7660970002509597E-11
5.8833528637602494E-5     2.7658575215427645E-11
5.900359751439725E-5      2.7656173429761118E-11
5.9173666391192015E-5     2.7653764645510002E-11
5.934373526798678E-5      2.7651348859573017E-11
5.951380414478154E-5      2.7648926067396198E-11
5.96838730215763E-5       2.7646496268979538E-11
5.9853941898371064E-5     2.764405946432304E-11
6.0024010775165814E-5     2.7641615653426704E-11
6.019407965196058E-5      2.7639164836290533E-11
6.036414852875534E-5      2.7636707009606646E-11
6.0534217405550106E-5     2.7634242168388914E-11
6.070428628234486E-5      2.7631770312637342E-11
6.087435515913962E-5      2.762929144235193E-11
6.104442403593438E-5      2.7626805557532683E-11
6.121449291272915E-5      2.7624312658179595E-11
6.138456178952391E-5      2.7621812740732774E-11
6.155463066631868E-5      2.7619305799719787E-11
6.172469954311344E-5      2.7616791835140616E-11
6.18947684199082E-5       2.7614270846995273E-11
6.206483729670297E-5      2.761174283528375E-11
6.223490617349773E-5      2.7609207800006062E-11
6.24049750502925E-5       2.7606665737317568E-11
6.257504392708726E-5      2.7604116641225872E-11
6.274511280388202E-5      2.7601560511730965E-11
6.291518168067679E-5      2.7598997348832853E-11
6.308525055747155E-5      2.7596427152531542E-11
6.325531943426631E-5      2.7593849922827016E-11
6.342538831106108E-5      2.7591265655591157E-11
6.359545718785583E-5      2.7588674344284108E-11
6.376552606465059E-5      2.7586075988905865E-11
6.393559494144536E-5      2.7583470589456423E-11
6.41056638182401E-5       2.7580858145935793E-11
6.427573269503487E-5      2.757823865834397E-11
6.444580157182963E-5      2.7575612122252965E-11
6.461587044862441E-5      2.7572978530554516E-11
6.478593932541916E-5      2.757033788324862E-11
6.495600820221393E-5      2.7567690180335276E-11
6.512607707900869E-5      2.756503542181449E-11
6.529614595580345E-5      2.7562373607686253E-11
6.546621483259822E-5      2.755970473318897E-11
6.5636283709393E-5        2.755702879062266E-11
6.580635258618774E-5      2.7554345779987314E-11
6.597642146298251E-5      2.755165570128294E-11
6.614649033977727E-5      2.754895855450954E-11
6.631655921657204E-5      2.754625433966711E-11
6.64866280933668E-5       2.7543543051630784E-11
6.665669697016156E-5      2.754082468207728E-11
6.682676584695633E-5      2.7538099231006585E-11
6.699683472375108E-5      2.753536669841871E-11
6.716690360054584E-5      2.7532627084313653E-11
6.73369724773406E-5       2.7529880388691413E-11
6.750704135413537E-5      2.7527126606037846E-11
6.767711023093013E-5      2.7524365727363712E-11
6.784717910772488E-5      2.7521597752669036E-11
6.801724798451965E-5      2.7518822681953806E-11
6.818731686131441E-5      2.751604051521803E-11
6.835738573810918E-5      2.75132512524617E-11
6.852745461490394E-5      2.7510454887754484E-11
6.86975234916987E-5       2.7507651411391222E-11
6.886759236849347E-5      2.7504840823371928E-11
6.903766124528822E-5      2.750202312369659E-11
6.920773012208298E-5      2.749919831236521E-11
6.937779899887774E-5      2.7496366389377794E-11
6.954786787567251E-5      2.749352734836735E-11
6.971793675246727E-5      2.7490681178853828E-11
6.988800562926202E-5      2.7487827880837214E-11
7.005807450605679E-5      2.748496745431751E-11
7.022814338285155E-5      2.7482099899294724E-11
7.039821225964631E-5      2.7479225215768848E-11
7.056828113644108E-5      2.7476343396918808E-11
7.073835001323584E-5      2.7473454431419147E-11
7.09084188900306E-5       2.747055831926987E-11
7.107848776682537E-5      2.7467655060470974E-11
7.124855664362013E-5      2.7464744655022468E-11
7.14186255204149E-5       2.746182710292434E-11
7.158869439720966E-5      2.745890239687239E-11
7.175876327400443E-5      2.745597052461532E-11
7.192883215079919E-5      2.7453031486153137E-11
7.209890102759395E-5      2.745008528148584E-11
7.226896990438872E-5      2.7447131910613436E-11
7.243903878118348E-5      2.744417137353592E-11
7.260910765797824E-5      2.7441203662418682E-11
7.277917653477301E-5      2.7438228763995732E-11
7.294924541156777E-5      2.743524667826707E-11
7.311931428836252E-5      2.7432257405232703E-11
7.32893831651573E-5       2.742926094489263E-11
7.345945204195205E-5      2.7426257297246846E-11
7.362952091874681E-5      2.7423246453893784E-11
7.379958979554158E-5      2.7420228400443986E-11
7.396965867233633E-5      2.741720313689746E-11
7.413972754913108E-5      2.7414170663254203E-11
7.430979642592586E-5      2.7411130979514212E-11
7.44798653027206E-5       2.7408084085677495E-11
7.464993417951538E-5      2.7405029972752515E-11
7.482000305631013E-5      2.7401968625095015E-11
7.499007193310491E-5      2.7398900042705E-11
7.516014080989968E-5      2.739582422558248E-11
7.533020968669444E-5      2.739274117372745E-11
7.55002785634892E-5       2.7389650887139904E-11
7.567034744028397E-5      2.738655335622351E-11
7.584041631707873E-5      2.7383448563909768E-11
7.601048519387348E-5      2.738033651019867E-11
7.618055407066824E-5      2.7377217195090217E-11
7.6350622947463E-5        2.7374090618584416E-11
7.652069182425776E-5      2.7370956780681263E-11
7.669076070105252E-5      2.7367815671107225E-11
7.686082957784729E-5      2.736466727118012E-11
7.703089845464205E-5      2.7361511580899938E-11
7.72009673314368E-5       2.7358348600266688E-11
7.737103620823156E-5      2.7355178329280373E-11
7.754110508502633E-5      2.7352000767940986E-11
7.771117396182109E-5      2.7348815905226088E-11
7.788124283861586E-5      2.734562372060791E-11
7.805131171541062E-5      2.734242421408646E-11
7.822138059220538E-5      2.733921738566173E-11
7.839144946900015E-5      2.7336003235333727E-11
7.856151834579491E-5      2.7332781763102446E-11
7.873158722258968E-5      2.7329552957190742E-11
7.890165609938444E-5      2.732631679489366E-11
7.907172497617919E-5      2.7323073276211203E-11
7.924179385297395E-5      2.7319822401143367E-11
7.941186272976872E-5      2.7316564169690163E-11
7.958193160656348E-5      2.731329858185158E-11
7.975200048335824E-5      2.73100256251181E-11
7.992206936015301E-5      2.7306745274151603E-11
8.009213823694777E-5      2.73034575289521E-11
8.026220711374252E-5      2.7300162389519588E-11
8.04322759905373E-5       2.729685985585406E-11
8.060234486733205E-5      2.7293549927955526E-11
8.077241374412683E-5      2.7290232592570815E-11
8.094248262092158E-5      2.7286907821151954E-11
8.111255149771634E-5      2.7283575613698955E-11
8.12826203745111E-5       2.728023597021181E-11
8.145268925130588E-5      2.7276888890690524E-11
8.162275812810063E-5      2.7273534375135094E-11
8.179282700489541E-5      2.7270172409515197E-11
8.196289588169016E-5      2.7266802961340857E-11
8.213296475848491E-5      2.7263426030612072E-11
8.230303363527969E-5      2.7260041617328852E-11
8.247310251207444E-5      2.725664972149119E-11
8.26431713888692E-5       2.7253250343099088E-11
8.281324026566398E-5      2.7249843467307828E-11
8.298330914245874E-5      2.724642905672926E-11
8.31533780192535E-5       2.7243007111363392E-11
8.332344689604827E-5      2.7239577631210222E-11
8.349351577284304E-5      2.723614061626975E-11
8.36635846496378E-5       2.7232696066541974E-11
8.383365352643258E-5      2.7229243966324345E-11
8.400372240322733E-5      2.7225784272098308E-11
8.417379128002208E-5      2.722231698386384E-11
8.434386015681686E-5      2.7218842101620962E-11
8.45139290336116E-5       2.7215359625369662E-11
8.468399791040637E-5      2.7211869555109944E-11
8.485406678720113E-5      2.7208371874305685E-11
8.50241356639959E-5       2.7204866531682867E-11
8.519420454079065E-5      2.7201353527241507E-11
8.536427341758541E-5      2.719783286098159E-11
8.553434229438016E-5      2.7194304532903124E-11
8.570441117117493E-5      2.7190768543006105E-11
8.587448004796969E-5      2.7187224873727325E-11
8.604454892476445E-5      2.718367346406442E-11
8.621461780155922E-5      2.7180114314017375E-11
8.638468667835397E-5      2.71765474235862E-11
8.655475555514873E-5      2.7172972792770892E-11
8.67248244319435E-5       2.7169390421571454E-11
8.689489330873826E-5      2.7165800291395968E-11
8.706496218553302E-5      2.716220232885689E-11
8.723503106232779E-5      2.7158596533954227E-11
8.740509993912255E-5      2.715498290668798E-11
8.757516881591731E-5      2.7151361447058152E-11
8.774523769271208E-5      2.7147732155064736E-11
8.791530656950684E-5      2.714409501065921E-11
8.80853754463016E-5       2.7140449924890502E-11
8.825544432309636E-5      2.713679689775863E-11
8.842551319989112E-5      2.7133135929263587E-11
8.859558207668588E-5      2.7129467019405373E-11
8.876565095348065E-5      2.7125790168183988E-11
8.893571983027541E-5      2.7122105353260712E-11
8.910578870707019E-5      2.711841246626324E-11
8.927585758386494E-5      2.7114711507191566E-11
8.94459264606597E-5       2.71110024760457E-11
8.961599533745447E-5      2.7107285372825638E-11
8.978606421424923E-5      2.7103560197531382E-11
8.9956133091044E-5        2.7099826924026148E-11
9.012620196783876E-5      2.7096085420006666E-11
9.029627084463352E-5      2.7092335685472923E-11
9.046633972142827E-5      2.7088577720424918E-11
9.063640859822305E-5      2.7084811524862665E-11
9.08064774750178E-5       2.7081037098786154E-11
9.097654635181258E-5      2.707725440981523E-11
9.114661522860733E-5      2.7073463296656377E-11
9.131668410540209E-5      2.7069663759309583E-11
9.148675298219686E-5      2.7065855797774854E-11
9.165682185899162E-5      2.706203941205219E-11
9.182689073578638E-5      2.7058214602141588E-11
9.199695961258116E-5      2.7054381325876916E-11
9.216702848937591E-5      2.70505393875264E-11
9.233709736617066E-5      2.7046688787090058E-11
9.250716624296544E-5      2.7042829524567874E-11
9.267723511976019E-5      2.7038961599959855E-11
9.284730399655495E-5      2.7035085013266E-11
9.301737287334972E-5      2.7031199707790807E-11
9.31874417501445E-5       2.702730544787192E-11
9.335751062693924E-5      2.702340223350934E-11
9.3527579503734E-5        2.7019490064703063E-11
9.369764838052876E-5      2.70155689414531E-11
9.386771725732352E-5      2.701163886375944E-11
9.403778613411829E-5      2.7007699754338046E-11
9.420785501091305E-5      2.7003751332835624E-11
9.43779238877078E-5       2.699979359925218E-11
9.454799276450256E-5      2.6995826553587718E-11
9.471806164129733E-5      2.699185019584224E-11
9.488813051809209E-5      2.6987864526015732E-11
9.505819939488686E-5      2.698386943893811E-11
9.522826827168162E-5      2.697986460682261E-11
9.539833714847638E-5      2.6975850029669232E-11
9.556840602527113E-5      2.6971825707477977E-11
9.57384749020659E-5       2.6967791640248854E-11
9.590854377886066E-5      2.6963747827981854E-11
9.607861265565543E-5      2.6959694129644616E-11
9.62486815324502E-5       2.6955630170928645E-11
9.641875040924495E-5      2.6951555951833943E-11
9.658881928603972E-5      2.694747147236051E-11
9.675888816283448E-5      2.6943376732508344E-11
9.692895703962925E-5      2.6939271732277446E-11
9.709902591642401E-5      2.6935156287311287E-11
9.726909479321879E-5      2.6931029982849894E-11
9.743916367001354E-5      2.6926892818893252E-11
9.76092325468083E-5       2.6922744795441366E-11
9.777930142360306E-5      2.6918585912494237E-11
9.794937030039783E-5      2.6914416170051865E-11
9.811943917719258E-5      2.6910235335345907E-11
9.828950805398736E-5      2.69060429648273E-11
9.84595769307821E-5       2.690183905849604E-11
9.862964580757686E-5      2.689762361635213E-11
9.879971468437162E-5      2.6893396638395575E-11
9.896978356116637E-5      2.6889158124626368E-11
9.913985243796113E-5      2.6884907793134887E-11
9.930992131475591E-5      2.6880645187433365E-11
9.947999019155066E-5      2.6876370307521812E-11
9.965005906834544E-5      2.687208315340022E-11
9.982012794514019E-5      2.6867783725068594E-11
9.999019682193495E-5      2.686347202252693E-11
1.0016026569872972E-4     2.6859147719460698E-11
1.003303345755245E-4      2.6854810363281492E-11
1.0050040345231925E-4     2.6850459953989297E-11
1.0067047232911402E-4     2.6846096491584124E-11
1.0084054120590877E-4     2.684171997606597E-11
1.0101061008270354E-4     2.6837330407434833E-11
1.011806789594983E-4      2.6832927424715704E-11
1.0135074783629308E-4     2.682851059316868E-11
1.0152081671308783E-4     2.6824079912793748E-11
1.016908855898826E-4      2.681963538359092E-11
1.0186095446667736E-4     2.68151770055602E-11
1.0203102334347212E-4     2.6810704778701575E-11
1.0220109222026688E-4     2.6806218320092334E-11
1.0237116109706166E-4     2.6801717221149687E-11
1.0254122997385641E-4     2.6797201481873627E-11
1.0271129885065116E-4     2.679267110226415E-11
1.0288136772744593E-4     2.678812608232127E-11
1.0305143660424069E-4     2.6783566422044975E-11
1.0322150548103545E-4     2.6778991729401776E-11
1.0339157435783022E-4     2.677440162420145E-11
1.0356164323462497E-4     2.676979610644399E-11
1.0373171211141973E-4     2.67651751761294E-11
1.0390178098821448E-4     2.6760538833257692E-11
1.0407184986500925E-4     2.6755887077828846E-11
1.0424191874180401E-4     2.6751219519275445E-11
1.0441198761859879E-4     2.6746535803510404E-11
1.0458205649539355E-4     2.6741835930533734E-11
1.047521253721883E-4      2.673711990034543E-11
1.0492219424898308E-4     2.6732387712945493E-11
1.0509226312577784E-4     2.6727639368333925E-11
1.052623320025726E-4      2.6722874484607692E-11
1.0543240087936737E-4     2.6718092729211725E-11
1.0560246975616213E-4     2.6713294102146025E-11
1.0577253863295688E-4     2.67084786034106E-11
1.0594260750975165E-4     2.670364623300544E-11
1.0611267638654641E-4     2.6698796990930555E-11
1.0628274526334116E-4     2.669393050787377E-11
1.0645281414013594E-4     2.6689046467873826E-11
1.0662288301693069E-4     2.6684144870930728E-11
1.0679295189372544E-4     2.6679225717044468E-11
1.0696302077052022E-4     2.6674289006215058E-11
1.0713308964731497E-4     2.666933473844249E-11
1.0730315852410975E-4     2.666436255844551E-11
1.074732274009045E-4      2.6659372162690498E-11
1.0764329627769927E-4     2.665436355117745E-11
1.0781336515449402E-4     2.6649336723906368E-11
1.0798343403128879E-4     2.6644291680877245E-11
1.0815350290808356E-4     2.6639228422090093E-11
1.0832357178487833E-4     2.66341466061153E-11
1.0849364066167309E-4     2.6629045938900376E-11
1.0866370953846784E-4     2.6623926420445316E-11
1.088337784152626E-4      2.6618788050750128E-11
1.0900384729205736E-4     2.661363082981481E-11
1.0917391616885212E-4     2.6608454757639356E-11
1.0934398504564688E-4     2.6603259505649752E-11
1.0951405392244166E-4     2.6598044787457114E-11
1.0968412279923641E-4     2.6592810603061456E-11
1.0985419167603116E-4     2.6587556952462764E-11
1.1002426055282593E-4     2.658228383566105E-11
1.1019432942962069E-4     2.65769912526563E-11
1.1036439830641547E-4     2.6571678886451177E-11
1.1053446718321023E-4     2.656634645731545E-11
1.10704536060005E-4       2.65609939652491E-11
1.1087460493679976E-4     2.6555621410252137E-11
1.1104467381359452E-4     2.6550228792324566E-11
1.1121474269038929E-4     2.6544816111466372E-11
1.1138481156718405E-4     2.6539383061018754E-11
1.1155488044397881E-4     2.653392936734561E-11
1.1172494932077356E-4     2.6528455030446933E-11
1.1189501819756833E-4     2.652296005032273E-11
1.1206508707436308E-4     2.6517444426973007E-11
1.1223515595115784E-4     2.6511908160397746E-11
1.124052248279526E-4      2.650635095328371E-11
1.1257529370474738E-4     2.6500772537763873E-11
1.1274536258154213E-4     2.6495172913838258E-11
1.1291543145833691E-4     2.648955208150685E-11
1.1308550033513168E-4     2.6483910040769655E-11
1.1325556921192644E-4     2.647824679162667E-11
1.134256380887212E-4      2.6472562045429443E-11
1.1359570696551597E-4     2.6466855539970903E-11
1.1376577584231072E-4     2.646112727525106E-11
1.1393584471910548E-4     2.6455377251269907E-11
1.1410591359590025E-4     2.644960546802745E-11
1.1427598247269501E-4     2.6443811925523683E-11
1.1444605134948977E-4     2.643799634331711E-11
1.1461612022628454E-4     2.6432158464864675E-11
1.147861891030793E-4      2.642629829016638E-11
1.1495625797987405E-4     2.6420415819222232E-11
1.1512632685666883E-4     2.6414511052032222E-11
1.1529639573346359E-4     2.640858398859635E-11
1.1546646461025836E-4     2.6402634356298852E-11
1.156365334870531E-4      2.639666190424597E-11
1.1580660236384786E-4     2.63906666324377E-11
1.1597667124064261E-4     2.6384648540874056E-11
1.1614674011743738E-4     2.6378607629555032E-11
1.1631680899423213E-4     2.6372543898480628E-11
1.1648687787102691E-4     2.6366457082512383E-11
1.1665694674782166E-4     2.6360346936356355E-11
1.1682701562461643E-4     2.6354213460012542E-11
1.1699708450141119E-4     2.6348056653480943E-11
1.1716715337820595E-4     2.634187651676157E-11
1.1733722225500072E-4     2.6335673049854408E-11
1.175072911317955E-4      2.6329445994796402E-11
1.1767736000859025E-4     2.632319511183827E-11
1.17847428885385E-4       2.6316920400980004E-11
1.1801749776217977E-4     2.6310621862221606E-11
1.1818756663897452E-4     2.6304299495563083E-11
1.1835763551576929E-4     2.6297953301004427E-11
1.1852770439256405E-4     2.6291583027494802E-11
1.1869777326935883E-4     2.628518844076487E-11
1.1886784214615358E-4     2.6278769540814613E-11
1.1903791102294836E-4     2.6272326327644042E-11
1.192079798997431E-4      2.6265858801253157E-11
1.1937804877653787E-4     2.6259366961641956E-11
1.1954811765333263E-4     2.6252850564434966E-11
1.1971818653012741E-4     2.624630938076382E-11
1.1988825540692216E-4     2.6239743410628507E-11
1.2005832428371694E-4     2.623315265402904E-11
1.2022839316051169E-4     2.6226537110965417E-11
1.2039846203730645E-4     2.6219896781437634E-11
1.2056853091410122E-4     2.621323142753122E-11
1.20738599790896E-4       2.6206540825695502E-11
1.2090866866769075E-4     2.6199824975930475E-11
1.2107873754448552E-4     2.6193083878236147E-11
1.2124880642128027E-4     2.6186317532612513E-11
1.2141887529807504E-4     2.617952593905958E-11
1.215889441748698E-4      2.6172708865928455E-11
1.2175901305166458E-4     2.6165866094908652E-11
1.2192908192845933E-4     2.6158997626000167E-11
1.2209915080525408E-4     2.615210345920301E-11
1.2226921968204886E-4     2.614518359451718E-11
1.224392885588436E-4      2.613823803194267E-11
1.2260935743563836E-4     2.613126654591751E-11
1.2277942631243313E-4     2.6124268923306752E-11
1.2294949518922788E-4     2.6117245164110406E-11
1.2311956406602266E-4     2.6110195268328467E-11
1.232896329428174E-4      2.6103119235960937E-11
1.2345970181961216E-4     2.6096017067007814E-11
1.236297706964069E-4      2.6088888541825617E-11
1.2379983957320172E-4     2.6081733452397647E-11
1.2396990844999647E-4     2.6074551798723897E-11
1.2413997732679122E-4     2.606734358080438E-11
1.2431004620358597E-4     2.6060108798639087E-11
1.2448011508038075E-4     2.6052847452228024E-11
1.246501839571755E-4      2.604555932768097E-11
1.2482025283397027E-4     2.6038244222038003E-11
1.2499032171076502E-4     2.603090213529913E-11
1.2516039058755977E-4     2.6023533067464348E-11
1.2533045946435455E-4     2.6016137018533664E-11
1.255005283411493E-4      2.6008713988507065E-11
1.2567059721794408E-4     2.6001263769086115E-11
1.2584066609473883E-4     2.599378616229815E-11
1.2601073497153358E-4     2.5986281168143166E-11
1.2618080384832836E-4     2.597874878662117E-11
1.2635087272512313E-4     2.5971189017732158E-11
1.2652094160191788E-4     2.5963601861476133E-11
1.2669101047871266E-4     2.5955987114990833E-11
1.268610793555074E-4      2.5948344585212207E-11
1.270311482323022E-4      2.594067427214026E-11
1.2720121710909694E-4     2.5932976175774992E-11
1.2737128598589172E-4     2.5925250296116406E-11
1.2754135486268647E-4     2.5917496633164497E-11
1.2771142373948125E-4     2.5909714989345246E-11
1.27881492616276E-4       2.5901905176420325E-11
1.2805156149307075E-4     2.5894067194389728E-11
1.282216303698655E-4      2.5886201043253457E-11
1.2839169924666027E-4     2.587830672301152E-11
1.2856176812345502E-4     2.58703842336639E-11
1.287318370002498E-4      2.586243338278786E-11
1.2890190587704455E-4     2.5854453986896408E-11
1.290719747538393E-4      2.584644604598955E-11
1.2924204363063408E-4     2.583840956006728E-11
1.2941211250742886E-4     2.5830344529129603E-11
1.295821813842236E-4      2.5822250953176516E-11
1.2975225026101836E-4     2.5814128644810062E-11
1.2992231913781313E-4     2.5805977425232134E-11
1.3009238801460788E-4     2.579779729444273E-11
1.3026245689140266E-4     2.5789588252441852E-11
1.304325257681974E-4      2.5781350299229502E-11
1.3060259464499216E-4     2.5773083434805674E-11
1.3077266352178694E-4     2.5764787476672506E-11
1.3094273239858172E-4     2.5756462250657697E-11
1.3111280127537647E-4     2.574810775676125E-11
1.3128287015217125E-4     2.5739723994983168E-11
1.31452939028966E-4       2.573131096532345E-11
1.3162300790576077E-4     2.5722868667782095E-11
1.3179307678255552E-4     2.571439692463497E-11
1.319631456593503E-4      2.5705895566268583E-11
1.3213321453614505E-4     2.569736459268295E-11
1.3230328341293983E-4     2.568880400387806E-11
1.3247335228973458E-4     2.568021379985392E-11
1.3264342116652933E-4     2.5671593980610524E-11
1.3281349004332408E-4     2.5662944373076207E-11
1.3298355892011888E-4     2.5654264812134662E-11
1.3315362779691363E-4     2.564555529778589E-11
1.3332369667370838E-4     2.5636815830029892E-11
1.3349376555050313E-4     2.562804640886667E-11
1.336638344272979E-4      2.5619247034296223E-11
1.3383390330409266E-4     2.5610417537783098E-11
1.3400397218088744E-4     2.560155775864651E-11
1.341740410576822E-4      2.5592667696886458E-11
1.3434410993447694E-4     2.5583747352502946E-11
1.3451417881127172E-4     2.557479672549597E-11
1.3468424768806647E-4     2.5565815815865538E-11
1.3485431656486125E-4     2.5556804459494368E-11
1.35024385441656E-4       2.5547762500062868E-11
1.3519445431845077E-4     2.553868993757103E-11
1.3536452319524555E-4     2.5529586772018866E-11
1.355345920720403E-4      2.5520453003406368E-11
1.3570466094883508E-4     2.5511288631733542E-11
1.3587472982562983E-4     2.5502093497187863E-11
1.360447987024246E-4      2.5492867447730507E-11
1.3621486757921936E-4     2.5483610483361468E-11
1.363849364560141E-4      2.547432260408075E-11
1.3655500533280886E-4     2.546500380988835E-11
1.367250742096036E-4      2.5455654100784274E-11
1.3689514308639836E-4     2.5446273321110338E-11
1.3706521196319314E-4     2.5436861322963334E-11
1.3723528083998789E-4     2.5427418106343266E-11
1.3740534971678266E-4     2.541794367125013E-11
1.375754185935774E-4      2.5408438017683928E-11
1.3774548747037216E-4     2.539890114564466E-11
1.3791555634716691E-4     2.5389332903711655E-11
1.3808562522396172E-4     2.5379733148410576E-11
1.3825569410075647E-4     2.5370101879741432E-11
1.3842576297755122E-4     2.5360439097704217E-11
1.3859583185434597E-4     2.535074480229894E-11
1.3876590073114075E-4     2.534101899352559E-11
1.3893596960793552E-4     2.5331261523855235E-11
1.391060384847303E-4      2.5321472253661196E-11
1.3927610736152505E-4     2.5311651182943475E-11
1.3944617623831983E-4     2.5301798311702063E-11
1.3961624511511458E-4     2.5291913639936975E-11
1.3978631399190936E-4     2.5281997167648196E-11
1.3995638286870413E-4     2.5272048751418614E-11
1.4012645174549888E-4     2.526206825607752E-11
1.4029652062229363E-4     2.5252055681624914E-11
1.404665894990884E-4      2.52420110280608E-11
1.406366583758832E-4      2.5231934295385177E-11
1.4080672725267794E-4     2.5221825483598044E-11
1.409767961294727E-4      2.5211684453080757E-11
1.4114686500626747E-4     2.5201511072492698E-11
1.4131693388306222E-4     2.5191305341833858E-11
1.41487002759857E-4       2.5181067261104245E-11
1.4165707163665175E-4     2.5170796830303852E-11
1.418271405134465E-4      2.5160494049432686E-11
1.4199720939024125E-4     2.5150158782661554E-11
1.4216727826703605E-4     2.5139790902592612E-11
1.423373471438308E-4      2.5129390409225864E-11
1.4250741602062555E-4     2.5118957302561305E-11
1.426774848974203E-4      2.5108491582598943E-11
1.4284755377421508E-4     2.5097993249338775E-11
1.4301762265100983E-4     2.5087462170618822E-11
1.431876915278046E-4      2.5076898222855965E-11
1.4335776040459936E-4     2.5066301406050197E-11
1.435278292813941E-4      2.5055671720201525E-11
1.4369789815818888E-4     2.5045009165309946E-11
1.4386796703498363E-4     2.5034313741375466E-11
1.440380359117784E-4      2.502358531986805E-11
1.4420810478857316E-4     2.5012823780997985E-11
1.443781736653679E-4      2.5002029124765267E-11
1.445482425421627E-4      2.49912013511699E-11
1.4471831141895747E-4     2.498034046021189E-11
1.4488838029575222E-4     2.4969446451891223E-11
1.45058449172547E-4       2.4958519201176705E-11
1.4522851804934175E-4     2.4947558591936586E-11
1.4539858692613652E-4     2.4936564624170868E-11
1.4556865580293127E-4     2.492553729787955E-11
1.4573872467972605E-4     2.4914476613062636E-11
1.459087935565208E-4      2.4903382569720117E-11
1.4607886243331558E-4     2.4892255046454683E-11
1.4624893131011033E-4     2.4881093931169297E-11
1.4641900018690508E-4     2.486989922386396E-11
1.4658906906369983E-4     2.4858670924538672E-11
1.467591379404946E-4      2.484740903319344E-11
1.4692920681728936E-4     2.483611354982826E-11
1.4709927569408413E-4     2.482478435634115E-11
1.4726934457087888E-4     2.4813421344015512E-11
1.4743941344767364E-4     2.4802024512851343E-11
1.476094823244684E-4      2.4790593862848643E-11
1.477795512012632E-4      2.477912939400741E-11
1.4794962007805794E-4     2.4767631106327652E-11
1.4811968895485272E-4     2.4756098885147365E-11
1.4828975783164747E-4     2.474453262566078E-11
1.4845982670844225E-4     2.473293232786791E-11
1.48629895585237E-4       2.4721297991768744E-11
1.4879996446203175E-4     2.4709629617363294E-11
1.4897003333882652E-4     2.4697927204651548E-11
1.491401022156213E-4      2.4686190642240397E-11
1.4931017109241605E-4     2.467441982881999E-11
1.494802399692108E-4      2.466261476439032E-11
1.4965030884600555E-4     2.465077544895139E-11
1.4982037772280033E-4     2.4638901882503205E-11
1.4999044659959508E-4     2.4626994065045758E-11
1.5016051547638986E-4     2.4615051888474936E-11
1.503305843531846E-4      2.4603075255004608E-11
1.5050065322997936E-4     2.4591064164634775E-11
1.506707221067741E-4      2.4579018617365432E-11
1.5084079098356886E-4     2.456693861319659E-11
1.510108598603636E-4      2.4554824152128235E-11
1.511809287371584E-4      2.454267512930015E-11
1.5135099761395316E-4     2.453049145020965E-11
1.515210664907479E-4      2.451827311485674E-11
1.5169113536754272E-4     2.450602012324142E-11
1.5186120424433747E-4     2.4493732475363696E-11
1.5203127312113225E-4     2.4481410171223555E-11
1.5220134199792702E-4     2.446905310918643E-11
1.5237141087472177E-4     2.4456661197975505E-11
1.5254147975151652E-4     2.4444234437590796E-11
1.5271154862831127E-4     2.4431772828032294E-11
1.5288161750510602E-4     2.441927636930001E-11
1.5305168638190077E-4     2.440674506139393E-11
1.5322175525869555E-4     2.439417880587636E-11
1.533918241354903E-4      2.438157751464999E-11
1.5356189301228508E-4     2.4368941187714825E-11
1.5373196188907983E-4     2.4356269825070858E-11
1.5390203076587458E-4     2.43435634267181E-11
1.5407209964266936E-4     2.433082199265654E-11
1.5424216851946414E-4     2.431804542760583E-11
1.5441223739625889E-4     2.430523364660353E-11
1.5458230627305366E-4     2.429238664964964E-11
1.5475237514984844E-4     2.4279504436744158E-11
1.549224440266432E-4      2.4266587007887088E-11
1.5509251290343797E-4     2.4253634363078426E-11
1.5526258178023272E-4     2.4240646410148957E-11
1.554326506570275E-4      2.4227623067228508E-11
1.5560271953382225E-4     2.4214564334317072E-11
1.5577278841061702E-4     2.4201470211414656E-11
1.559428572874118E-4      2.4188340698521257E-11
1.5611292616420655E-4     2.4175175795636875E-11
1.5628299504100133E-4     2.4161975413659234E-11
1.5645306391779608E-4     2.414873947377238E-11
1.5662313279459083E-4     2.4135467975976317E-11
1.567932016713856E-4      2.412216092027104E-11
1.5696327054818036E-4     2.4108818306656562E-11
1.571333394249751E-4      2.4095440135132865E-11
1.5730340830176988E-4     2.4082026319618352E-11
1.5747347717856466E-4     2.406857678430419E-11
1.576435460553594E-4      2.4055091529190395E-11
1.5781361493215416E-4     2.4041570554276956E-11
1.5798368380894897E-4     2.4028013859563884E-11
1.5815375268574372E-4     2.4014421445051167E-11
1.583238215625385E-4      2.4000793227627516E-11
1.5849389043933325E-4     2.3987129134436905E-11
1.58663959316128E-4       2.3973429165479337E-11
1.5883402819292277E-4     2.395969332075481E-11
1.5900409706971752E-4     2.394592160026333E-11
1.5917416594651227E-4     2.3932114004004892E-11
1.5934423482330705E-4     2.391827045178985E-11
1.595143037001018E-4      2.390439087366707E-11
1.5968437257689655E-4     2.389047526963655E-11
1.5985444145369133E-4     2.3876523639698293E-11
1.6002451033048608E-4     2.3862535983852303E-11
1.6019457920728083E-4     2.3848512302098568E-11
1.6036464808407558E-4     2.3834452517123852E-11
1.6053471696087036E-4     2.382035656184144E-11
1.607047858376651E-4      2.3806224436251334E-11
1.6087485471445986E-4     2.3792056140353532E-11
1.6104492359125464E-4     2.377785167414804E-11
1.6121499246804939E-4     2.3763611037634848E-11
1.6138506134484416E-4     2.3749334156334734E-11
1.6155513022163894E-4     2.3735020965987194E-11
1.617251990984337E-4      2.3720671466592227E-11
1.6189526797522844E-4     2.370628565814983E-11
1.620653368520232E-4      2.369186354066001E-11
1.6223540572881797E-4     2.367740511412276E-11
1.6240547460561272E-4     2.366291030685625E-11
1.625755434824075E-4      2.364837905738968E-11
1.6274561235920225E-4     2.3633811365723044E-11
1.6291568123599702E-4     2.3619207231856347E-11
1.630857501127918E-4      2.360456665578959E-11
1.6325581898958655E-4     2.3589889637522768E-11
1.6342588786638133E-4     2.357517610813604E-11
1.6359595674317608E-4     2.3560426008902203E-11
1.6376602561997083E-4     2.354563933982125E-11
1.639360944967656E-4      2.3530816100893188E-11
1.6410616337356036E-4     2.3515956292118017E-11
1.642762322503551E-4      2.3501059913495737E-11
1.6444630112714989E-4     2.3486126898830284E-11
1.6461637000394464E-4     2.347115719208268E-11
1.647864388807394E-4      2.3456150793252933E-11
1.6495650775753416E-4     2.3441107702341036E-11
1.651265766343289E-4      2.3426027919347E-11
1.652966455111237E-4      2.341091144427081E-11
1.6546671438791847E-4     2.339575821360957E-11
1.6563678326471322E-4     2.3380568173966425E-11
1.6580685214150797E-4     2.336534132534137E-11
1.6597692101830275E-4     2.3350077667734403E-11
1.6614698989509752E-4     2.333477720114554E-11
1.6631705877189227E-4     2.3319439925574757E-11
1.6648712764868705E-4     2.3304065780186925E-11
1.666571965254818E-4      2.328865471418036E-11
1.6682726540227658E-4     2.3273206727555067E-11
1.6699733427907133E-4     2.3257721820311038E-11
1.6716740315586608E-4     2.3242199992448283E-11
1.6733747203266086E-4     2.3226641243966792E-11
1.6750754090945563E-4     2.3211045516670732E-11
1.6767760978625038E-4     2.3195412762296354E-11
1.6784767866304514E-4     2.3179742980843658E-11
1.6801774753983989E-4     2.316403617231264E-11
1.6818781641663466E-4     2.3148292336703308E-11
1.683578852934294E-4      2.3132511474015657E-11
1.685279541702242E-4      2.3116693528663115E-11
1.6869802304701894E-4     2.3100838454866715E-11
1.688680919238137E-4      2.3084946252626463E-11
1.6903816080060847E-4     2.306901692194236E-11
1.6920822967740322E-4     2.305305046281441E-11
1.69378298554198E-4       2.3037046875242604E-11
1.6954836743099277E-4     2.3021006106218716E-11
1.6971843630778755E-4     2.3004928112404358E-11
1.698885051845823E-4      2.298881289379953E-11
1.7005857406137708E-4     2.2972660450404238E-11
1.7022864293817186E-4     2.2956470782218482E-11
1.703987118149666E-4      2.2940243889242253E-11
1.7056878069176138E-4     2.2923979721015128E-11
1.707388495685561E-4      2.2907678236600408E-11
1.7090891844535086E-4     2.2891339435998098E-11
1.710789873221456E-4      2.2874963319208194E-11
1.7124905619894036E-4     2.28585498862307E-11
1.714191250757351E-4      2.284209913706561E-11
1.7158919395252989E-4     2.28256110237699E-11
1.7175926282932466E-4     2.280908550777217E-11
1.719293317061194E-4      2.279252258907242E-11
1.7209940058291416E-4     2.277592226767064E-11
1.7226946945970894E-4     2.2759284543566845E-11
1.7243953833650372E-4     2.274260941676102E-11
1.726096072132985E-4      2.2725896841795196E-11
1.7277967609009325E-4     2.2709146782425905E-11
1.72949744966888E-4       2.2692359238653148E-11
1.7311981384368277E-4     2.267553421047692E-11
1.7328988272047752E-4     2.265867169789723E-11
1.7345995159727227E-4     2.2641771700914074E-11
1.7363002047406705E-4     2.2624834176521364E-11
1.738000893508618E-4      2.2607859090767273E-11
1.7397015822765658E-4     2.2590846443651814E-11
1.7414022710445133E-4     2.2573796235174977E-11
1.7431029598124608E-4     2.255670846533677E-11
1.7448036485804086E-4     2.2539583134137187E-11
1.7465043373483563E-4     2.2522420200989804E-11
1.7482050261163039E-4     2.2505219634200017E-11
1.7499057148842514E-4     2.2487981433767832E-11
1.7516064036521989E-4     2.2470705599693243E-11
1.7533070924201466E-4     2.2453392131976254E-11
1.7550077811880941E-4     2.2436041030616864E-11
1.756708469956042E-4      2.2418652257416522E-11
1.7584091587239894E-4     2.2401225782902757E-11
1.760109847491937E-4      2.2383761607075572E-11
1.7618105362598847E-4     2.236625972993496E-11
1.7635112250278322E-4     2.2348720151480936E-11
1.76521191379578E-4       2.2331142871713482E-11
1.7669126025637275E-4     2.23135278547907E-11
1.7686132913316755E-4     2.229587507342842E-11
1.770313980099623E-4      2.2278184527626642E-11
1.7720146688675705E-4     2.2260456217385366E-11
1.7737153576355183E-4     2.2242690142704593E-11
1.7754160464034658E-4     2.222488630358432E-11
1.7771167351714136E-4     2.2207044666509034E-11
1.778817423939361E-4      2.2189165206350972E-11
1.7805181127073086E-4     2.217124792311013E-11
1.782218801475256E-4      2.215329281678651E-11
1.7839194902432036E-4     2.2135299887380104E-11
1.7856201790111514E-4     2.2117269134890928E-11
1.787320867779099E-4      2.2099200528099345E-11
1.789021556547047E-4      2.2081094044001712E-11
1.7907222453149944E-4     2.2062949682598026E-11
1.7924229340829422E-4     2.2044767443888292E-11
1.79412362285089E-4       2.2026547327872504E-11
1.7958243116188375E-4     2.2008289334550673E-11
1.7975250003867852E-4     2.1989993434966746E-11
1.7992256891547327E-4     2.197165960820851E-11
1.8009263779226802E-4     2.195328785427596E-11
1.8026270666906277E-4     2.1934878173169105E-11
1.8043277554585752E-4     2.191643056488795E-11
1.806028444226523E-4      2.1897945029432475E-11
1.8077291329944705E-4     2.187942154007547E-11
1.8094298217624183E-4     2.1860860077966246E-11
1.8111305105303658E-4     2.1842260643104794E-11
1.8128311992983136E-4     2.1823623235491124E-11
1.8145318880662613E-4     2.1804947855125227E-11
1.8162325768342089E-4     2.1786234502007116E-11
1.8179332656021566E-4     2.1767483151601372E-11
1.8196339543701044E-4     2.1748693787094743E-11
1.821334643138052E-4      2.1729866408487225E-11
1.8230353319059994E-4     2.1711001015778817E-11
1.824736020673947E-4      2.1692097608969527E-11
1.8264367094418947E-4     2.1673156188059345E-11
1.8281373982098422E-4     2.165417673066654E-11
1.82983808697779E-4       2.16351592219968E-11
1.8315387757457375E-4     2.1616103662050125E-11
1.8332394645136852E-4     2.159701005082652E-11
1.834940153281633E-4      2.1577878388325982E-11
1.8366408420495805E-4     2.1558708674548508E-11
1.838341530817528E-4      2.1539500889228852E-11
1.8400422195854755E-4     2.15202550195765E-11
1.841742908353423E-4      2.150097106559146E-11
1.8434435971213705E-4     2.1481649027273727E-11
1.845144285889318E-4      2.14622889046233E-11
1.8468449746572655E-4     2.1442890697640183E-11
1.8485456634252133E-4     2.142345438813964E-11
1.850246352193161E-4      2.14039799653117E-11
1.8519470409611086E-4     2.1384467429156374E-11
1.8536477297290564E-4     2.136491677967365E-11
1.8553484184970039E-4     2.1345328016863544E-11
1.8570491072649516E-4     2.132570114072604E-11
1.8587497960328991E-4     2.1306036135103592E-11
1.8604504848008472E-4     2.1286332991133526E-11
1.8621511735687947E-4     2.1266591708815837E-11
1.8638518623367422E-4     2.1246812288150534E-11
1.86555255110469E-4       2.1226994729137612E-11
1.8672532398726375E-4     2.120713903177707E-11
1.8689539286405852E-4     2.1187245181938117E-11
1.870654617408533E-4      2.1167313172788853E-11
1.8723553061764805E-4     2.1147343004329286E-11
1.8740559949444283E-4     2.1127334676559412E-11
1.8757566837123758E-4     2.1107288189479236E-11
1.8774573724803236E-4     2.108720354308875E-11
1.879158061248271E-4      2.1067080725248234E-11
1.8808587500162188E-4     2.1046919730959897E-11
1.8825594387841663E-4     2.102672056022375E-11
1.8842601275521139E-4     2.100648321303979E-11
1.8859608163200614E-4     2.098620768940802E-11
1.8876615050880089E-4     2.0965893989328434E-11
1.8893621938559564E-4     2.094554210260245E-11
1.891062882623904E-4      2.0925152026124753E-11
1.8927635713918516E-4     2.0904723759895353E-11
1.8944642601597991E-4     2.0884257303914237E-11
1.896164948927747E-4      2.0863752658181417E-11
1.8978656376956944E-4     2.084320982269688E-11
1.8995663264636422E-4     2.082262878918188E-11
1.90126701523159E-4       2.0802009556399574E-11
1.9029677039995375E-4     2.0781352124349958E-11
1.904668392767485E-4      2.076065649303304E-11
1.906369081535433E-4      2.073992266244882E-11
1.9080697703033805E-4     2.071915063259729E-11
1.909770459071328E-4      2.0698340397097522E-11
1.9114711478392758E-4     2.0677491956576094E-11
1.9131718366072233E-4     2.0656605311033004E-11
1.9148725253751708E-4     2.0635680460468257E-11
1.9165732141431186E-4     2.061471740488185E-11
1.918273902911066E-4      2.0593716144273782E-11
1.9199745916790139E-4     2.0572676674163266E-11
1.9216752804469614E-4     2.0551598996978324E-11
1.923375969214909E-4      2.0530483112718962E-11
1.9250766579828566E-4     2.050932902138517E-11
1.9267773467508041E-4     2.0488136722976963E-11
1.928478035518752E-4      2.046690621749433E-11
1.9301787242866997E-4     2.044563750227941E-11
1.9318794130546472E-4     2.0424330581491703E-11
1.9335801018225947E-4     2.040298545513121E-11
1.9352807905905422E-4     2.0381602123197927E-11
1.9369814793584902E-4     2.0360180585691865E-11
1.9386821681264377E-4     2.033872084261301E-11
1.9403828568943855E-4     2.0317222893143206E-11
1.942083545662333E-4      2.0295686743249124E-11
1.9437842344302805E-4     2.0274112392930766E-11
1.9454849231982283E-4     2.0252499842188134E-11
1.9471856119661758E-4     2.0230849091021232E-11
1.9488863007341233E-4     2.020916013943005E-11
1.9505869895020708E-4     2.0187432988397514E-11
1.9522876782700189E-4     2.0165667645560694E-11
1.9539883670379664E-4     2.014386411091959E-11
1.9556890558059139E-4     2.012202238447421E-11
1.9573897445738616E-4     2.0100142466224544E-11
1.959090433341809E-4      2.0078224356170597E-11
1.960791122109757E-4      2.0056268057120215E-11
1.9624918108777047E-4     2.003427357852563E-11
1.964192499645652E-4      2.001224092038684E-11
1.9658931884136E-4        1.999017008270385E-11
1.9675938771815472E-4     1.9968061065476656E-11
1.969294565949495E-4      1.9945913868705263E-11
1.9709952547174425E-4     1.992372849699816E-11
1.9726959434853905E-4     1.9901504961348745E-11
1.9743966322533377E-4     1.987924326175703E-11
1.9760973210212855E-4     1.9856943398223006E-11
1.977798009789233E-4      1.9834605370746677E-11
1.9794986985571805E-4     1.981222917932804E-11
1.981199387325128E-4      1.9789814830254402E-11
1.9829000760930758E-4     1.976736233614124E-11
1.9846007648610233E-4     1.9744871696988554E-11
1.9863014536289708E-4     1.9722342912796348E-11
1.9880021423969186E-4     1.969977598356462E-11
1.989702831164866E-4      1.967717090929337E-11
1.9914035199328139E-4     1.9654527698016E-11
1.9931042087007614E-4     1.963184636414482E-11
1.9948048974687091E-4     1.9609126907679833E-11
1.9965055862366566E-4     1.9586369328621036E-11
1.9982062750046041E-4     1.9563573626968437E-11
1.999906963772552E-4      1.9540739802722024E-11
2.0016076525404997E-4     1.951786786559561E-11
2.0033083413084472E-4     1.949495783152537E-11
2.0050090300763947E-4     1.9472009700511306E-11
2.0067097188443422E-4     1.9449023472553414E-11
2.00841040761229E-4       1.9425999147651696E-11
2.0101110963802375E-4     1.940293672580615E-11
2.0118117851481853E-4     1.937983621835368E-11
2.013512473916133E-4      1.935669764284688E-11
2.0152131626840805E-4     1.9333520999285752E-11
2.0169138514520283E-4     1.931030628767029E-11
2.0186145402199758E-4     1.92870535080005E-11
2.0203152289879236E-4     1.926376266027638E-11
2.0220159177558714E-4     1.9240433757449475E-11
2.0237166065238189E-4     1.9217066818655048E-11
2.0254172952917664E-4     1.9193661843893112E-11
2.0271179840597139E-4     1.917021883316366E-11
2.028818672827662E-4      1.9146737786466692E-11
2.0305193615956094E-4     1.912321870380221E-11
2.0322200503635572E-4     1.909966159971886E-11
2.033920739131505E-4      1.9076066494898025E-11
2.0356214278994525E-4     1.9052433389339707E-11
2.0373221166674E-4        1.9028762283043906E-11
2.039022805435348E-4      1.9005053176010626E-11
2.0407234942032955E-4     1.8981306068239864E-11
2.042424182971243E-4      1.8957520975857657E-11
2.0441248717391905E-4     1.89336979210686E-11
2.045825560507138E-4      1.8909836903872687E-11
2.0475262492750855E-4     1.8885937924269922E-11
2.049226938043033E-4      1.886200098226031E-11
2.0509276268109805E-4     1.8838026077843842E-11
2.0526283155789283E-4     1.8814013228702286E-11
2.054329004346876E-4      1.878996245854532E-11
2.0560296931148236E-4     1.8765873767372933E-11
2.057730381882771E-4      1.8741747155185133E-11
2.0594310706507186E-4     1.871758262198192E-11
2.0611317594186664E-4     1.869338016776329E-11
2.0628324481866141E-4     1.8669139811742113E-11
2.064533136954562E-4      1.8644861579117972E-11
2.0662338257225094E-4     1.862054546989087E-11
2.0679345144904572E-4     1.8596191484060806E-11
2.0696352032584047E-4     1.8571799621627786E-11
2.0713358920263525E-4     1.8547369882591803E-11
2.0730365807943002E-4     1.8522902287669263E-11
2.0747372695622477E-4     1.8498396863535926E-11
2.0764379583301952E-4     1.8473853610191802E-11
2.0781386470981427E-4     1.844927252763689E-11
2.0798393358660902E-4     1.842465361587119E-11
2.0815400246340378E-4     1.8399996874894697E-11
2.0832407134019855E-4     1.8375302326898086E-11
2.0849414021699333E-4     1.835057000002053E-11
2.0866420909378808E-4     1.8325799894262027E-11
2.0883427797058283E-4     1.8300992009622584E-11
2.0900434684737764E-4     1.8276146346102196E-11
2.0917441572417239E-4     1.825126290370086E-11
2.0934448460096714E-4     1.8226341706057004E-11
2.0951455347776189E-4     1.8201382782759145E-11
2.0968462235455664E-4     1.8176386133807272E-11
2.098546912313514E-4      1.8151351759201396E-11
2.1002476010814614E-4     1.8126279658941515E-11
2.101948289849409E-4      1.8101169833027623E-11
2.1036489786173566E-4     1.807602230652516E-11
2.1053496673853044E-4     1.8050837110450616E-11
2.107050356153252E-4      1.8025614244803985E-11
2.1087510449211997E-4     1.800035370958527E-11
2.1104517336891475E-4     1.7975055504794472E-11
2.1121524224570952E-4     1.794971963043159E-11
2.113853111225043E-4      1.7924346112973087E-11
2.1155537999929905E-4     1.7898934984834506E-11
2.117254488760938E-4      1.7873486246015846E-11
2.1189551775288855E-4     1.784799989651711E-11
2.1206558662968333E-4     1.7822475936338303E-11
2.1223565550647808E-4     1.7796914365479415E-11
2.1240572438327286E-4     1.7771315211809735E-11
2.1257579326006764E-4     1.7745678509115747E-11
2.1274586213686239E-4     1.7720004257397443E-11
2.1291593101365716E-4     1.7694292456654827E-11
2.130859998904519E-4      1.7668543106887905E-11
2.132560687672467E-4      1.7642756208096665E-11
2.1342613764404144E-4     1.7616931789521265E-11
2.135962065208362E-4      1.7591069886296497E-11
2.1376627539763094E-4     1.7565170498422374E-11
2.1393634427442566E-4     1.7539233625898885E-11
2.1410641315122044E-4     1.7513259268726037E-11
2.142764820280152E-4      1.7487247426903826E-11
2.1444655090480997E-4     1.7461198131022543E-11
2.1461661978160472E-4     1.743511141754767E-11
2.147866886583995E-4      1.7408987286479204E-11
2.1495675753519428E-4     1.7382825737817148E-11
2.1512682641198903E-4     1.7356626771561508E-11
2.152968952887838E-4      1.7330390387712273E-11
2.1546696416557855E-4     1.73041166181926E-11
2.1563703304237333E-4     1.7277805500781728E-11
2.1580710191916808E-4     1.7251457035479663E-11
2.1597717079596286E-4     1.7225071222286397E-11
2.1614723967275764E-4     1.719864806120194E-11
2.1631730854955239E-4     1.717218755222629E-11
2.1648737742634714E-4     1.7145689728600868E-11
2.1665744630314191E-4     1.711915462939676E-11
2.1682751517993666E-4     1.7092582254613957E-11
2.1699758405673141E-4     1.7065972604252465E-11
2.171676529335262E-4      1.703932567831229E-11
2.1733772181032094E-4     1.701264147679342E-11
2.1750779068711572E-4     1.698592003424179E-11
2.1767785956391047E-4     1.6959161390992164E-11
2.1784792844070525E-4     1.693236554704454E-11
2.180179973175E-4         1.6905532502398926E-11
2.1818806619429475E-4     1.6878662257055317E-11
2.1835813507108953E-4     1.6851754811013713E-11
2.185282039478843E-4      1.6824810200108785E-11
2.1869827282467905E-4     1.679782846591121E-11
2.188683417014738E-4      1.6770809608420992E-11
2.1903841057826855E-4     1.674375362763813E-11
2.1920847945506336E-4     1.671666052356263E-11
2.193785483318581E-4      1.668953029619448E-11
2.1954861720865289E-4     1.6662362982639183E-11
2.1971868608544764E-4     1.6635158625680465E-11
2.1988875496224239E-4     1.6607917225318335E-11
2.2005882383903716E-4     1.6580638781552783E-11
2.202288927158319E-4      1.6553323294383818E-11
2.2039896159262666E-4     1.6525970763811434E-11
2.2056903046942141E-4     1.6498581228193973E-11
2.2073909934621622E-4     1.6471154731508386E-11
2.2090916822301097E-4     1.6443691273754663E-11
2.2107923709980572E-4     1.6416190854932814E-11
2.212493059766005E-4      1.638865347504284E-11
2.2141937485339525E-4     1.6361079134084735E-11
2.2158944373019002E-4     1.6333467871651553E-11
2.217595126069848E-4      1.630581973289398E-11
2.2192958148377953E-4     1.627813471781202E-11
2.2209965036057433E-4     1.625041282640567E-11
2.2226971923736905E-4     1.6222654058674933E-11
2.2243978811416383E-4     1.6194858414619808E-11
2.2260985699095858E-4     1.616702593504921E-11
2.2277992586775339E-4     1.6139156666267746E-11
2.2294999474454814E-4     1.6111250608275417E-11
2.2312006362134289E-4     1.608330776107222E-11
2.2329013249813766E-4     1.605532812465816E-11
2.2346020137493241E-4     1.6027311699033237E-11
2.236302702517272E-4      1.5999258526203196E-11
2.2380033912852194E-4     1.5971168653606978E-11
2.239704080053167E-4      1.5943042081244575E-11
2.2414047688211144E-4     1.591487880911599E-11
2.243105457589062E-4      1.5886678837221233E-11
2.2448061463570097E-4     1.5858442165560293E-11
2.2465068351249572E-4     1.5830168837317784E-11
2.248207523892905E-4      1.5801858901047337E-11
2.2499082126608525E-4     1.5773512356748948E-11
2.2516089014288E-4        1.5745129204422624E-11
2.2533095901967475E-4     1.5716709444068363E-11
2.2550102789646953E-4     1.5688253075686166E-11
2.256710967732643E-4      1.565976014362325E-11
2.2584116565005905E-4     1.5631230697527E-11
2.260112345268538E-4      1.5602664737397414E-11
2.2618130340364855E-4     1.5574062263234494E-11
2.2635137228044333E-4     1.5545423275038247E-11
2.2652144115723808E-4     1.5516747772808662E-11
2.2669151003403286E-4     1.5488035802040118E-11
2.2686157891082766E-4     1.545928741345114E-11
2.2703164778762241E-4     1.543050260704173E-11
2.2720171666441716E-4     1.5401681382811886E-11
2.2737178554121194E-4     1.537282374076161E-11
2.2754185441800672E-4     1.534392968089091E-11
2.2771192329480147E-4     1.5314999249825554E-11
2.2788199217159625E-4     1.528603249933273E-11
2.28052061048391E-4       1.5257029429412438E-11
2.2822212992518575E-4     1.522799004006468E-11
2.2839219880198052E-4     1.5198914331289454E-11
2.2856226767877528E-4     1.516980230308676E-11
2.2873233655557005E-4     1.514065400319752E-11
2.2890240543236483E-4     1.5111469484416992E-11
2.2907247430915958E-4     1.5082248746745172E-11
2.2924254318595433E-4     1.505299179018206E-11
2.294126120627491E-4      1.5023698614727666E-11
2.2958268093954389E-4     1.499436922038198E-11
2.2975274981633864E-4     1.496500365598472E-11
2.299228186931334E-4      1.4935601975339765E-11
2.3009288756992816E-4     1.4906164178447117E-11
2.3026295644672291E-4     1.4876690265306772E-11
2.304330253235177E-4      1.4847180235918738E-11
2.3060309420031244E-4     1.4817634090283007E-11
2.3077316307710722E-4     1.4788051878321462E-11
2.3094323195390197E-4     1.4758433654826904E-11
2.3111330083069672E-4     1.4728779419799337E-11
2.312833697074915E-4      1.4699089173238758E-11
2.3145343858428622E-4     1.4669362915145173E-11
2.31623507461081E-4       1.463960064551858E-11
2.3179357633787575E-4     1.4609802415345316E-11
2.3196364521467055E-4     1.4579968280387484E-11
2.3213371409146528E-4     1.4550098240645081E-11
2.3230378296826005E-4     1.4520192296118112E-11
2.324738518450548E-4      1.449025044680658E-11
2.3264392072184955E-4     1.4460272692710477E-11
2.3281398959864433E-4     1.4430259085861347E-11
2.329840584754391E-4      1.4400209682972602E-11
2.3315412735223386E-4     1.4370124484044239E-11
2.333241962290286E-4      1.4340003489076257E-11
2.3349426510582336E-4     1.4309846698068661E-11
2.3366433398261814E-4     1.4279654111021445E-11
2.338344028594129E-4      1.4249425780990993E-11
2.3400447173620766E-4     1.4219161765626663E-11
2.3417454061300241E-4     1.4188862064928464E-11
2.3434460948979716E-4     1.415852667889639E-11
2.3451467836659192E-4     1.4128155607530444E-11
2.346847472433867E-4      1.4097748850830626E-11
2.3485481612018147E-4     1.4067306462858156E-11
2.3502488499697622E-4     1.4036828502184284E-11
2.3519495387377097E-4     1.4006314968809004E-11
2.3536502275056572E-4     1.3975765862732321E-11
2.3553509162736053E-4     1.3945181183954235E-11
2.3570516050415528E-4     1.3914560932474745E-11
2.3587522938095005E-4     1.388390516334131E-11
2.360452982577448E-4      1.3853213936031529E-11
2.3621536713453958E-4     1.3822487250545403E-11
2.3638543601133433E-4     1.3791725106882937E-11
2.3655550488812908E-4     1.3760927505044128E-11
2.3672557376492386E-4     1.3730094445028976E-11
2.3689564264171864E-4     1.3699225982853838E-11
2.370657115185134E-4      1.3668322178884676E-11
2.3723578039530814E-4     1.3637383033121498E-11
2.374058492721029E-4      1.3606408545564302E-11
2.375759181488977E-4      1.3575398716213089E-11
2.3774598702569244E-4     1.3544353545067857E-11
2.3791605590248722E-4     1.3513273089097446E-11
2.3808612477928197E-4     1.3482157409536736E-11
2.3825619365607675E-4     1.3451006506385725E-11
2.384262625328715E-4      1.341982037964441E-11
2.3859633140966625E-4     1.33885990293128E-11
2.3876640028646102E-4     1.3357342455390883E-11
2.389364691632558E-4      1.3326050715783573E-11
2.3910653804005055E-4     1.3294723872575274E-11
2.392766069168453E-4      1.3263361925765993E-11
2.3944667579364005E-4     1.3231964875355728E-11
2.3961674467043486E-4     1.3200532721344482E-11
2.397868135472296E-4      1.3169065463732251E-11
2.3995688242402439E-4     1.313756316134177E-11
2.4012695130081914E-4     1.3106025877089796E-11
2.402970201776139E-4      1.3074453610976332E-11
2.4046708905440866E-4     1.3042846363001372E-11
2.4063715793120341E-4     1.3011204133164927E-11
2.408072268079982E-4      1.2979526921466985E-11
2.4097729568479294E-4     1.2947814787630477E-11
2.4114736456158772E-4     1.2916067795388167E-11
2.4131743343838247E-4     1.2884285944740053E-11
2.4148750231517722E-4     1.2852469235686137E-11
2.4165757119197197E-4     1.2820617668226421E-11
2.4182764006876672E-4     1.2788731242360901E-11
2.419977089455615E-4      1.2756810018681992E-11
2.4216777782235627E-4     1.2724854061722013E-11
2.4233784669915103E-4     1.2692863371480963E-11
2.425079155759458E-4      1.2660837947958845E-11
2.4267798445274055E-4     1.2628777791155657E-11
2.4284805332953533E-4     1.2596682901071398E-11
2.4301812220633008E-4     1.2564553339126331E-11
2.4318819108312486E-4     1.253238917069348E-11
2.4335825995991958E-4     1.2500190395772841E-11
2.4352832883671433E-4     1.246795701436442E-11
2.436983977135091E-4      1.2435689026468213E-11
2.4386846659030386E-4     1.240338643208422E-11
2.4403853546709864E-4     1.237104929349598E-11
2.442086043438934E-4      1.2338677676834977E-11
2.4437867322068814E-4     1.230627158210121E-11
2.445487420974829E-4      1.227383100929468E-11
2.447188109742777E-4      1.2241355958415385E-11
2.4488887985107244E-4     1.2208846429463329E-11
2.4505894872786725E-4     1.217630248557201E-11
2.45229017604662E-4       1.2143724193595148E-11
2.4539908648145675E-4     1.2111111553532736E-11
2.455691553582515E-4      1.207846456538478E-11
2.4573922423504625E-4     1.2045783229151276E-11
2.45909293111841E-4       1.2013067544832229E-11
2.4607936198863575E-4     1.1980317576367228E-11
2.4624943086543055E-4     1.1947533391345567E-11
2.4641949974222525E-4     1.1914714989767246E-11
2.4658956861902005E-4     1.1881862371632265E-11
2.467596374958148E-4      1.1848975536940626E-11
2.4692970637260955E-4     1.1816054485692326E-11
2.4709977524940436E-4     1.1783099282609088E-11
2.472698441261991E-4      1.1750109996018376E-11
2.4743991300299386E-4     1.1717086625920192E-11
2.476099818797886E-4      1.1684029172314536E-11
2.4778005075658336E-4     1.1650937635201409E-11
2.4795011963337816E-4     1.161781201458081E-11
2.481201885101729E-4      1.158465237596845E-11
2.482902573869677E-4      1.1551458788384136E-11
2.4846032626376247E-4     1.1518231251827871E-11
2.486303951405572E-4      1.1484969766299655E-11
2.48800464017352E-4       1.1451674331799487E-11
2.489705328941468E-4      1.1418344948327367E-11
2.491406017709416E-4      1.1384981682191668E-11
2.4931067064773633E-4     1.1351584603064381E-11
2.494807395245311E-4      1.1318153710945507E-11
2.4965080840132583E-4     1.1284689005835046E-11
2.498208772781206E-4      1.1251190487733001E-11
2.4999094615491533E-4     1.121765815663937E-11
2.501610150317101E-4      1.1184092079598097E-11
2.503310839085049E-4      1.1150492326942562E-11
2.5050115278529964E-4     1.111685889867277E-11
2.506712216620944E-4      1.108319179478872E-11
2.508412905388892E-4      1.1049491015290413E-11
2.5101135941568394E-4     1.1015756560177847E-11
2.511814282924787E-4      1.0981988497189452E-11
2.5135149716927344E-4     1.0948186897359557E-11
2.515215660460682E-4      1.0914351760688163E-11
2.51691634922863E-4       1.0880483087175272E-11
2.5186170379965775E-4     1.0846580876820883E-11
2.520317726764525E-4      1.0812645129624995E-11
2.5220184155324725E-4     1.0778675914044052E-11
2.5237191043004205E-4     1.0744673301745386E-11
2.525419793068368E-4      1.0710637292728999E-11
2.5271204818363155E-4     1.067656788699489E-11
2.528821170604263E-4      1.0642465084543064E-11
2.5305218593722105E-4     1.0608328885373515E-11
2.532222548140158E-4      1.0574159358613555E-11
2.533923236908106E-4      1.053995657656807E-11
2.5356239256760536E-4     1.0505720539237058E-11
2.5373246144440016E-4     1.0471451246620521E-11
2.539025303211949E-4      1.0437148698718458E-11
2.5407259919798966E-4     1.0402812895530872E-11
2.542426680747844E-4      1.0368443906816122E-11
2.5441273695157916E-4     1.0334041805530129E-11
2.545828058283739E-4      1.0299606591672896E-11
2.5475287470516866E-4     1.0265138265244422E-11
2.549229435819634E-4      1.0230636826244705E-11
2.5509301245875817E-4     1.0196102274673749E-11
2.552630813355529E-4      1.0161534680912059E-11
2.554331502123477E-4      1.01269341185465E-11
2.5560321908914247E-4     1.0092300587577071E-11
2.557732879659372E-4      1.0057634088003777E-11
2.55943356842732E-4       1.0022934619826614E-11
2.561134257195268E-4      9.988202183045583E-12
2.562834945963215E-4      9.953436848660481E-12
2.564535634731163E-4      9.918638690858863E-12
2.56623632349911E-4       9.88380770964073E-12
2.5679370122670583E-4     9.848943905006082E-12
2.569637701035006E-4      9.814047276954922E-12
2.5713383898029533E-4     9.779117825487248E-12
2.573039078570901E-4      9.74415562221E-12
2.574739767338849E-4      9.709160741889437E-12
2.5764404561067964E-4     9.674133184525561E-12
2.578141144874744E-4      9.639072950118369E-12
2.5798418336426914E-4     9.603980038667864E-12
2.581542522410639E-4      9.568854450174046E-12
2.5832432111785864E-4     9.533696256837303E-12
2.5849438999465344E-4     9.498505533985238E-12
2.586644588714482E-4      9.463282281617851E-12
2.58834527748243E-4       9.42802649973514E-12
2.5900459662503775E-4     9.392738188337109E-12
2.591746655018325E-4      9.357417347423752E-12
2.5934473437862725E-4     9.322064049774725E-12
2.5951480325542205E-4     9.286678371261197E-12
2.5968487213221675E-4     9.25126031188317E-12
2.5985494100901155E-4     9.215809871640637E-12
2.600250098858063E-4      9.180327050533606E-12
2.6019507876260105E-4     9.144811848562072E-12
2.603651476393958E-4      9.109264339067787E-12
2.605352165161906E-4      9.073684598450763E-12
2.6070528539298536E-4     9.038072626711E-12
2.608753542697801E-4      9.002428423848498E-12
2.6104542314657486E-4     8.966751989863259E-12
2.612154920233696E-4      8.93104332475528E-12
2.6138556090016436E-4     8.895302502410258E-12
2.615556297769591E-4      8.85952959974354E-12
2.6172569865375386E-4     8.823724616755125E-12
2.6189576753054867E-4     8.787887553445013E-12
2.620658364073434E-4      8.752018409813206E-12
2.6223590528413817E-4     8.716117185859702E-12
2.624059741609329E-4      8.680183955996598E-12
2.625760430377277E-4      8.644218797640656E-12
2.6274611191452247E-4     8.60822171079187E-12
2.629161807913172E-4      8.572192695450243E-12
2.63086249668112E-4       8.53613175161578E-12
2.632563185449068E-4      8.500038879288475E-12
2.634263874217016E-4      8.463914153390536E-12
2.6359645629849633E-4     8.427757651825303E-12
2.637665251752911E-4      8.391569374592778E-12
2.6393659405208583E-4     8.355349321692958E-12
2.641066629288806E-4      8.319097493125847E-12
2.6427673180567533E-4     8.282813888891443E-12
2.644468006824701E-4      8.246498584407675E-12
2.646168695592649E-4      8.21015165804797E-12
2.647869384360596E-4      8.173773109812323E-12
2.649570073128544E-4      8.137362939700739E-12
2.6512707618964914E-4     8.100921147713216E-12
2.652971450664439E-4      8.064447733849754E-12
2.654672139432387E-4      8.027942774009884E-12
2.6563728282003344E-4     7.991406347020213E-12
2.658073516968282E-4      7.954838452880741E-12
2.6597742057362294E-4     7.918239091591468E-12
2.661474894504177E-4      7.881608263152397E-12
2.663175583272125E-4      7.844945967563522E-12
2.6648762720400725E-4     7.808252281191158E-12
2.6665769608080205E-4     7.771527283298854E-12
2.668277649575968E-4      7.734770973886612E-12
2.6699783383439155E-4     7.697983352954431E-12
2.671679027111863E-4      7.661164420502314E-12
2.6733797158798105E-4     7.624314176530257E-12
2.675080404647758E-4      7.587432697857582E-12
2.676781093415706E-4      7.55052006416765E-12
2.6784817821836536E-4     7.513576275460458E-12
2.6801824709516016E-4     7.476601331736008E-12
2.681883159719549E-4      7.439595232994302E-12
2.6835838484874966E-4     7.402557979235338E-12
2.685284537255444E-4      7.365489647718914E-12
2.6869852260233917E-4     7.328390318529927E-12
2.688685914791339E-4      7.291259991668382E-12
2.6903866035592867E-4     7.254098667134275E-12
2.692087292327234E-4      7.2169063449276094E-12
2.6937879810951817E-4     7.179683025048382E-12
2.695488669863129E-4      7.142428785184581E-12
2.697189358631077E-4      7.105143705804251E-12
2.6988900473990247E-4     7.06782778690739E-12
2.700590736166972E-4      7.0304810284940016E-12
2.70229142493492E-4       6.9931034305640834E-12
2.703992113702868E-4      6.955694993117637E-12
2.705692802470816E-4      6.918255794258805E-12
2.7073934912387633E-4     6.880785914820201E-12
2.7090941800067114E-4     6.843285354801823E-12
2.710794868774659E-4      6.8057541142036695E-12
2.712495557542607E-4      6.768192193025744E-12
2.7141962463105544E-4     6.730599591268044E-12
2.715896935078502E-4      6.692976387438415E-12
2.7175976238464494E-4     6.655322662715807E-12
2.719298312614397E-4      6.617638417100222E-12
2.7209990013823444E-4     6.57992365059166E-12
2.722699690150292E-4      6.542178363190121E-12
2.7244003789182394E-4     6.504402554895603E-12
2.7261010676861875E-4     6.466596304606282E-12
2.727801756454135E-4      6.428759693830158E-12
2.7295024452220825E-4     6.39089272256723E-12
2.73120313399003E-4       6.3529953908175E-12
2.7329038227579775E-4     6.315067698580968E-12
2.734604511525925E-4      6.277109645857634E-12
2.7363052002938725E-4     6.239121311922334E-12
2.7380058890618205E-4     6.201102778595288E-12
2.7397065778297675E-4     6.163054045876498E-12
2.7414072665977155E-4     6.124975113765964E-12
2.743107955365663E-4      6.086865982263687E-12
2.7448086441336105E-4     6.048726651369664E-12
2.7465093329015586E-4     6.010557200721857E-12
2.748210021669506E-4      5.972357712435912E-12
2.7499107104374536E-4     5.9341281865118314E-12
2.751611399205401E-4      5.895868622949614E-12
2.7533120879733486E-4     5.857579021749261E-12
2.7550127767412966E-4     5.819259382910771E-12
2.756713465509244E-4      5.780909786422124E-12
2.758414154277192E-4      5.742530314677303E-12
2.7601148430451397E-4     5.7041209676763096E-12
2.761815531813087E-4      5.665681745419142E-12
2.7635162205810347E-4     5.6272126479058026E-12
2.765216909348982E-4      5.588713675136289E-12
2.7669175981169297E-4     5.550184907435842E-12
2.768618286884878E-4      5.511626427459536E-12
2.770318975652825E-4      5.473038235207372E-12
2.7720196644207733E-4     5.4344203306793485E-12
2.773720353188721E-4      5.395772713875468E-12
2.7754210419566683E-4     5.35709538479573E-12
2.777121730724616E-4      5.318388424090234E-12
2.778822419492564E-4      5.2796519146576965E-12
2.7805231082605114E-4     5.240885856498117E-12
2.782223797028459E-4      5.202090249611496E-12
2.783924485796407E-4      5.163265093997834E-12
2.7856251745643544E-4     5.12441038965713E-12
2.787325863332302E-4      5.0855262175524296E-12
2.7890265521002494E-4     5.046612660808286E-12
2.790727240868197E-4      5.0076697194247E-12
2.7924279296361444E-4     4.968697393401669E-12
2.794128618404092E-4      4.929695682739196E-12
2.7958293071720394E-4     4.89066458743728E-12
2.7975299959399875E-4     4.851604188760447E-12
2.799230684707935E-4      4.812514570041005E-12
2.800931373475883E-4      4.773395731278956E-12
2.8026320622438305E-4     4.734247672474299E-12
2.8043327510117786E-4     4.695070393627034E-12
2.806033439779726E-4      4.655863894737161E-12
2.8077341285476736E-4     4.6166282573597075E-12
2.809434817315621E-4      4.577363565016446E-12
2.8111355060835686E-4     4.538069817707373E-12
2.812836194851516E-4      4.498747015432492E-12
2.8145368836194636E-4     4.459395158191801E-12
2.816237572387411E-4      4.420014245985301E-12
2.817938261155359E-4      4.3806043606481605E-12
2.8196389499233066E-4     4.341165585873053E-12
2.821339638691254E-4      4.301697921659979E-12
2.8230403274592016E-4     4.262201368008938E-12
2.824741016227149E-4      4.222675924919931E-12
2.8264417049950967E-4     4.183121592392957E-12
2.828142391913719E-4      4.1435384955895056E-12
2.8298430788323417E-4     4.103926675360937E-12
2.831543765750964E-4      4.064286131707251E-12
2.833244452669586E-4      4.024616864628449E-12
2.8349451395882084E-4     3.98491887412453E-12
2.8366458265068306E-4     3.945192160195493E-12
2.8383338426156093E-4     3.905733105282722E-12
2.8400218587243875E-4     3.866245916612808E-12
2.841709874833166E-4      3.8267305941857525E-12
2.8433978909419444E-4     3.787187138001553E-12
2.8450859070507225E-4     3.747615548060211E-12
2.846773923159501E-4      3.708015824361726E-12
2.8484226869974994E-4     3.669309852283904E-12
2.850071450835497E-4      3.630577193347421E-12
2.851720214673495E-4      3.5918178475522763E-12
2.853368978511493E-4      3.5530318148984713E-12
2.855017742349491E-4      3.514219095386006E-12
2.856666506187489E-4      3.4753796890148794E-12
2.8582628449681633E-4     3.437749889709575E-12
2.859859183748838E-4      3.4000952140541913E-12
2.861455522529512E-4      3.3624156620487306E-12
2.8630518613101863E-4     3.324711233693191E-12
2.864648200090861E-4      3.2869819289875737E-12
2.8662445388715353E-4     3.2492277479318782E-12
2.8677901195100846E-4     3.2126503863657155E-12
2.869335700148634E-4      3.176049832901705E-12
2.870881280787183E-4      3.139426087539845E-12
2.872426861425732E-4      3.102779150280137E-12
2.8739724420642814E-4     3.0661090211225804E-12
2.8755180227028307E-4     3.029415700067175E-12
2.8770144591355165E-4     2.9938670655970732E-12
2.878510895568202E-4      2.9582968066480165E-12
2.8800073320008876E-4     2.9227049232200035E-12
2.8815037684335734E-4     2.8870914153130357E-12
2.8830002048662587E-4     2.8514562829271125E-12
2.8844966412989445E-4     2.8157995260622343E-12
2.885945496144342E-4      2.781255984430838E-12
2.88739435098974E-4       2.746692277066433E-12
2.888843205835137E-4      2.712108403969019E-12
2.8902920606805346E-4     2.677504365138597E-12
2.891740915525932E-4      2.6428801605751667E-12
2.8931897703713294E-4     2.608235790278728E-12
2.894592556562055E-4      2.5746738295872175E-12
2.895995342752781E-4      2.541093060985128E-12
2.897398128943506E-4      2.5074934844724594E-12
2.898800915134232E-4      2.4738751000492124E-12
2.900203701324957E-4      2.4402379077153867E-12
2.901606487515683E-4      2.406581907470982E-12
2.9029646698782384E-4     2.373978179140261E-12
2.904322852240794E-4      2.3413569069797232E-12
2.9056810346033497E-4     2.3087180909893697E-12
2.907039216965905E-4      2.276061731169199E-12
2.9083973993284604E-4     2.2433878275192126E-12
2.909755581691016E-4      2.21069638003941E-12
2.9110705784754005E-4     2.1790277351864333E-12
2.9123855752597843E-4     2.1473427234991143E-12
2.913700572044168E-4      2.115641344977452E-12
2.915015568828552E-4      2.0839235996214465E-12
2.9163305656129364E-4     2.052189487431098E-12
2.9176455623973203E-4     2.0204390084064072E-12
2.918918746758003E-4      1.9896825300326366E-12
2.9201919311186853E-4     1.9589107809065706E-12
2.921465115479368E-4      1.9281237610282092E-12
2.9227382998400504E-4     1.897321470397552E-12
2.9240114842007324E-4     1.8665039090145998E-12
2.925284668561415E-4      1.8356710768793517E-12
2.926517369991221E-4      1.805804108216713E-12
2.927750071421027E-4      1.7759228896919517E-12
2.928982772850833E-4      1.7460274213050687E-12
2.930215474280639E-4      1.7161177030560637E-12
2.9314481757104446E-4     1.686193734944937E-12
2.932680877140251E-4      1.6562555169716886E-12
2.933874382858653E-4      1.6272556863273948E-12
2.935067888577056E-4      1.5982425568248646E-12
2.936261394295458E-4      1.5692161284640977E-12
2.93745490001386E-4       1.5401764012450946E-12
2.938648405732263E-4      1.5111233751678551E-12
2.9398419114506653E-4     1.4820570502323793E-12
2.940997467747933E-4      1.4539022926362871E-12
2.942153024045201E-4      1.4257351222207133E-12
2.943308580342469E-4      1.3975555389856574E-12
2.9444641366397365E-4     1.3693635429311196E-12
2.9456196929370047E-4     1.3411591340571002E-12
2.9467752492342723E-4     1.312942312363599E-12
2.9478940627728807E-4     1.2856108883031735E-12
2.949012876311489E-4      1.2582678770622629E-12
2.950131689850097E-4      1.230913278640867E-12
2.9512505033887053E-4     1.203547093038986E-12
2.9523693169273136E-4     1.1761693202566199E-12
2.953488130465922E-4      1.1487799602937682E-12
2.9545713695405807E-4     1.1222504717924192E-12
2.95565460861524E-4       1.0957101655866395E-12
2.956737847689898E-4      1.0691590416764286E-12
2.957821086764557E-4      1.0425971000617869E-12
2.958904325839216E-4      1.0160243407427144E-12
2.9599875649138744E-4     9.89440763719211E-13
2.961036360671493E-4      9.636921680022269E-13
2.9620851564291114E-4     9.379334718272365E-13
2.96313395218673E-4       9.1216467519424E-13
2.964182747944348E-4      8.863857781032371E-13
2.9652315437019667E-4     8.605967805542284E-13
2.966280339459585E-4      8.347976825472134E-13
2.967295787080446E-4      8.098093035185363E-13
2.968311234701307E-4      7.848114927029149E-13
2.9693266823221676E-4     7.598042501003492E-13
2.9703421299430286E-4     7.347875757108393E-13
2.971357577563889E-4      7.097614695343851E-13
2.97237302518475E-4       6.847259315709866E-13
2.9733561850261254E-4     6.604774693080317E-13
2.9743393448675013E-4     6.362201987511528E-13
2.975322504708876E-4      6.119541199003499E-13
2.976305664550252E-4      5.87679232755623E-13
2.9772888243916274E-4     5.633955373169722E-13
2.9782719842330027E-4     5.391030335843975E-13
2.979223882936408E-4      5.155745720511917E-13
2.9801757816398135E-4     4.920378837023791E-13
2.9811276803432186E-4     4.684929685379596E-13
2.9820795790466237E-4     4.449398265579333E-13
2.9830314777500293E-4     4.213784577623002E-13
2.9839833764534345E-4     3.9780886215106034E-13
2.9849050080166744E-4     3.7498087530423145E-13
2.985826639579914E-4      3.521452040443509E-13
2.9867482711431526E-4     3.2930184837141863E-13
2.9876699027063926E-4     3.064508082854347E-13
2.988591534269632E-4      2.83592083786399E-13
2.9895131658328714E-4     2.6072567487431163E-13
2.990405492601034E-4      2.3857903240995635E-13
2.991297819369197E-4      2.164252116294385E-13
2.99219014613736E-4       1.9426421253275818E-13
2.9930824729055227E-4     1.7209603511991537E-13
2.9939747996736855E-4     1.4992067939091008E-13
2.994867126441848E-4      1.2773814534574228E-13
2.9957226053682064E-4     1.0646489061280111E-13
2.9965780842945656E-4     8.51850614166536E-14
2.997433563220924E-4      6.389865775729972E-14
2.9982890421472824E-4     4.260567963473949E-14
2.999144521073641E-4      2.130612704897291E-14
3.0E-4                    0
