% Model:              ModelMicPlate_Rh20um_hg5um_Refined_MaterialDefPolySilicon.mph
% Version:            COMSOL 6.3.0.420
% Date:               Aug 26 2025, 17:26
% Dimension:          1
% Nodes:              593
% Expressions:        2
% Description:        Global
% freq (Hz)               Re xi all, Im xi all     Re xi all, Im xi all
10                        -4.566205046413691E-11   1.7803563771393508E-14
20                        -4.566198147648352E-11   3.5606773642909647E-14
50                        -4.5661501595662143E-11  8.901075533550055E-14
100                       -4.565978697007506E-11   1.7797744514040958E-13
200                       -4.56529563970637E-11    3.5560503041206084E-13
500                       -4.560629350602191E-11   8.831691822548801E-13
1000                      -4.545292752146247E-11   1.7309580085342665E-12
1258.9254117941675        -4.5343944793811634E-11  2.150661693075407E-12
1584.893192461114         -4.518418544239315E-11   2.6599281067716887E-12
1995.2623149688789        -4.49528554773809E-11    3.2722610641225918E-12
2511.88643150958          -4.462024360710566E-11   4.000123333895535E-12
3162.2776601683795        -4.414392857071214E-11   4.8501028431552025E-12
3981.0717055349733        -4.34669359107336E-11    5.813130727493869E-12
5011.872336272725         -4.252272942730854E-11   6.8500012229444336E-12
6309.57344480193          -4.125295297288671E-11   7.877047780564813E-12
7943.282347242814         -3.963816181815505E-11   8.763046782135621E-12
10000                     -3.7743058491129814E-11  9.358965200739798E-12
12589.254117941662        -3.5718487385211464E-11  9.55095407117656E-12
15848.93192461114         -3.377087000849254E-11   9.32211404758258E-12
19952.62314968879         -3.208749716649435E-11   8.765784257958365E-12
25118.864315095823        -3.078027985576044E-11   8.042981038695658E-12
31622.776601683792        -2.9880788407225055E-11  7.321112543955878E-12
39810.71705534969         -2.9375748561615945E-11  6.737131510169974E-12
50118.72336272725         -2.925274559790884E-11   6.396832665076474E-12
63095.7344480193          -2.954138287681761E-11   6.402457452762934E-12
79432.82347242821         -3.0356652581299345E-11  6.909355347268319E-12
100000                    -3.196857293068969E-11   8.254403201870056E-12
101937.34859388738        -3.2153441353357246E-11  8.425129313770429E-12
103912.2303835169         -3.2347879535571265E-11  8.607882785633432E-12
105925.37251772897        -3.2552355480429094E-11  8.803557606112152E-12
107977.51623277094        -3.276736186207251E-11   9.013140809895211E-12
110069.41712522104        -3.2993416026944505E-11  9.237723900366505E-12
112201.84543019629        -3.323105969040567E-11   9.478515991348058E-12
114375.58630495389        -3.348085815398468E-11   9.736858859883139E-12
116591.4401179831         -3.374339906095351E-11   1.0014244410238971E-11
118850.22274370189        -3.401928957696418E-11   1.0312334297111154E-11
121152.76586285877        -3.43091534019818E-11    1.063298327787119E-11
123499.91726875851        -3.461362515138332E-11   1.0978265420127982E-11
125892.54117941661        -3.4933343022061934E-11  1.1350504720660239E-11
128331.51855576513        -3.526893864001299E-11   1.1752310471960053E-11
130817.74742601928        -3.562102325215685E-11   1.2186618281890927E-11
133352.1432163324         -3.5990169535708535E-11  1.2656737930975087E-11
135935.6390878527         -3.6376885610436486E-11  1.3166407597594188E-11
138569.18628031274        -3.6781583236055753E-11  1.37198588493804E-11
141253.75446227554        -3.720453268134994E-11   1.4321889604275723E-11
143990.33208816327        -3.764580544872847E-11   1.4977950387991133E-11
146779.92676220706        -3.810519700762808E-11   1.5694242344797936E-11
149623.5656094433         -3.8582125800420625E-11  1.6477830356072333E-11
152522.29565390197        -3.907549972584111E-11   1.7336771273664594E-11
155477.18420411728        -3.958354000959268E-11   1.8280257779023124E-11
158489.3192461114         -4.0103549856306814E-11  1.9318777770706103E-11
161559.80984398728        -4.0631609289516366E-11  2.0464284920083304E-11
164689.78654828688        -4.1162174206237315E-11  2.173037399907109E-11
167880.4018122559         -4.1687549764495354E-11  2.313244636543833E-11
171132.8304161781         -4.219720324373021E-11   2.4687844324564563E-11
174448.26989992525        -4.267686856888297E-11   2.641590896017297E-11
177827.94100389228        -4.3107394101477085E-11  2.8337901693245414E-11
181273.0881184697         -4.3463276151426296E-11  3.047668047893907E-11
184784.97974222907        -4.371083262256321E-11   3.285597354326303E-11
188364.9089489802         -4.380600042917084E-11   3.5499011994357774E-11
192014.19386388012        -4.36918155998719E-11    3.8426182603001596E-11
195734.17814876616        -4.32957871771001E-11    4.1651239673311154E-11
199526.2314968879         -4.2527657052820806E-11  4.517552789477811E-11
203391.7501372293         -4.127849296012576E-11   4.897965858645255E-11
207332.1573485954         -3.942272461557885E-11   5.3012357396240526E-11
211348.90398366476        -3.682550421386509E-11   5.7177005289612405E-11
215443.46900318822        -3.335828419585022E-11   6.1318060410696E-11
219617.36002054368        -2.8924937313091806E-11  6.521218393546851E-11
220000.0000000002         -2.847325083121753E-11   6.554375619553217E-11
220507.1523771383         -2.7863143183568112E-11  6.597521853713842E-11
221015.473861247          -2.723868346290849E-11   6.639806176364507E-11
221524.96714739717        -2.659995491061539E-11   6.68117206959944E-11
222035.63493687054        -2.594706511470434E-11   6.721562481134496E-11
222547.47993717782        -2.5280148791667794E-11  6.760919779232583E-11
223060.5048620698         -2.459936745206038E-11   6.799185990860574E-11
223574.71243155305        -2.3904910409319253E-11  6.836302904808182E-11
224090.10537190593        -2.31969943036698E-11    6.872212315950732E-11
224606.68641568997        -2.2475866454823135E-11  6.906855971005427E-11
225124.458301766          -2.1741802404878305E-11  6.940175934660579E-11
225643.42377530993        -2.09951083338758E-11    6.97211463967082E-11
226163.58558782414        -2.0236119617025204E-11  7.002615148243665E-11
226684.9464971557         -1.9465202642077416E-11  7.031621248402677E-11
227207.50926750776        -1.8682754337869447E-11  7.059077664439919E-11
227731.27666945566        -1.788920112849094E-11   7.084930305187797E-11
228256.251479963          -1.7085000089947566E-11  7.109126372946459E-11
228782.43648239342        -1.6270637745248633E-11  7.131614605562003E-11
229309.83446652698        -1.5446630077449217E-11  7.152345452470242E-11
229838.44822857628        -1.4613521647453047E-11  7.171271273474711E-11
230368.28057119786        -1.3771884510133942E-11  7.188346539814416E-11
230899.33430351104        -1.2922318323378129E-11  7.203527999001882E-11
231431.61224110937        -1.2065448326923467E-11  7.216774880205132E-11
231965.11720607697        -1.1201923499858521E-11  7.228049099317089E-11
232499.85202700508        -1.0332417019132144E-11  7.237315371983332E-11
233035.81953900395        -9.457624146089516E-12   7.244541410154276E-11
233573.02258371952        -8.578259494952986E-12   7.249698086860416E-11
234111.46400934982        -7.69505594459388E-12    7.25275958131097E-11
234651.1466706567         -6.8087633116283286E-12  7.253703489181383E-11
235192.0734289849         -5.9201459073798486E-12  7.252510961709154E-11
235734.24715227375        -5.0299802188651836E-12  7.249166809803625E-11
236277.67071507388        -4.139052961394156E-12   7.243659595925622E-11
236822.3469985639         -3.2481586925429787E-12  7.235981710740258E-11
237368.27889056274        -2.3580978826548386E-12  7.226129426686528E-11
237915.46928554645        -1.4696745084227982E-12  7.214102951434148E-11
238463.92108466505        -5.836919617581198E-13   7.199906449845398E-11
239013.6371957544         2.990467246421201E-13    7.183548040873042E-11
239564.6205333555         1.1777422360419157E-12   7.165039811566531E-11
240000.00000000017        1.8672771908378136E-12   7.148939250392778E-11
244649.63662532988        8.875130025758838E-12    6.901008656259272E-11
249389.35292044075        1.5103978086199332E-11   6.527732695579577E-11
254220.89404254974        2.0272879962863096E-11   6.062040105038453E-11
259146.03895865046        2.4256928890829766E-11   5.5418110875952037E-11
264166.6011005307         2.707425678314262E-11    5.00255296042195E-11
269284.4290324713         2.884426838471567E-11    4.472679152565519E-11
274501.40713188954        2.973914509004283E-11    3.9718507455952976E-11
279819.45628315967        2.994399599940847E-11    3.511584282517657E-11
285240.53458488476        2.963124546948323E-11    3.09698233613858E-11
290766.6380708613         2.8948032095102143E-11   2.7286912369590367E-11
296399.80144502065        2.8012696025401974E-11   2.404598848017823E-11
302142.0988306001         2.6916430977430836E-11   2.121106523560576E-11
307995.6445338365         2.5727237182724455E-11   1.8739901287897597E-11
313962.59382244654        2.4494447996501947E-11   1.6589344316451547E-11
320045.143719198          2.3252953817671725E-11   1.471835811347797E-11
326245.53381084674        2.2026772981421816E-11   1.3089526780866705E-11
332566.0470727508         2.0831904210259093E-11   1.1669622793724168E-11
339009.0107094616         1.9678524149795476E-11   1.0429634216006126E-11
345576.79701159213        1.8572640657891537E-11   9.344506157804806E-12
352271.8242292972         1.751731591704715E-11    8.392751021827808E-12
359096.55746266415        1.6513560326783378E-11   7.55601781358141E-12
366053.509569365          1.5560979887200287E-11   6.818669970816856E-12
373145.24208988174        1.465824075407025E-11    6.167395952410245E-12
380374.3661906677         1.3803400498005844E-11   5.5908633897669965E-12
387743.5436255698         1.2994141471540371E-11   5.079418176543064E-12
395255.4877158888         1.2227933928275522E-11   4.624827206179803E-12
402912.96434941445        1.1502147702452102E-11   4.220060159101741E-12
410718.79299882776        1.0814127034449213E-11   3.859105993392898E-12
418675.84775982087        1.0161238476122182E-11   3.536819267119827E-12
426787.0584093418         9.540899204165432E-12    3.2487920920222404E-12
435055.4114843276         8.950591022142128E-12    2.9912479801194897E-12
443483.9513813501         8.387863399181717E-12    2.7609543286000224E-12
452075.78147755284        7.850327974133394E-12    2.555151049088081E-12
460834.0652733126         7.335646008708247E-12    2.3714933780112456E-12
469762.02755703917        6.841509180611944E-12    2.208007420162095E-12
478862.9555925313         6.365613696876666E-12    2.063057784505127E-12
488140.2003293507         5.9056269761071954E-12   1.935327346982693E-12
497597.1776366294         5.459144762664581E-12    1.8238100415543847E-12
499999.99999999994        5.348880983145674E-12    1.798271278967334E-12
502886.5315008695         5.2179686672927255E-12   1.7690237849347825E-12
505789.7271299491         5.0879129983001285E-12   1.7411501908964016E-12
508709.68309030274        4.958639232722853E-12    1.714643182313672E-12
511646.4961403767         4.830070426336097E-12    1.689498576366674E-12
514600.26359721425        4.7021271613383454E-12   1.6657154912305051E-12
517571.08333967143        4.574727269659651E-12    1.6432965458297858E-12
520559.05381166976        4.447785506441388E-12    1.6222480920136168E-12
523564.2740254492         4.321213222944944E-12    1.6025804885965597E-12
526586.843564858          4.194917964202046E-12    1.584308411248293E-12
529626.8625886448         4.068803077907681E-12    1.5674512214440996E-12
532684.4318337814         3.942767216066967E-12    1.5520333820521902E-12
535759.6526188034         3.816703866968624E-12    1.5380849530749438E-12
538852.6268471606         3.690500756518092E-12    1.5256421469457947E-12
541963.4570106019         3.564039230260166E-12    1.5147479908982787E-12
545092.2461925633         3.437193566311293E-12    1.5054530811614175E-12
548239.0980715925         3.309830174417018E-12    1.4978164666489986E-12
551404.1169247765         3.181806773896919E-12    1.4919066771563348E-12
554587.4076312004         3.0529713824164792E-12   1.4878029179466762E-12
557789.0756754265         2.9231612688512003E-12   1.485596475343877E-12
561009.2271509814         2.792201749738742E-12    1.4853923539817176E-12
564247.968763881          2.659904814757253E-12    1.4873112120500258E-12
567505.4078361571         2.5260676698856503E-12   1.4914916409613165E-12
570781.6523094228         2.3904709966163096E-12   1.4980928583707897E-12
574076.8107484408         2.2528771243223714E-12   1.507297915914609E-12
577390.992344729          2.1130278705054963E-12   1.5193175140136381E-12
580724.3069201718         1.970642246561495E-12    1.53439457400912E-12
584076.8649306621         1.825413808211647E-12    1.5528097300197504E-12
587448.777469765          1.6770077948975942E-12   1.5748879551328906E-12
590840.1562723914         1.525057970903071E-12    1.601006594071707E-12
594251.1137185093         1.3691631457758887E-12   1.6316051529024796E-12
597681.7628368587         1.208883522225734E-12    1.6671972592997883E-12
601132.2173087065         1.0437368487722137E-12   1.7083853888341314E-12
604602.5914716035         8.731944668672972E-13    1.7558790571725474E-12
608093.0003231838         6.966776893046878E-13    1.8105173964075778E-12
611603.5595249662         5.135547257104039E-13    1.8732973570879905E-12
615134.3854061905         3.2313883280923304E-13   1.945409070723607E-12
618685.5949676766         1.2468889252268547E-13   2.028280403050932E-12
622257.3058856921         -8.258607192003436E-14   2.1236333354217477E-12
625849.6365158627         -2.9951566600491894E-13  2.233555543644485E-12
629462.705897083          -5.269459001572197E-13   2.360591434147237E-12
633096.633755472          -7.656994656944491E-13   2.5078580001948405E-12
636751.5405083314         -1.0165075670604031E-12  2.6791916575401796E-12
640427.5472681391         -1.2798968845886682E-12  2.879332871807282E-12
644124.7758465674         -1.556004980804183E-12   3.114153985771998E-12
647843.3487585094         -1.844283218981747E-12   3.3909307200650134E-12
651583.3892261499         -2.143024356953218E-12   3.718643337305011E-12
655345.0211830379         -2.448623492063264E-12   4.108259583781695E-12
659128.3692782036         -2.754452387158535E-12   4.572877714435483E-12
662933.558880279          -3.0492287001418295E-12  5.127459421914604E-12
666760.7160816619         -3.3148907732890996E-12  5.787618712193938E-12
670609.9677026861         -3.5244999850666586E-12  6.5665809546685656E-12
674481.4412958266         -3.642100856210131E-12   7.469413598101954E-12
678375.2651499312         -3.6291444152841875E-12  8.48577722585095E-12
682291.5682944618         -3.4629841333061856E-12  9.591275258142207E-12
686230.4805037811         -3.155589216844156E-12   1.0783781350493658E-11
690192.1323014419         -2.699907624003493E-12   1.2161718401760922E-11
694176.6549645227         -1.863636353996663E-12   1.3889587480445988E-11
698184.180527968          -1.0829893647937769E-13  1.579902828426755E-11
702214.8417889737         2.82260594813181E-12     1.706330793420054E-11
706268.7723113777         6.259809683313095E-12    1.6857201372386724E-11
710346.1064300907         9.140485509615869E-12    1.524921907075783E-11
714446.9792555517         1.0938270529321603E-11   1.2966005957253519E-11
718571.5266781948         1.1747694530726645E-11   1.0664022618736367E-11
722719.8853729639         1.1889523645493643E-11   8.661985774909092E-12
726892.1928038303         1.1651295993604084E-11   7.03489267469184E-12
731088.5872283591         1.1224248411825033E-11   5.749763684573396E-12
735309.2077022808         1.0719881482208926E-11   4.743413328008713E-12
739554.1940841035         1.0198513593169198E-11   3.954103703468397E-12
743823.6870397514         9.690787306032256E-12    3.3308741283875993E-12
748117.8280472163         9.210965197352104E-12    2.8343051020967335E-12
752436.7594012571         8.764542995614509E-12    2.4346904796884862E-12
756780.6242181035         8.352465483101415E-12    2.1098293882859663E-12
761149.5664402101         7.973423056400423E-12    1.8431198813262622E-12
765543.7308410143         7.625088091647484E-12    1.622081682802185E-12
769963.2630297459         7.304770517489051E-12    1.4372611632283983E-12
774408.3094562413         7.0097560614268216E-12   1.28143429677624E-12
778879.0174158008         6.737471777426897E-12    1.1490297858901721E-12
783375.535054075          6.4855582028109276E-12   1.0357110606066577E-12
787898.0113719617         6.251891818076674E-12    9.380719385343217E-13
792446.596230557          6.034581972260791E-12    8.534135372826626E-13
797021.4403561081         5.831955552663248E-12    7.795794778264086E-13
801622.6953450207         5.642536509092378E-12    7.148330805646386E-13
806250.5136688699         5.465024208124552E-12    6.577651179844481E-13
810905.0486794648         5.298272470099747E-12    6.072238924770883E-13
815586.4546139197         5.1412703171957175E-12   5.622618292797324E-13
820294.8865997692         4.99312465733506E-12     5.220943176622503E-13
825030.5006601142         4.8530450704593E-12      4.860677774342417E-13
829793.4537187797         4.720330498472017E-12    4.53634674205751E-13
834583.903605529          4.594357720493441E-12    4.243338457494517E-13
839402.0090612794         4.474571384531052E-12    3.97774897280114E-13
844247.9297433766         4.360475415956601E-12    3.736257480322945E-13
849121.8262308729         4.251625590582044E-12    3.5160262504049993E-13
854023.8600298538         4.147623157320129E-12    3.3146198496835166E-13
858954.1935787946         4.048109305306038E-12    3.129939453082007E-13
863912.9902539313         3.952760403882944E-12    2.9601692311838507E-13
868900.414374688          3.861283862769002E-12    2.8037322984745503E-13
873916.6312091086         3.7734145573608876E-12   2.6592543970561566E-13
878961.8069793464         3.688911711325255E-12    2.5255337791938014E-13
884036.1088671589         3.6075561842051052E-12   2.401516135820381E-13
889139.7050194612         3.5291481070097836E-12   2.2862736357917166E-13
894272.7645538864         3.4535048020068336E-12   2.1789873117841087E-13
899435.4575643935         3.380458982424444E-12    2.0789322512873011E-13
904627.9551269109         3.3098571439507104E-12   1.9854650283055513E-13
909850.4293049912         3.241558168262608E-12    1.8980130606837754E-13
915103.0531555283         3.1754320763210687E-12   1.8160655259304254E-13
920386.0007344771         3.1113589386266434E-12   1.7391656107497461E-13
925699.447102636          3.049227900401276E-12    1.6669038587939696E-13
931043.5683314326         2.9889363173899786E-12   1.598912446520683E-13
936418.541508774          2.9303889898100673E-12   1.534860253025961E-13
941824.5447449009         2.8734974751824046E-12   1.474448592007107E-13
947261.7571782955         2.818179479625371E-12    1.417407513771443E-13
952730.358981624          2.7643583065819783E-12   1.363492585350426E-13
958230.5313676925         2.7119623660988668E-12   1.312482087636484E-13
963762.4565954682         2.6609247334326494E-12   1.2641745666478574E-13
969326.3179761027         2.611182751122655E-12    1.2183866899445154E-13
974922.2998790226         2.562677668576181E-12    1.1749513654420982E-13
980550.5877380247         2.5153543231416817E-12   1.1337160915456862E-13
986211.3680574265         2.4691608349892415E-12   1.0945414934795977E-13
991904.8284182535         2.4240483538646175E-12   1.057300052706027E-13
997631.1574844392         2.3799708074987215E-12   1.0218749660859711E-13
1003390.5450090949        2.3368846845470883E-12   9.881591493090683E-14
1009183.1818407797        2.2947488336504555E-12   9.56054355233648E-14
1015009.2599298421        2.253524278815931E-12    9.254703915242831E-14
1020868.9723347636        2.2131740502192863E-12   8.963244364348146E-14
1026762.5132285729        2.173663032525794E-12    8.685404368768364E-14
1032690.0779052655        2.134957819498619E-12    8.420485820276991E-14
1038651.8627862814        2.097026589357452E-12    8.16784856786606E-14
1044648.0654270203        2.059838979383333E-12    7.926906583273627E-14
1050678.8845233733        2.02336598178756E-12     7.697124970776091E-14
1056744.5199183237        1.987579841621453E-12    7.478017691009626E-14
1062845.1726085525        1.9524539725361695E-12   7.269146310700268E-14
1068981.044751116         1.917962879833574E-12    7.070119880267351E-14
1075152.339670127         1.8840821056643266E-12   6.880596412700238E-14
1081359.26186351          1.8507882053021415E-12   6.70028656713978E-14
1087602.017009762         1.8180587716829677E-12   6.528960401903759E-14
1093880.8119747757        1.7858725703206758E-12   6.366458264962398E-14
1100195.8548186996        1.7542098859711143E-12   6.212705715708533E-14
1106547.354802818         1.7230533460776708E-12   6.067725672166498E-14
1112935.5223965026        1.6923897950273372E-12   5.931609628333593E-14
1119360.5692841688        1.6622142524480987E-12   5.804278204073529E-14
1125822.7083723089        1.6325356041465453E-12   5.684386818717102E-14
1132322.1537965308        1.603365698960766E-12    5.56598176654537E-14
1138859.1209286607        1.5746229486394907E-12   5.437314208830573E-14
1145433.8263838873        1.5460853516174982E-12   5.302134042930153E-14
1152046.488027922         1.517736118192999E-12    5.1824888157061604E-14
1158697.3249842396        1.4897104022528912E-12   5.0821115678276464E-14
1165386.5576413178        1.4620456694278999E-12   4.9947974135036493E-14
1172114.4076599611        1.4347220792580887E-12   4.9166992604834315E-14
1178881.097980626         1.4077115221100064E-12   4.846351535354699E-14
1185686.8528308275        1.380988385860957E-12    4.783342239176655E-14
1192531.8977325535        1.3545300026491435E-12   4.727690730687308E-14
1199416.4595097448        1.3283158537235297E-12   4.6796172268044095E-14
1206340.7662958174        1.3023271216403968E-12   4.639460870487816E-14
1213305.047541207         1.2765467498155963E-12   4.6076463703704825E-14
1220309.5340209906        1.2509600877301719E-12   4.5846517964017994E-14
1227354.4578425142        1.225556319500613E-12    4.5709306092743607E-14
1234440.0524531044        1.200331011253961E-12    4.5666929408028193E-14
1241566.5526477837        1.1752898639692083E-12   4.571310612495912E-14
1248734.1945770716        1.1504512649957226E-12   4.5817864902080065E-14
1255943.215754791         1.1258331553440042E-12   4.589362493530269E-14
1263193.8550659476        1.1013738243695175E-12   4.575472424289927E-14
1270486.3527746531        1.0767462148258033E-12   4.522131464476216E-14
1277820.9505320683        1.0514427016018E-12      4.455586509694561E-14
1285197.891384432         1.0254957738222978E-12   4.4401398127196746E-14
1292617.4197810942        9.994044003537012E-13    4.4931398848128806E-14
1300079.7815826358        9.734269840506951E-13    4.590895980758036E-14
1307585.2240689998        9.475753355402555E-13    4.710175821815897E-14
1315133.9959476907        9.217840715510996E-13    4.830974675334425E-14
1322726.3473620256        8.958710475837654E-13    4.928787871574841E-14
1330362.5298994042        8.693722189712966E-13    4.987660482294518E-14
1338042.7965996664        8.417118753067252E-13    5.0385508983438807E-14
1345767.4019634568        8.128059960965296E-13    5.144259418309002E-14
1353536.6019606786        7.829696332798476E-13    5.332006131841481E-14
1361350.6540389548        7.523648765361287E-13    5.593516351009882E-14
1369209.8171321806        7.209128951467976E-13    5.917925151199122E-14
1377114.3516690843        6.884191130033356E-13    6.303005976733142E-14
1385064.5195818662        6.546425558883384E-13    6.754119401273636E-14
1393060.584314886         6.193099942581235E-13    7.282207281478704E-14
1401102.8108333724        5.821089209057546E-13    7.903126684053081E-14
1409191.4656322272        5.426733429062231E-13    8.638150637328971E-14
1417326.8167448323        5.005655100539695E-13    9.515406079452537E-14
1425509.1337519547        4.552530281914597E-13    1.0572297684665574E-13
1433738.6877906565        4.0607954521230054E-13   1.1859247530845953E-13
1442015.7515633027        3.522264806446792E-13    1.3445417266924147E-13
1450340.599346578         2.926627459187632E-13    1.542759403550493E-13
1458713.5070005828        2.2607932277948764E-13   1.7944314403428165E-13
1467134.751977985         1.508072752769874E-13    2.1198940057591273E-13
1475604.6133331917        6.472534424627216E-14    2.549851521285778E-13
1484123.3717316212        -3.481124507820795E-14   3.1321312991546174E-13
1492691.3094589785        -1.5090922104791654E-13  3.9437960040686926E-13
1501308.7104306335        -2.8658364427955327E-13  5.113405307433078E-13
1509975.8602010093        -4.4257726959886165E-13  6.862026676206588E-13
1518693.045973052         -6.099892059741776E-13   9.573548414664123E-13
1527460.5566077575        -7.4713343851593E-13     1.3873538528498654E-12
1536278.6826337224        -7.179153973362655E-13   2.0453075803668554E-12
1545147.716256796         -2.1884857354131509E-13  2.8465396632292796E-12
1554067.9513697366        9.076650590966912E-13    3.2272719666350094E-12
1563039.6835619777        1.968188593438579E-12    2.7314261087868573E-12
1572063.210129396         2.3754297434983175E-12   1.918573279481179E-12
1581138.8300841895        2.3591479352190278E-12   1.2885454224612708E-12
1590266.8441647617        2.2060831663300373E-12   8.839349745874022E-13
1599447.5548456984        2.0346410039997548E-12   6.299444330010101E-13
1608681.2663478001        1.879070156381143E-12    4.66206098586919E-13
1617968.2846481402        1.7455863237241714E-12   3.5656056913897534E-13
1627308.91749023          1.6324929049711607E-12   2.8031452526012415E-13
1636703.4743941894        1.53643585684074E-12     2.254357038535225E-13
1646152.2666670326        1.4541890949289638E-12   1.8468616610480823E-13
1655655.6074129536        1.3830579578081625E-12   1.5353640183673848E-13
1665213.8115437313        1.3208666837674106E-12   1.2903248433166046E-13
1674827.1957891395        1.2658255170592506E-12   1.091812811428448E-13
1684496.0787074529        1.2163812548225613E-12   9.266369738648547E-14
1694220.7806960135        1.1711760182249701E-12   7.879480731049624E-14
1704001.6240018238        1.1292969179169444E-12   6.749722450205785E-14
1713838.9327322522        1.0905718387477698E-12   5.882461325204783E-14
1723733.0328657452        1.055178179398888E-12    5.2346224354394446E-14
1733684.2522626582        1.0229889142032217E-12   4.7313095690419326E-14
1743692.9206760935        9.935612310089338E-13    4.3143747732455975E-14
1753759.3697628395        9.664163761150067E-13    3.952917773113378E-14
1763883.9330943706        9.411697118945886E-13    3.632331090626762E-14
1774066.9461678762        9.175353945327535E-13    3.344931550010485E-14
1784308.7464174065        8.952999471808533E-13    3.085500808344637E-14
1794609.6732250247        8.742987916425207E-13    2.849437985431777E-14
1804970.0679320833        8.54398882404307E-13     2.6317853482615714E-14
1815390.2738505085        8.354808094108025E-13    2.4263564111720054E-14
1825870.6362741883        8.174061643934767E-13    2.225351236663955E-14
1836411.5024904248        7.999595263535168E-13    2.023621061311327E-14
1847013.2217914166        7.828761508316025E-13    1.835421235008038E-14
1857676.1454858636        7.661919205803967E-13    1.6952454749625346E-14
1868400.6269105778        7.50254350801194E-13     1.6037701347925664E-14
1879187.0214422212        7.351391343465566E-13    1.5315826316014317E-14
1890035.686509054         7.207004524139386E-13    1.462797791693484E-14
1900946.9816028061        7.068087991454457E-13    1.394724854703472E-14
1911921.268290561         6.933856826464323E-13    1.3282379177102185E-14
1922958.9102267674        6.80382093862761E-13     1.2643691048330655E-14
1934060.2731652623        6.677632785154131E-13    1.2037351456412244E-14
1945225.7249714022        6.555016905732297E-13    1.1466010986754253E-14
1956455.6356342656        6.435739149457146E-13    1.0930089453555044E-14
1967750.377278886         6.319592615587157E-13    1.0428715320041293E-14
1979110.324178613         6.206390602576792E-13    9.96030465765991E-15
1990535.8527674843        6.095962614319838E-13    9.52289569043768E-15
2002027.3416527316        5.988151777549852E-13    9.11433131249629E-15
2013585.171627297         5.882812945192548E-13    8.732346657583471E-15
2025209.7256824651        5.779811141712186E-13    8.374593384784129E-15
2036901.389020565         5.679020122852655E-13    8.038616013223454E-15
2048660.5490677063        5.580320845518565E-13    7.721785128229397E-15
2060487.5954866519        5.483599548322383E-13    7.421186597973898E-15
2072382.920189694         5.388744919568493E-13    7.133468021362414E-15
2084346.9173516773        5.295643386301912E-13    6.854667293619766E-15
2096379.9834230293        5.204170868565018E-13    6.580134056481193E-15
2108482.517142911         5.114178760777545E-13    6.304903462341099E-15
2120654.9195524426        5.025473894567941E-13    6.0254626895192344E-15
2132897.5940079624        4.937805220444388E-13    5.744655795279616E-15
2145210.9461944285        4.850906743470768E-13    5.480356376087685E-15
2157595.384138825         4.764668453446599E-13    5.2694614048657706E-15
2170051.31822372          4.679334077032342E-13    5.147339614727525E-15
2182579.161200828         4.595352823742547E-13    5.111613876181225E-15
2195179.328204723         4.5129440501351206E-13   5.1238149412996994E-15
2207852.23676656          4.4319778207092854E-13   5.146314664065608E-15
2220598.3068279442        4.3521846601234536E-13   5.161037760109552E-15
2233417.9607548174        4.273320440988651E-13    5.164173842325975E-15
2246311.623351466         4.195201244811704E-13    5.156959331793967E-15
2259279.721874613         4.1176776949809933E-13   5.140096297691964E-15
2272322.686047542         4.040574875732268E-13    5.1123741571483845E-15
2285440.9480743757        3.963640744771826E-13    5.082028569523495E-15
2298634.9426543587        3.886832761126981E-13    5.075195183638152E-15
2311905.1069963016        3.810310909473723E-13    5.0841368330597205E-15
2325251.8808330335        3.7339144423452085E-13   5.086688233359573E-15
2338675.70643599          3.6573769727493834E-13   5.074294057924542E-15
2352177.0286298823        3.5803905637153715E-13   5.040646497334114E-15
2365756.294807401         3.502485051030157E-13    4.985104881697456E-15
2379413.9549440853        3.4230359907212557E-13   4.944210948210555E-15
2393150.46161319          3.3420328465385943E-13   5.0058426042492115E-15
2419999.999999999         3.1818909726436484E-13   5.310564283391574E-15
2426975.3534313794        3.139314673057982E-13    5.437325183999147E-15
2433970.812464208         3.0963031900340135E-13   5.609123423797431E-15
2440986.4350504065        3.052998341656046E-13    5.818772256206163E-15
2448022.279308953         3.009423394713862E-13    6.050528987677286E-15
2455078.4035263383        2.9654880172224405E-13   6.290693880887323E-15
2462154.866157064         2.921047772637117E-13    6.531892321551153E-15
2469251.725824105         2.875950246023676E-13    6.772199963257355E-15
2476369.041319423         2.8300527871939154E-13   7.012870711587727E-15
2483506.8716044407        2.783222984360373E-13    7.256569999989039E-15
2490665.275810516         2.73533296057649E-13     7.506398775720849E-15
2497844.3132394603        2.686252802475211E-13    7.765465177540758E-15
2505044.043364009         2.6358446873235206E-13   8.036748744734124E-15
2512264.5258283275        2.583957727947416E-13    8.323099567309115E-15
2519505.820448481         2.5304231086634436E-13   8.627294097604799E-15
2526767.9872129634        2.475049002202616E-13    8.952116651135073E-15
2534051.0862831734        2.4176147630886046E-13   9.300462968856406E-15
2541355.1779939216        2.3578638688288164E-13   9.675482242291155E-15
2548680.3228539117        2.2954950304477336E-13   1.0080796804574448E-14
2556026.581546271         2.230150840012993E-13    1.0520874009570471E-14
2563394.01492904          2.1614034065131387E-13   1.10016830067298E-14
2570782.684035658         2.0887369364711892E-13   1.1531858027920597E-14
2578192.6500755013        2.0115287901747734E-13   1.2124693056344615E-14
2585623.9744343706        1.929034219710442E-13    1.2801303326950953E-14
2593076.718675008         1.8403861885445495E-13   1.3594868107803639E-14
2600550.944537587         1.7446257947083194E-13   1.4554361175271687E-14
2608046.7139402563        1.6407623788643768E-13   1.574338586962543E-14
2615564.088979635         1.527798801571388E-13    1.7228884087820825E-14
2623103.1319313124        1.40458349022397E-13     1.9063565110098084E-14
2630663.9052503956        1.2694337706262675E-13   2.1283001628667446E-14
2638246.4715720057        1.1197421962214475E-13   2.3935140644515308E-14
2645850.893711807         9.518228777123433E-14    2.7127070772526853E-14
2653477.2346665068        7.6091846111195E-14      3.106061896677641E-14
2661125.557614408         5.4106880086670345E-14   3.605471393766392E-14
2668795.925915917         2.846361599714861E-14    4.2577043584407826E-14
2676488.403114054         -1.861005893168932E-15   5.1314303585086104E-14
2684203.052935009         -3.82981079401548E-14    6.331971971215763E-14
2691939.93928865          -8.292061679841545E-14   8.031047600418112E-14
2699699.1262690634        -1.38811403617392E-13    1.0527980213324871E-13
2707480.6781550613        -2.106277421107645E-13   1.4383551957018124E-13
2715284.659410749         -3.0530467899358417E-13  2.073819213328076E-13
2723111.1346860365        -4.317884178598032E-13   3.214033310822102E-13
2730960.1688171835        -5.913389828912292E-13   5.482939079878769E-13
2738831.826827316         -7.011340345147617E-13   1.036407332530914E-12
2746726.1739269993        -2.4958317544546594E-13  1.8420731507834497E-12
2754643.2755147587        9.61157803961318E-13     1.7559704972336317E-12
2762583.197177606         1.2983820409196046E-12   9.438769772205376E-13
2770546.0046916166        1.1590657936763074E-12   4.9254360846163E-13
2778531.7640224528        9.951209651447243E-13    2.855612008994931E-13
2786540.5413259184        8.687786804005946E-13    1.819362272036467E-13
2794572.4029484876        7.750075378181163E-13    1.2440519693171398E-13
2802627.4154278873        7.041642772232228E-13    8.965552745949331E-14
2810705.645493631         6.49190369709342E-13     6.724091051456045E-14
2818807.1600675536        6.054110850948584E-13    5.20182975272274E-14
2826932.0262644035        5.697372908886208E-13    4.1246113125204153E-14
2835080.3113923715        5.400851018995091E-13    3.3364116336763995E-14
2843252.082953662         5.150121619226501E-13    2.74351745913461E-14
2851447.4086450296        4.934943720868886E-13    2.287063692473733E-14
2859666.356358374         4.74787193741577E-13     1.9286653134018575E-14
2867908.9941812833        4.583376152719217E-13    1.6424985925398203E-14
2876175.3903975845        4.4372695646489533E-13   1.4107402854620044E-14
2884465.6134879403        4.3063289486584146E-13   1.2208403451109125E-14
2892779.7321303957        4.1880381218092787E-13   1.0638344785209351E-14
2901117.8152009565        4.080412692136187E-13    9.332580514929023E-15
2909479.9317741385        3.981879416373929E-13    8.24399749446002E-15
2917866.1511235735        3.891190994323774E-13    7.33727554937135E-15
2926276.5427225605        3.8073596094628147E-13   6.583914225694734E-15
2934711.176244652         3.7295942224676187E-13   5.957982071110574E-15
2943170.121564209         3.657234125610337E-13    5.43355581475546E-15
2951653.4487570142        3.589686665130998E-13    4.9850124925931574E-15
2960161.2281008353        3.5263885122894567E-13   4.5899561207042185E-15
2968693.530075989         3.466802473321648E-13    4.232736271129636E-15
2977250.425365961         3.410442643793973E-13    3.906261484750726E-15
2985831.984857967         3.3569097135303173E-13   3.61093506356345E-15
2994438.2796435533        3.3059150614614044E-13   3.3505790509797916E-15
3003069.38101916          3.257269654550447E-13    3.1267949492997668E-15
3011725.360486749         3.2108326716698386E-13   2.9355446357842373E-15
3020406.2897543777        3.1664569185884223E-13   2.7686576017426E-15
3029112.2407367746        3.1239718304870843E-13   2.6179239028965665E-15
3037843.2855559723        3.0831993860896976E-13   2.477706146456176E-15
3046599.496541881         3.0439740192390105E-13   2.3450954110687695E-15
3055380.946232897         3.0061518317020193E-13   2.2189485256296847E-15
3064187.707376484         2.9696107337767606E-13   2.0989593793996065E-15
3073019.852929807         2.934246897081522E-13    1.9851026440203765E-15
3081877.456060323         2.899970806524552E-13    1.877382342758727E-15
3090760.590146366         2.866704057291891E-13    1.7757509563380739E-15
3099669.3287777924        2.834377026914854E-13    1.6801055543870786E-15
3108603.745756567         2.802927252639499E-13    1.5903118776053834E-15
3117563.915097385         2.772298320209059E-13    1.5062341220607726E-15
3126549.9110282618        2.742439121148598E-13    1.4277609013545649E-15
3135561.8079911843        2.7133033808801183E-13   1.3548225334421377E-15
3144599.6806427035        2.6848493911656225E-13   1.2873955761155323E-15
3153663.6038545645        2.6570398729740153E-13   1.2254900369221524E-15
3162753.6527143028        2.62984187480809E-13     1.1691151592372258E-15
3171869.9025259023        2.6032265662865986E-13   1.1182233116659151E-15
3181012.428810403         2.577168770095154E-13    1.0726397233957536E-15
3190181.307306505         2.551646114978536E-13    1.0319971221461006E-15
3199376.6139712343        2.5266378329609286E-13   9.957025804844078E-16
3208598.424980549         2.5021234232704936E-13   9.629602629001632E-16
3217846.816729981         2.478081547343773E-13    9.328545325379432E-16
3227121.865835243         2.454489481555174E-13    9.044716138949358E-16
3236423.6491329023        2.431323232188806E-13    8.77021910124086E-16
3245752.2436809996        2.408558152460982E-13    8.499300984731153E-16
3255107.726759665         2.386169778107555E-13    8.228806586191227E-16
3264490.1758717997        2.364134652777198E-13    7.958263357587873E-16
3273899.66874369          2.3424310782303923E-13   7.689736129097726E-16
3283336.283325666         2.321039845610854E-13    7.427508513016018E-16
3292800.09779272          2.299944993767544E-13    7.17749083502238E-16
3302291.1905451943        2.27913445553956E-13     6.94616575758472E-16
3311809.6402094103        2.2586001964344225E-13   6.739025211455753E-16
3321355.5256383           2.2383373898601276E-13   6.558868306430698E-16
3330928.9259120994        2.2183425765942108E-13   6.404735281995563E-16
3340529.9203389776        2.1986114615298145E-13   6.272142063308074E-16
3350158.5884557054        2.1791373632319398E-13   6.154541536691349E-16
3359815.010028289         2.1599109054130198E-13   6.045196254908191E-16
3369499.2650526706        2.1409207411359488E-13   5.938577886237674E-16
3379211.4337553643        2.1221546454811776E-13   5.830929619923156E-16
3388951.5965941334        2.1036004150849195E-13   5.720161584522709E-16
3398719.8342586313        2.085246350654504E-13    5.605458639342179E-16
3408516.227671109         2.0670813775398352E-13   5.486936963429461E-16
3418340.8579870667        2.0490950455609496E-13   5.365550973817837E-16
3428193.8065959043        2.031277792928131E-13    5.243163378135229E-16
3438075.155121638         2.0136215602746155E-13   5.122146851028004E-16
3447984.9854235477        1.9961196973151171E-13   5.00417617730337E-16
3457923.3795968695        1.9787654694833702E-13   4.889820403206723E-16
3467890.4199734484        1.9615511728241507E-13   4.779990795287231E-16
3477886.1891224617        1.9444692055098064E-13   4.677377124801826E-16
3487910.7698510825        1.9275141318704455E-13   4.586391715409394E-16
3497964.2452051444        1.9106845688798605E-13   4.511004172639524E-16
3508046.6984698703        1.8939823408473637E-13   4.450413305140136E-16
3518158.2131705373        1.8774064336370005E-13   4.3969795122773627E-16
3528298.8730731797        1.860947529733158E-13    4.342070930507817E-16
3538468.762185257         1.8445915125148104E-13   4.283668816452595E-16
3548667.964756389         1.828326797647346E-13    4.226363611499928E-16
3558896.565279038         1.812147323142339E-13    4.176651676411245E-16
3569154.6484891814        1.7960517201065373E-13   4.138933862881301E-16
3579442.29936706          1.7800408317275496E-13   4.1128916360584324E-16
3589759.603137852         1.764113633234447E-13    4.0926389177082673E-16
3600106.645272396         1.748263000327358E-13    4.0695796078933075E-16
3610483.5114878654        1.732475407844947E-13    4.0381961632754305E-16
3620890.287748526         1.7167355771276816E-13   3.999590400032314E-16
3631327.0602664175        1.7010314490604122E-13   3.9599683974583637E-16
3641793.9155020835        1.685355924457876E-13    3.926849994337545E-16
3652290.9401652557        1.6697061426162058E-13   3.9058758248203615E-16
3662818.2212156197        1.6540814924515073E-13   3.8984151637979347E-16
3673375.845863511         1.6384799084375406E-13   3.90044661451116E-16
3683963.901570616         1.6228936280762548E-13   3.905124393689627E-16
3694582.47605074          1.6073091053047005E-13   3.908413175442039E-16
3705231.657270508         1.5917118291219545E-13   3.911653605713587E-16
3715911.5334501024        1.5760900038507456E-13   3.918932241804914E-16
3726622.193063969         1.5604341833023663E-13   3.933803266397237E-16
3737363.7248415914        1.5447353161950522E-13   3.9582667854358145E-16
3748136.2177682067        1.5289834928371073E-13   3.9933624693456998E-16
3758939.761085517         1.5131678724223804E-13   4.039954136205336E-16
3769774.444292475         1.4972771530715012E-13   4.09874782819512E-16
3780640.3571459977        1.4812995544350468E-13   4.1696240187976116E-16
3791537.5896617216        1.4652220619651735E-13   4.2511591333707095E-16
3802466.232114719         1.4490295269092075E-13   4.340723678396298E-16
3813426.375040293         1.4327039637053961E-13   4.434852702541029E-16
3824418.1092347032        1.416223892188088E-13    4.529695607946364E-16
3835441.5257558944        1.399563594935135E-13    4.621735366790544E-16
3846496.7159242993        1.3826925267457226E-13   4.709098441827826E-16
3857583.771323562         1.365575560593066E-13    4.793503772687437E-16
3868702.783801313         1.3481749153229545E-13   4.882074590195552E-16
3879853.8454698995        1.3304537093975034E-13   4.987182153179018E-16
3891037.0487071937        1.3123789234325456E-13   5.122757004866746E-16
3902252.486157337         1.2939203898187703E-13   5.298402752823019E-16
3913500.2507314817        1.2750451426701639E-13   5.515583673537186E-16
3924780.4356086086        1.2557107048131772E-13   5.768650879385446E-16
3936093.1342362682        1.235861129568466E-13    6.049040251844034E-16
3947438.44033137          1.2154261988068898E-13   6.349245063438241E-16
3958816.447880927         1.1943218471001221E-13   6.664897578149303E-16
3970227.251142882         1.1724500831966628E-13   6.995241552631427E-16
3981670.9446468567        1.1496977140144582E-13   7.342857748684777E-16
3993147.6231949516        1.1259337868061768E-13   7.713261131529409E-16
