% Model:              ModelMicPlate_Rh100um_hg10um_Refined_MaterialDefPolySilicon.mph
% Version:            COMSOL 6.3.0.420
% Date:               Aug 26 2025, 17:21
% Dimension:          1
% Nodes:              784
% Expressions:        2
% Description:        Global
% freq (Hz)               Re xi all, Im xi all     Re xi all, Im xi all
10                        -4.57131530617168E-11    1.6948318754361159E-15
20                        -4.5713132082235784E-11  3.3894486387561377E-15
50                        -4.5712988406482455E-11  8.469861623822729E-15
100                       -4.571247443971833E-11   1.6912940173073856E-14
200                       -4.571044004944544E-11   3.361389014879767E-14
500                       -4.569707702718285E-11   8.056168768612872E-14
1000                      -4.565907535444319E-11   1.4153089314378315E-13
1258.9254117941675        -4.563676883420935E-11   1.6383805511646353E-13
1584.893192461114         -4.560969341813755E-11   1.8450869582087829E-13
1995.2623149688789        -4.5579560597785454E-11  2.0198765628268907E-13
2511.88643150958          -4.5549112910729446E-11  2.1571280398844602E-13
3162.2776601683795        -4.552161493581691E-11   2.2652074517840387E-13
3981.0717055349733        -4.550005701040105E-11   2.3646332592483466E-13
5011.872336272725         -4.5487124883899654E-11  2.4823173551157603E-13
6309.57344480193          -4.5485607400125467E-11  2.645855579031744E-13
7943.282347242814         -4.5497987021156914E-11  2.880518130984341E-13
10000                     -4.553308356741532E-11   3.210602504058933E-13
12589.254117941662        -4.560088622884389E-11   3.6624129895778737E-13
15848.93192461114         -4.571983122906767E-11   4.2710726262555906E-13
19952.62314968879         -4.5919923399986826E-11  5.088800574454856E-13
25118.864315095823        -4.625019558035373E-11   6.197197321101541E-13
31622.776601683792        -4.679224773537302E-11   7.73022463443901E-13
39810.71705534969         -4.7685588975183695E-11  9.925015217032147E-13
50118.72336272725         -4.917963494998781E-11   1.3245028631285423E-12
63095.7344480193          -5.175131191084672E-11   1.871287794571795E-12
79432.82347242821         -5.641493856392484E-11   2.8976492285736834E-12
100000                    -6.572563238327456E-11   5.2729646138022376E-12
102329.29922807537        -6.712930417984048E-11   5.6755876226522715E-12
104712.85480508985        -6.866130715761458E-11   6.12912989259814E-12
107151.9305237607         -7.033792798941087E-11   6.642617111036095E-12
109647.8196143185         -7.217823033436516E-11   7.227153150917567E-12
112201.84543019629        -7.420465534406728E-11   7.896517821111576E-12
114815.36214968817        -7.644377499162251E-11   8.667973076323424E-12
117489.75549395304        -7.892725148731345E-11   9.563366412165202E-12
120226.4434617413         -8.169305188299399E-11   1.0610658921681398E-11
123026.87708123811        -8.478701214345623E-11   1.1846078645015894E-11
125892.54117941661        -8.826482699380265E-11   1.3317197561772926E-11
128824.95516931349        -9.219460989171727E-11   1.508741649321763E-11
131825.67385564075        -9.666013242674518E-11   1.7242620935921708E-11
134896.28825916533        -1.0176485588391085E-10  1.9901273461002162E-11
138038.42646028838        -1.076366935562593E-10   2.3230057161482048E-11
141253.75446227554        -1.1443301929266023E-10  2.7468719954084087E-11
144543.9770745928         -1.2234410693151085E-10  3.297049618124265E-11
147910.83881682073        -1.3158980142907248E-10  4.0269492566868784E-11
151356.12484362072        -1.4239494609545608E-10  5.019529387100676E-11
154881.66189124828        -1.549041528585628E-10   6.406954939892585E-11
158489.3192461114         -1.689281696147185E-10   8.40350714218534E-11
162181.009735893          -1.8323103903620392E-10  1.1354057849030911E-10
165958.69074375596        -1.9363504500148897E-10  1.5768515874813891E-10
169824.3652461746         -1.8873677949177955E-10  2.2148344258742203E-10
170000.00000000006        -1.8782804115988712E-10  2.2480958048344994E-10
170195.83244148866        -1.867219883185383E-10   2.2855271973270263E-10
170391.89047324314        -1.8551322526428072E-10  2.3233424598601604E-10
170588.17435513277        -1.8419785646065823E-10  2.3615161112105337E-10
170784.68434732716        -1.8277197775983591E-10  2.400019888391212E-10
170981.42071029573        -1.81231694933661E-10    2.43882259801098E-10
171178.38370480682        -1.7957312357102775E-10  2.477890599630418E-10
171375.57359193027        -1.7779243214043058E-10  2.5171868124885847E-10
171572.99063303624        -1.7588584143909166E-10  2.5566713456584197E-10
171770.63508979641        -1.738496618040107E-10   2.596300940274316E-10
171968.50722418277        -1.7168029945844582E-10  2.636029359901163E-10
172166.6072984702         -1.6937429946737763E-10  2.675806862957883E-10
172364.93557523566        -1.6692836522209625E-10  2.715580383969413E-10
172563.49231735757        -1.643393794132063E-10   2.755293637456801E-10
172762.2777880182         -1.616044443509383E-10   2.794886906064661E-10
172961.29225070303        -1.5872091055054744E-10  2.8342971238544664E-10
173160.53596919996        -1.5568639265134088E-10  2.873458192616523E-10
173360.00920760186        -1.5249884284584918E-10  2.9123003980478254E-10
173559.7122303058         -1.491565301373268E-10   2.9507514083934657E-10
173759.6453020124         -1.4565812141125493E-10  2.988735669599995E-10
173959.8086877282         -1.4200267991079852E-10  3.0261751278348433E-10
174160.20265276506        -1.3818972000009604E-10  3.0629891176706404E-10
174360.82746273943        -1.3421924092245132E-10  3.099094656622983E-10
174561.6833835747         -1.300917325501273E-10   3.1344070158518723E-10
174762.7706815004         -1.2580823600847012E-10  3.1688397108428055E-10
174964.08962305295        -1.2137035648400976E-10  3.2023050470880793E-10
175165.64047507476        -1.1678027979526503E-10  3.2347145969537255E-10
175367.42350471683        -1.1204079913119052E-10  3.265979594575014E-10
175569.43897943772        -1.0715535080619067E-10  3.2960112627602114E-10
175771.6871670032         -1.0212800216277587E-10  3.324721552995673E-10
175974.1683354884         -9.696346458677525E-11   3.3520236270454503E-10
176176.88275327737        -9.166710719551211E-11   3.377832345567079E-10
176379.83068906222        -8.62449479988455E-11    3.402064895643105E-10
176583.01241184567        -8.070364765599063E-11   3.42464136788231E-10
176786.4281909403         -7.505048301938542E-11   3.4454853975098614E-10
176990.0782959678         -6.929334086210249E-11   3.46452467929841E-10
177193.9629968617         -6.344070315144329E-11   3.48169148808101E-10
177398.08256386625        -5.750157614452758E-11   3.4969234036373297E-10
177602.43726753612        -5.148547844633159E-11   3.5101637074525484E-10
177807.02737873865        -4.5402390054469555E-11  3.5213618949451915E-10
178011.85316865283        -3.9262697076993695E-11  3.5304741403570913E-10
178216.9149087704         -3.3077152989734206E-11  3.5374636486530174E-10
178422.21287089481        -2.6856781746979847E-11  3.5423010785478846E-10
178627.74732714368        -2.0612852910814226E-11  3.544964726353575E-10
178833.51854994806        -1.4356802260061571E-11  3.5454407815669565E-10
179039.5268120518         -8.100133647042974E-12   3.5437234856354696E-10
179245.77238651394        -1.8543974732574903E-12  3.5398151421313377E-10
179452.2555467082         4.3689229992098556E-12   3.5337261464560957E-10
179658.97656632203        1.0558440029777784E-11   3.5254748897945183E-10
179865.93571935923        1.670297835590393E-11    3.515087607235585E-10
180073.13328013933        2.2791613109322132E-11   3.5025981364348763E-10
180280.5695232967         2.881372411400142E-11    3.488047648176786E-10
180488.2447237832         3.4759071534913266E-11   3.4714842891633986E-10
180696.1591568674         4.061788075978836E-11    3.452962692267999E-10
180904.31309813386        4.6380813153913345E-11   3.4325436642626507E-10
181112.7068234858         5.2039085229534384E-11   3.410293556481126E-10
181321.34060914372        5.7584477265062036E-11   3.386283756669614E-10
181530.2147316469         6.300936326085721E-11    3.3605901475241645E-10
181739.32946785187        6.830674226757118E-11    3.333292503161451E-10
181948.68509493535        7.347024540129252E-11    3.3044739476502483E-10
182158.28189039326        7.849419104575985E-11    3.274220165964873E-10
182368.12013204012        8.337352722818807E-11    3.242619091687373E-10
182578.20009801156        8.810386190465207E-11    3.209760219181056E-10
182788.52206676363        9.268149703287894E-11    3.1757338067832065E-10
182999.086317072          9.710335223163626E-11    3.140630691762674E-10
183209.8931280347         1.0136699907959592E-10   3.1045414978777976E-10
183420.94277907113        1.0547059661660039E-10   3.0675564499329164E-10
183632.23554992152        1.0941293176109348E-10   3.029764480474604E-10
183843.77172064947        1.1319333798595685E-10   2.991253201017698E-10
184055.55157164118        1.1681167478083237E-10   2.952108504989262E-10
184267.57538360474        1.2026833444682143E-10   2.9124138987181157E-10
184479.8434375727         1.2356415979157417E-10   2.872250637751998E-10
184692.35601490104        1.2670045024325296E-10   2.831697121006891E-10
184905.11339727012        1.296789005870653E-10    2.790828921013281E-10
184999.99999999997        1.3095582895834804E-10   2.77253528507363E-10
189309.2035719394         1.6113381688247417E-10   1.9783806353708794E-10
193718.7813894162         1.5825729168253996E-10   1.371917185738544E-10
198231.07146895726        1.4391385256533196E-10   9.648848310137293E-11
202848.46628648922        1.2758652914917065E-10   6.969645667706845E-11
207573.41404586312        1.1244388528270122E-10   5.173747673132394E-11
212408.4199769231         9.925601669970092E-11    3.934621883637018E-11
217356.04766381308        8.799611921248137E-11    3.053677803879038E-11
222418.9204042214         7.841508229080447E-11    2.4098284767333272E-11
227599.72260029046        7.023503212769819E-11    1.9276413495680357E-11
232901.2011819207         6.320808547919228E-11    1.5588361310271792E-11
238326.16706322992        5.7128732474720756E-11   1.2716434995599014E-11
243877.49663293533        5.183126846479426E-11    1.0445965221722967E-11
249558.13327945583        4.718332598180387E-11    8.62824345259572E-12
255371.08895153346        4.3079240057792966E-11   7.15783322367446E-12
261319.44575520972        3.943434500700102E-11    5.958333233492155E-12
267406.35758799664        3.618037967120783E-11    4.9732354853553805E-12
273635.05181111826        3.326188657674913E-11    4.159931918114557E-12
280008.8309606983         3.0633425356556095E-11   3.4857123008524987E-12
286531.07449880923        2.82574249725272E-11     2.925046839492344E-12
293205.24060530605        2.6102531385286512E-11   2.457712985782215E-12
300034.86801140197        2.4142335749498075E-11   2.0674849095579613E-12
307023.5778759485         2.235439398140708E-11    1.7412024454231088E-12
314175.07570542296        2.0719469673275486E-11   1.4680987126026353E-12
321493.15331863455        1.9220946433264486E-11   1.2393054381259684E-12
328981.69085720065        1.7844369768109805E-11   1.047481859860631E-12
336644.6588428467         1.6577086606757705E-11   8.865304822502834E-13
344486.1202826301         1.540795916418969E-11    7.513749922342234E-13
352510.2328232009         1.432713483219712E-11    6.377834861675189E-13
360721.25095523836        1.3325858533783836E-11   5.422255431834493E-13
369123.5282692425         1.2396317390804536E-11   4.617552173088572E-13
377721.51976386254        1.1531510149709817E-11   3.939143809549837E-13
386519.7842079975         1.0725135343721157E-11   3.3665237523366837E-13
395522.98655791295        9.971493996396525E-12    2.8825900429927063E-13
404735.90043066704        9.265403442499978E-12    2.473085896026619E-13
414163.4106351424         8.602119157557655E-12    2.1261327148004772E-13
423810.51576203824        7.977262191362637E-12    1.8318412839382963E-13
433682.33083418565        7.386749821649762E-12    1.5819895072709314E-13
443784.0900186056         6.826726490058808E-12    1.3697571739273282E-13
454121.1494017302         6.293492194974065E-12    1.1895106753690232E-13
464698.9898292726         5.783424010855477E-12    1.0366324281693311E-13
475523.21981223987        5.2928854537119555E-12   9.073925828536477E-14
486599.57850064547        4.818115350172281E-12    7.988637387918211E-14
497933.938726479          4.355084050312001E-12    7.088847436206489E-14
499999.99999999994        4.272726949533231E-12    6.945530649203508E-14
500575.97776908404        4.249866219555625E-12    6.906658281756966E-14
501152.6190389501         4.227020953818614E-12    6.868208726506009E-14
501729.92457391956        4.204190531524421E-12    6.830181086251558E-14
502307.89513919724        4.181374325375357E-12    6.792574518827355E-14
502886.5315008695         4.158571705993294E-12    6.755388251601307E-14
503465.83442590217        4.135782023979404E-12    6.718621529181273E-14
504045.8046821476         4.113004649870695E-12    6.682273731427077E-14
504626.44303834165        4.090238925489963E-12    6.646344233270286E-14
505207.75026410684        4.067484198772309E-12    6.610832507246273E-14
505789.7271299491         4.044739811854754E-12    6.575738088741317E-14
506372.37440726504        4.0220050941516385E-12   6.541060558647201E-14
506955.6928683399         3.999279366422895E-12    6.50679955688163E-14
507539.6832863455         3.976561971560953E-12    6.472954869657334E-14
508124.34643534734        3.953852197921285E-12    6.439526214151828E-14
508709.68309030274        3.931149367488729E-12    6.406513489852152E-14
509295.69402705843        3.908452786743263E-12    6.373916639510656E-14
509882.3800223581         3.885761739672833E-12    6.341735633293957E-14
510469.7418538403         3.8630755162247325E-12   6.309970549385621E-14
511057.78030003613        3.8403933990059614E-12   6.278621537459072E-14
511646.4961403767         3.8177146596225745E-12   6.247688810754584E-14
512235.89015519107        3.795038563642205E-12    6.217172662022498E-14
512825.96312570386        3.772364376459231E-12    6.187073479746386E-14
513416.715834043          3.749691338549263E-12    6.157391684741424E-14
514008.1490632362         3.727018693976659E-12    6.128127807231758E-14
514600.26359721425        3.704345682730812E-12    6.099282468847561E-14
515193.06022080785        3.6816715192345585E-12   6.070856327674746E-14
515786.53971975506        3.658995435066762E-12    6.042850193103421E-14
516380.70288069895        3.6363166309078993E-12   6.015264900537251E-14
516975.55049118557        3.6136343104572E-12      5.988101403380693E-14
517571.08333967143        3.590947653912957E-12    5.961360705392224E-14
518167.3022155214         3.568255857735991E-12    5.935043968163642E-14
518764.2079090063         3.545558083072921E-12    5.909152376411091E-14
519361.8012113105         3.5228534970854256E-12   5.883687249761158E-14
519960.08291452995        3.500141250811154E-12    5.858649988068683E-14
520559.05381166976        3.4774204866357076E-12   5.834042091777223E-14
521158.71469665173        3.4546903326869295E-12   5.809865151549538E-14
521759.06636431225        3.431949916030665E-12    5.786120883019936E-14
522360.1096104001         3.409198339809914E-12    5.762811074415495E-14
522961.845231584          3.386434712888452E-12    5.739937660894048E-14
523564.2740254492         3.3636581085290475E-12   5.717502626148123E-14
524167.3967905009         3.3408676184762336E-12   5.695508139394677E-14
524771.214326161          3.3180622954696318E-12   5.67395641679805E-14
525375.7274327752         3.2952411981495133E-12   5.652849833946857E-14
525980.9369116117         3.272403361696766E-12    5.6321908590779576E-14
526586.843564858          3.2495478166410955E-12   5.611982101196135E-14
527193.4481956289         3.2266735707488313E-12   5.592226270841346E-14
527800.751607965          3.2037796322569194E-12   5.5729262367715186E-14
528408.7546068291         3.1808649821821595E-12   5.5540849689422976E-14
529017.4579981151         3.1579285985146923E-12   5.5357055930831474E-14
529626.8625886448         3.134969434766948E-12    5.5177913516181435E-14
530236.9691861664         3.1119864359217866E-12   5.500345639331545E-14
530847.778599362          3.088978536528133E-12    5.483372004778395E-14
531459.291637845          3.0659446428374564E-12   5.46687411590016E-14
532071.5091121581         3.042883655536784E-12    5.4508558135870285E-14
532684.4318337814         3.0197944610691073E-12   5.435321098696666E-14
533298.0606151284         2.9966759170329043E-12   5.4202741035705615E-14
533912.3962695494         2.973526880757939E-12    5.405719159726846E-14
534527.4396113288         2.9503461775429463E-12   5.391660735502354E-14
535143.1914556919         2.927132619648174E-12    5.3781034812099216E-14
535759.6526188034         2.903885011241114E-12    5.3650522439678616E-14
536376.8239177648         2.8806021271004956E-12   5.352512030731778E-14
536994.7061706219         2.8572827239752873E-12   5.3404880385892696E-14
537613.3001963632         2.8339255389771047E-12   5.32898565393142E-14
538232.6068149174         2.81052929534252E-12     5.3180104745114536E-14
538852.6268471606         2.7870926950039086E-12   5.30756829849373E-14
539473.3611149148         2.7636144071743696E-12   5.2976651087524934E-14
540094.8104409453         2.740093095570549E-12    5.2883071362737183E-14
540716.9756489687         2.716527392975537E-12    5.279500814127968E-14
541339.8575636502         2.6929159152314383E-12   5.2712528143255155E-14
541963.4570106019         2.669257249045781E-12    5.263570030468774E-14
542587.77481639           2.645549961699776E-12    5.25645960544308E-14
543212.8118085321         2.621792592536191E-12    5.249928925050533E-14
543838.5688155            2.5979836643026054E-12   5.2439856452204993E-14
544465.0466667166         2.5741216645422064E-12   5.238637668247166E-14
545092.2461925633         2.550205059887651E-12    5.2338931765018806E-14
545720.1682243785         2.5262322952829698E-12   5.229760643027361E-14
546348.8135944547         2.5022017786963436E-12   5.226248812963316E-14
546978.1831360465         2.478111890423941E-12    5.223366728425277E-14
547608.2776833683         2.4539609897050316E-12   5.2211237540931443E-14
548239.0980715925         2.42974740363554E-12     5.219529568899044E-14
548870.6451368564         2.4054694268729525E-12   5.218594173353634E-14
549502.9197162609         2.3811253222897654E-12   5.218327904591985E-14
550135.9226478677         2.356713323810701E-12    5.218741456389767E-14
550769.6547707071         2.332231632415426E-12    5.2198458776406225E-14
551404.1169247765         2.3076784110916717E-12   5.2216525928862705E-14
552039.3099510367         2.2830517937903966E-12   5.224173408454557E-14
552675.2346914214         2.2583498830495396E-12   5.2274205402774804E-14
553311.8919888326         2.2335707291555875E-12   5.23140658915025E-14
553949.2826871446         2.208712356484711E-12    5.2361446020490797E-14
554587.4076312004         2.1837727550903956E-12   5.241648065432434E-14
555226.2676668195         2.158749873394389E-12    5.2479309226338266E-14
555865.8636407959         2.1336416064169177E-12   5.2550075640497014E-14
556506.1964008956         2.1084458200207402E-12   5.2628928884484696E-14
557147.2667958646         2.0831603392910096E-12   5.271602298474705E-14
557789.0756754265         2.0577829382531623E-12   5.281151709719056E-14
558431.6238902805         2.0323113484015735E-12   5.2915575777379254E-14
559074.9122921092         2.006743254855002E-12    5.302836928021614E-14
559718.9417335761         1.9810762922797418E-12   5.3150073468982774E-14
560363.7130683238         1.9553080552940058E-12   5.3280870484493556E-14
561009.2271509814         1.9294360780921623E-12   5.3420948464396016E-14
561655.4848371627         1.9034578510971917E-12   5.357050211646861E-14
562302.4869834634         1.8773708000113824E-12   5.372973277084089E-14
562950.2344474697         1.851172308701275E-12    5.389884876067404E-14
563598.7280877546         1.8248597003601485E-12   5.407806568318441E-14
564247.968763881          1.7984302298815801E-12   5.426760638838506E-14
564897.9573363988         1.7718811043519518E-12   5.446770172959134E-14
565548.6946668524         1.7452094739068337E-12   5.4678590606957723E-14
566200.1816177788         1.7184124105564359E-12   5.4900520165529384E-14
566852.4190527053         1.6914869241316683E-12   5.513374625473493E-14
567505.4078361571         1.6644299633992467E-12   5.5378533854026204E-14
568159.1488336555         1.6372384026513254E-12   5.563515728961062E-14
568813.6429117154         1.6099090528439239E-12   5.590390071766014E-14
569468.8909378533         1.5824386402945922E-12   5.61850583447133E-14
570124.8937805848         1.554823819926757E-12    5.647893505343966E-14
570781.6523094228         1.5270611725848328E-12   5.6785846654118484E-14
571439.1673948856         1.499147189140608E-12    5.710612039906851E-14
572097.4399084935         1.4710782868057819E-12   5.744009553860643E-14
572756.470722768          1.4428507903565559E-12   5.77881236486042E-14
573416.2607112387         1.4144609421007204E-12   5.81505692923016E-14
574076.8107484408         1.3859048779333537E-12   5.852781040276816E-14
574738.1217099176         1.3571786693828484E-12   5.892023917317545E-14
575400.1944722177         1.3282782586861677E-12   5.932826222584425E-14
576063.0299129031         1.2991994970184702E-12   5.975230145827413E-14
576726.6289105464         1.2699381450506085E-12   6.019279489210728E-14
577390.992344729          1.2404898382126797E-12   6.065019697351965E-14
578056.121096049          1.2108501180807734E-12   6.112497964633366E-14
578722.0160461188         1.1810143928000058E-12   6.1617632835442E-14
579388.6780775631         1.1509779583543667E-12   6.212866551888329E-14
580056.1080740264         1.1207360149348773E-12   6.265860649444035E-14
580724.3069201718         1.0902835890597659E-12   6.320800505995637E-14
581393.2755016774         1.0596156066510555E-12   6.37774322564626E-14
582063.0147052454         1.028726850172227E-12    6.436748176622108E-14
582733.525418598          9.976119663006364E-13    6.497877083827004E-14
583404.8085304814         9.662654500486561E-13    6.561194160671807E-14
584076.8649306621         9.346816566448856E-13    6.62676620280115E-14
584749.6955099349         9.028547706771562E-13    6.694662724755896E-14
585423.301160121          8.707788262876242E-13    6.764956095504194E-14
586097.6827740651         8.384476876345421E-13    6.837721655422155E-14
586772.8412456443         8.058550448156169E-13    6.913037879647937E-14
587448.777469765          7.729944088143505E-13    6.990986525368387E-14
588125.4923423615         7.398591083524863E-13    7.071652790257817E-14
588802.9867604033         7.064422792892325E-13    7.155125483733273E-14
589481.261621893          6.727368435857577E-13    7.241497214982462E-14
590160.3178258649         6.387355380630495E-13    7.330864588247757E-14
590840.1562723914         6.044308670276747E-13    7.423328385750883E-14
591520.7778625828         5.698151118232527E-13    7.518993817692776E-14
592202.1834985833         5.348803397473345E-13    7.617970683446574E-14
592884.3740835798         4.996183540776564E-13    7.720373723782421E-14
593567.3505217987         4.640207167449541E-13    7.826322776545945E-14
594251.1137185093         4.280787297523199E-13    7.935943103696919E-14
594935.66458002           3.917834223980647E-13    8.049365659163503E-14
595621.0040136868         3.5512554647686236E-13   8.166727416012913E-14
596307.1329279109         3.1809555433505925E-13   8.288171681898694E-14
596994.0522321365         2.8068359123437253E-13   8.413848447946476E-14
597681.7628368587         2.4287949880960676E-13   8.543914775611732E-14
598370.2656536221         2.0467277858545633E-13   8.678535174057698E-14
599059.561595017          1.6605257172357027E-13   8.817882050947307E-14
599749.651574689          1.2700769708042798E-13   8.962136120434191E-14
600440.5365073362         8.752656236475426E-14    9.111486937475098E-14
601132.2173087065         4.7597212553961255E-14   9.266133363393471E-14
601824.6948956066         7.207264109029162E-15    9.426284151542259E-14
602517.9701858992         -3.3656075496062854E-14  9.592158513466855E-14
603212.0440985007         -7.500604592377307E-14   9.76398674150146E-14
603906.9175533898         -1.1685635905787616E-13  9.9420109245736E-14
604602.5914716035         -1.5922119300803387E-13  1.0126485602829245E-13
605299.0667752414         -2.0211524819975417E-13  1.0317678604402125E-13
605996.3443874612         -2.455537442652952E-13   1.0515871805973281E-13
606694.425232488          -2.895524554545011E-13   1.0721362106114981E-13
607393.3102356116         -3.3412772820166063E-13  1.0934462272980181E-13
608093.0003231838         -3.7929652941452416E-13  1.1155502079364212E-13
608793.4964226275         -4.250764342728874E-13   1.1384829324948435E-13
609494.7994624336         -4.714856986313111E-13   1.1622811041936787E-13
610196.9103721591         -5.185432769224916E-13   1.1869834810249016E-13
610899.8300824354         -5.662688414893167E-13   1.2126310096093512E-13
611603.5595249662         -6.146828256735844E-13   1.2392669723852396E-13
612308.0996325244         -6.638064751671566E-13   1.26693715328183E-13
613013.4513389614         -7.136618685159086E-13   1.2956900029835815E-13
613719.6155792042         -7.642719679120837E-13   1.325576834539702E-13
614426.5932892531         -8.156606660374995E-13   1.3566520212999666E-13
615134.3854061905         -8.678528303486305E-13   1.3889732136268842E-13
615842.9928681769         -9.208743510610728E-13   1.4226015822692358E-13
616552.4166144547         -9.747521993261765E-13   1.4576020708793706E-13
617262.6575853447         -1.0295144760444113E-12  1.4940436765770817E-13
617973.7167222546         -1.0851904884354536E-12  1.5319997566278256E-13
618685.5949676766         -1.1418107820360472E-12  1.5715483516764797E-13
619398.2932651844         -1.199407249006862E-12   1.612772553051795E-13
620111.8125594432         -1.258013161956785E-12   1.655760883716006E-13
620826.1537962059         -1.3176632918251107E-12  1.700607742015061E-13
621541.3179223111         -1.3783939369665941E-12  1.747413840855429E-13
622257.3058856921         -1.4402430566917242E-12  1.7962867402884998E-13
622974.118635374          -1.5032503593159E-12     1.8473413930310233E-13
623691.7571214716         -1.5674573454675658E-12  1.9007007416044852E-13
624410.2222951975         -1.6329075047146291E-12  1.9564964066415534E-13
625129.5151088606         -1.6996463556053503E-12  2.0148694015156116E-13
625849.6365158627         -1.7677215862755501E-12  2.07597092902114E-13
626570.5874707077         -1.8371831913145796E-12  2.1399632787078209E-13
627292.3689289979         -1.9080836043914447E-12  2.2070207750581924E-13
628014.9818474377         -1.9804778325689474E-12  2.2773308555811485E-13
628738.4271838294         -2.0544236341645126E-12  2.3510952411328573E-13
629462.705897083          -2.1299816603299748E-12  2.428531229083438E-13
630187.8189472128         -2.207215670618601E-12   2.5098731338896217E-13
630913.7672953352         -2.2861926571992957E-12  2.5953738410152293E-13
631640.5519036776         -2.366983128622775E-12   2.685306595206745E-13
632368.173735576          -2.449661265381029E-12   2.779966909221444E-13
633096.633755472          -2.5343051843559725E-12  2.879674722355712E-13
633825.9329289224         -2.6209971665277773E-12  2.984776797251069E-13
634556.0722225958         -2.7098239505406337E-12  3.0956493699299434E-13
635287.0526042709         -2.800876985994429E-12   3.212701099705158E-13
636018.8750428449         -2.89425274070824E-12    3.3363763613128834E-13
636751.5405083314         -2.9900530479435485E-12  3.4671589278091986E-13
637485.0499718571         -3.0883854129294595E-12  3.6055760553814935E-13
638219.4044056716         -3.189363399711188E-12   3.7522030816419743E-13
638954.6047831431         -3.293107014004161E-12   3.907668533794611E-13
639690.6520787625         -3.3997430983135827E-12  4.072659887575767E-13
640427.5472681391         -3.509405796878504E-12   4.247930020680356E-13
641165.2913280101         -3.6222369772388754E-12  4.434304409685295E-13
641903.885236238          -3.7383867330250445E-12  4.632689292846069E-13
642643.3299718077         -3.858013860351191E-12   4.844080769467013E-13
643383.6265148355         -3.981286390995608E-12   5.069575103385497E-13
644124.7758465674         -4.108382155122065E-12   5.310380332338956E-13
644866.7789493751         -4.2394892728475255E-12  5.567829258791685E-13
645609.6368067666         -4.374806747462645E-12   5.843394252150192E-13
646353.3504033823         -4.514544992914511E-12   6.138703801422328E-13
647097.9207249931         -4.658926413080259E-12   6.455561359271109E-13
647843.3487585094         -4.808185841329349E-12   6.795966439894719E-13
648589.6354919785         -4.962571070975186E-12   7.162138644422988E-13
649336.781914582          -5.122343175895003E-12   7.556544560555887E-13
650084.7890166449         -5.287776793024625E-12   7.981928303728972E-13
650833.6577896315         -5.459160375162648E-12   8.441345969177504E-13
651583.3892261499         -5.636795901725789E-12   8.938204115419196E-13
652333.9843199474         -5.8209987385761264E-12  9.47630346177328E-13
653085.4440659202         -6.012096879279722E-12   1.0059887671860738E-12
653837.7694601102         -6.210429860137878E-12   1.0693697946647012E-12
654590.9614997035         -6.416347016979379E-12   1.1383033881997034E-12
655345.0211830379         -6.630205070993424E-12   1.2133820895353333E-12
656099.949509602          -6.852364932277962E-12   1.2952684955523229E-12
656855.7474800315         -7.083187092144425E-12   1.3847033675692254E-12
657612.4160961187         -7.323025849862795E-12   1.482514467973021E-12
658369.9563608102         -7.572221767069839E-12   1.5896259901165753E-12
659128.3692782036         -7.831092008693128E-12   1.7070684636422593E-12
659887.6558535574         -8.099918310263408E-12   1.835988949007796E-12
660647.8170932882         -8.378931761456666E-12   1.9776611173530453E-12
661408.8540049675         -8.668294535566182E-12   2.1334948515994664E-12
662170.767597332          -8.968077370169806E-12   2.3050445892011545E-12
662933.558880279          -9.278232872048587E-12   2.494015541792758E-12
663697.22886487           -9.598564141244562E-12   2.702266630250413E-12
664461.7785633279         -9.928688368108307E-12   2.9318085316847327E-12
665227.2089890449         -1.0267996350885347E-11  3.184795230395391E-12
665993.5211565815         -1.0615607451860674E-11  3.4635065311649065E-12
666760.7160816619         -1.0970322947108998E-11  3.770319676893478E-12
667528.7947811852         -1.1330578950954231E-11  4.107667193665989E-12
668297.7582732216         -1.16944030603851E-11    4.4779790471977546E-12
669067.6075770098         -1.2059380097250498E-11  4.8836078335811325E-12
669838.3437129671         -1.2422632697435803E-11  5.326736938615389E-12
670609.9677026861         -1.2780824340608155E-11  5.809273682051892E-12
671382.480568932          -1.3130192845238602E-11  6.332733085375385E-12
672155.8833356525         -1.3466621560983725E-11  6.8981211039543276E-12
672930.1770279733         -1.3785752473880895E-11  7.505830162333287E-12
673705.3626722026         -1.40831423268952E-11    8.155564063887533E-12
674481.4412958266         -1.4354453913399903E-11  8.846309776053022E-12
675258.413927519          -1.459567001249286E-11   9.576375392730308E-12
676036.2815971388         -1.480330493041185E-11   1.034350553797564E-11
676815.0453357274         -1.4974585552412498E-11  1.1145080189905216E-11
677594.7061755174         -1.5107568721501325E-11  1.1978389372089502E-11
678375.2651499312         -1.5201164401556983E-11  1.2840963043266774E-11
679156.723293577          -1.5255042472976945E-11  1.3730923804329723E-11
679939.0816422593         -1.526941370642561E-11   1.4647324487597967E-11
680722.3412329755         -1.524468881873217E-11   1.559042768077611E-11
681506.5031039136         -1.5181033519423136E-11  1.6561893767502397E-11
682291.5682944618         -1.507784411573101E-11   1.7564847335016402E-11
683077.5378452055         -1.4933172307521272E-11  1.860380726242184E-11
683864.4127979246         -1.474312380993342E-11   1.9684464343351633E-11
684652.1941956034         -1.4501252474843729E-11  2.0813301010119908E-11
685440.8830824274         -1.4197967900368006E-11  2.1997030865352025E-11
686230.4805037811         -1.3819979452644346E-11  2.3241831477901217E-11
687020.9875062574         -1.334981508322493E-11   2.455232643809088E-11
687812.405137653          -1.2765485430535015E-11  2.5930257942964955E-11
688604.7344469735         -1.204041716826981E-11   2.73727924525106E-11
689397.9764844286         -1.1143846262005684E-11  2.887043668346779E-11
690192.1323014419         -1.0041953890643665E-11  3.040459928198092E-11
690987.202950648          -8.700090641496687E-12   3.19450011389477E-11
691783.1894858904         -7.086447089813474E-12   3.344736654893923E-11
692580.0929622303         -5.177386480285933E-12   3.485214744589546E-11
693377.9144359446         -2.9642694218552882E-12  3.6085342985468254E-11
694176.6549645227         -4.60903809059724E-13    3.706258858826913E-11
694976.3156066762         2.2901346722006366E-12   3.7697309954941257E-11
695776.8974223365         5.214783672274154E-12    3.791264899552209E-11
696578.4014726516         8.210764996209478E-12    3.7655174589172906E-11
697380.8288199964         1.1157843521774584E-11   3.690678390048853E-11
698184.180527968          1.393358190959071E-11    3.5690773008521804E-11
698988.4576613901         1.64306305490095E-11     3.406953548970775E-11
699793.6612863088         1.857065456940929E-11    3.213431933017835E-11
700599.7924700025         2.03113408235288E-11     2.9990322730005815E-11
701406.8522809794         2.164568792432424E-11    2.774162704206998E-11
702214.8417889737         2.259541395513713E-11    2.5479606079183432E-11
703023.7620649564         2.320155945024518E-11    2.3276436720683484E-11
703833.6141811324         2.3515119555410984E-11   2.118340395192021E-11
704644.3992109373         2.3589469309771142E-11   1.9232595157740855E-11
705456.1182290476         2.3475203581671745E-11   1.7440373797639442E-11
706268.7723113777         2.3217225781561956E-11   1.5811343673301516E-11
707082.362535077          2.2853555047731935E-11   1.4342015524579505E-11
707896.8899785404         2.2415263543562983E-11   1.3023810726166859E-11
708712.3557214047         2.1927052402887856E-11   1.1845324030915076E-11
709528.7608445463         2.140811621622629E-11    1.07939154952385E-11
710346.1064300907         2.087307673443467E-11    9.856763727619047E-12
711164.3935614091         2.0332865983856697E-11   9.021518433189004E-12
711983.6233231217         1.979549995108802E-11    8.276666877733688E-12
712803.7968010938         1.9266728505054197E-11   7.61171154661271E-12
713624.9150824462         1.8750562286833293E-11   7.0172231699877E-12
714446.9792555517         1.8249692880831297E-11   6.48482052366844E-12
715269.9904100328         1.7765821530593393E-11   6.007107354326179E-12
716093.9496367711         1.72999135218526E-11     5.577588217342221E-12
716918.8580279055         1.685239374254205E-11    5.190576896068622E-12
717744.716676828          1.642329511051183E-11    4.841104610103423E-12
718571.5266781948         1.601237159202453E-11    4.524833701825754E-12
719399.2891279232         1.5619182627395947E-11   4.237977849806834E-12
720228.0051231884         1.5243156904973964E-11   3.977230899637669E-12
721057.6757624339         1.4883639330476486E-11   3.739703468584995E-12
721888.3021453687         1.4539926048478275E-11   3.5228676036339043E-12
722719.8853729639         1.4211289894351727E-11   3.324508468405529E-12
723552.4265474636         1.3896998890608647E-11   3.142682527317431E-12
724385.92677238           1.3596329355428031E-11   2.9756813648388266E-12
725220.3871524981         1.3308575124819816E-11   2.822000554927422E-12
726055.8087938708         1.3033053732900921E-11   2.6803128093421798E-12
726892.1928038303         1.276911041833249E-11    2.5494448768056873E-12
727729.5402909834         1.2516120424582495E-11   2.4283576294623407E-12
728567.8523652102         1.2273490171587244E-11   2.3161289285782718E-12
729407.1301376736         1.2040657624199981E-11   2.211938888643137E-12
730247.3747208166         1.1817091883628423E-11   2.1150570859302168E-12
731088.5872283591         1.1602292392650676E-11   2.0248315305669684E-12
731930.7687753084         1.1395787995522073E-11   1.9406791778717725E-12
732773.9204779563         1.1197135588096701E-11   1.86207761724858E-12
733618.0434538762         1.1005918837945165E-11   1.7885579326127326E-12
734463.138821933          1.0821746697182225E-11   1.7196984305826213E-12
735309.2077022808         1.0644252069114889E-11   1.6551192451891005E-12
736156.2512163596         1.0473090327158376E-11   1.5944775687421825E-12
737004.2704869055         1.0307937941085069E-11   1.53746350850971E-12
737853.2666379465         1.0148491215145884E-11   1.4837964806162847E-12
738703.2407948071         9.994464953160565E-12    1.4332220042947072E-12
739554.1940841035         9.845591273764608E-12    1.3855089111832749E-12
740000.0000000001         9.769635544557E-12       1.361603955157108E-12
748568.7961523248         8.535796114201593E-12    1.0132069363757845E-12
757236.8142877577         7.608129202861004E-12    7.980141816130719E-13
766005.203342714          6.882853570448587E-12    6.557610254648139E-13
774875.125557665          6.297888925166796E-12    5.567898325950382E-13
783847.7566311945         5.814123054199072E-12    4.851798269476514E-13
792924.2858758293         5.405791662641393E-12    4.3177119821083047E-13
802105.916375691          5.055271279747819E-12    3.909885452042853E-13
811393.8651459571         4.7501165155000835E-12   3.5927588619813617E-13
820789.3632941768         4.481297418922154E-12    3.3427352971322723E-13
830293.6561834527         4.2421089215871285E-12   3.143605062555287E-13
839908.0035975127         4.027472594564215E-12    2.9838775044699234E-13
849633.6799076926         3.833475857252328E-12    2.855157411195968E-13
859471.9742418545         3.657059561696962E-12    2.7511173345153975E-13
869424.1906552525         3.4958008708740786E-12   2.666821825024867E-13
879491.6483033941         3.3477587000326283E-12   2.598265675010236E-13
889675.6816168858         3.2113609652998314E-12   2.542046051787944E-13
899977.6404783124         3.0853200299018695E-12   2.495121368993889E-13
910398.8904011621         2.9685671809317293E-12   2.4546299028946614E-13
920940.8127108245         2.860199839595809E-12    2.4177545539357005E-13
931604.8047276831         2.7594371742668354E-12   2.3816298899301246E-13
942392.2799523306         2.665581347682343E-12    2.343295063396655E-13
953304.6682529199         2.5779829932952423E-12   2.2997011455199533E-13
964343.4160547021         2.4960109462249106E-12   2.2477827519888505E-13
975509.9865317416         2.419027610292302E-12    2.1845992184410744E-13
986805.8598008599         2.346372402545897E-12    2.1075381785100133E-13
998232.5331178235         2.2773559112545236E-12   2.0145542031730197E-13
1009791.5210758038        2.2112660530891135E-12   1.904391568514869E-13
1021484.3558061342        2.1473841551121976E-12   1.7767229914412588E-13
1033312.5871813929        2.0850034785754124E-12   1.6321387845475018E-13
1045277.7830208391        2.0234355701236095E-12   1.471957941558033E-13
1057381.5292982168        1.9619804068462616E-12   1.297927218279382E-13
1069625.4303519868        1.899821981399033E-12    1.1121101778147751E-13
1082011.1090979716        1.8357941440064316E-12   9.179850287383408E-14
1094540.2072444735        1.7680245481397029E-12   7.260534672819351E-14
1107214.3855098805        1.6941988728568721E-12   5.7185077897131E-14
1120035.3238427935        1.6161230911341012E-12   5.380519092084116E-14
1133004.7216447014        1.54796257016917E-12     6.604970294332132E-14
1146124.2979952374        1.498638087838531E-12    7.761238064903829E-14
1159395.791880031         1.4560755069635083E-12   7.771742388209124E-14
1172820.9624212247        1.4112679499551228E-12   7.066112503768344E-14
1186401.589110631         1.3629302611366025E-12   6.121688960399259E-14
1200139.472045608         1.3115056532959581E-12   5.158872314695769E-14
1214036.4321676588        1.2569891541054191E-12   4.313157671892294E-14
1228094.3115037943        1.1992941276534336E-12   3.823360648444293E-14
1242314.9734106937        1.1416429210438434E-12   4.0510281341663454E-14
1256700.302821692         1.0914902994048332E-12   4.7167573247364595E-14
1271252.2064966164        1.0472843191742122E-12   4.869652632943979E-14
1285972.6132745387        1.0001593948807806E-12   4.38168430446735E-14
1300863.474329433         9.453897633666881E-13    4.0129557737497597E-14
1315926.763428803         8.9054986923417E-13      4.1960606517104057E-14
1331164.4771953027        8.362364971736379E-13    4.313630729633853E-14
1346578.6353713872        7.787939003234107E-13    4.364021161106804E-14
1362171.2810870265        7.166937402101194E-13    4.45889896519558E-14
1377944.4811305208        6.484761385129402E-13    4.666342148455074E-14
1393900.3262224537        5.719611017293597E-13    5.050041782572496E-14
1400000.0000000005        5.401184811332651E-13    5.259178753210011E-14
1401612.737753436         5.31414981579523E-13     5.321497885221831E-14
1403227.3333090611        5.225735456034628E-13    5.3870855090699894E-14
1404843.7888069756        5.135887882762918E-13    5.4560986656647605E-14
1406462.106389753         5.044550494173423E-13    5.528704497441367E-14
1408082.2882024352        4.951663798679113E-13    5.6050810410620205E-14
1409704.3363925267        4.857165210266628E-13    5.685418128317402E-14
1411328.253110014         4.760988858846664E-13    5.769918343995454E-14
1412954.0405073573        4.663065378681673E-13    5.85879807964455E-14
1414581.7007394999        4.563321678326405E-13    5.952288687697141E-14
1416211.235963858         4.4616806971309537E-13   6.050637743069734E-14
1417842.6483403428        4.3580611318202886E-13   6.154110429545177E-14
1419475.9400313525        4.2523771542330935E-13   6.262991054721496E-14
1421111.1132017681        4.1445380913511595E-13   6.377584736405652E-14
1422748.1700189733        4.0344480904539937E-13   6.498219236285443E-14
1424387.1126528482        3.9220057526048815E-13   6.625246994683856E-14
1426027.9432757641        3.807103726661968E-13    6.759047384277409E-14
1427670.6640626034        3.6896282697958597E-13   6.900029200301425E-14
1429315.2771907535        3.569458793154191E-13    7.048633408458961E-14
1430961.7848401018        3.446467325672889E-13    7.205336209376944E-14
1432610.1891930555        3.3205179524279576E-13   7.370652458490239E-14
1434260.4924345356        3.191466212032705E-13    7.545139428184783E-14
1435912.6967519715        3.0591584106825516E-13   7.729401059263994E-14
1437566.804335321         2.9234308932732054E-13   7.924092670985099E-14
1439222.817377062         2.784109225472105E-13    8.12992626699976E-14
1440880.7380722004        2.641007317510404E-13    8.347676445852166E-14
1442540.5686182627        2.493926447717565E-13    8.578187074940957E-14
1444202.311215315         2.3426541777885296E-13   8.822378794229603E-14
1445865.9680659578        2.186963190448441E-13    9.081257466331454E-14
1447531.5413753202        2.0266099674468514E-13   9.355923738348782E-14
1449199.0333510807        1.8613333612283235E-13   9.647583873274601E-14
1450868.4462034607        1.6908529938223497E-13   9.957562025031268E-14
1452539.7821452182        1.5148674853123923E-13   1.0287314245970837E-13
1454213.04339167          1.333052506201829E-13    1.0638444378953186E-13
1455888.2321606847        1.1450585874171558E-13   1.1012722302315431E-13
1457565.350672676         9.505086955215146E-14    1.1412104793720035E-13
1459244.4011506257        7.489955312507982E-14    1.1838759483604587E-13
1460925.385820075         5.40078508123411E-14     1.2295092484711977E-13
1462608.306909121         3.2328037520839606E-14   1.2783780258976796E-13
1464293.1666484359        9.808344575562805E-15    1.3307806544131114E-13
1465979.9672712584        -1.3607465422501873E-14  1.3870505249292652E-13
1467668.7110134033        -3.798057393603349E-14   1.4475610451092592E-13
1469359.4001132513        -6.337764154978137E-14   1.5127314790482865E-13
1471052.0368117713        -8.987141246857444E-14   1.5830338034187542E-13
1472746.6233525134        -1.175413931898356E-13   1.659000771026559E-13
1474443.161981603         -1.4647462008274622E-13  1.7412354343595818E-13
1476141.654947762         -1.7676652732348542E-13  1.8304224428962067E-13
1477842.1045023028        -2.0852192433514897E-13  1.9273414730745935E-13
1479544.5128991224        -2.4185611123526555E-13  2.0328833076403634E-13
1481248.8823947231        -2.768961255444488E-13   2.148069090672628E-13
1482955.2152482062        -3.137821629786123E-13   2.2740735617044963E-13
1484663.5137212668        -3.5266917675720216E-13  2.4122531794985573E-13
1486373.7800782144        -3.937286806142508E-13   2.564180336128733E-13
1488086.0165859666        -4.3715076717189757E-13  2.7316851712819603E-13
1489800.2255140434        -4.83146362086312E-13    2.9169069581372196E-13
1491516.4091345887        -5.319497157587287E-13   3.122357563779123E-13
1493234.56972236          -5.838211246044811E-13   3.3510002827526184E-13
1494954.709554739         -6.390498336152178E-13   3.6063482379585566E-13
1496676.8309117213        -6.979570550447352E-13   3.892588036007738E-13
1498400.9360759382        -7.608989216542564E-13   4.214735918404119E-13
1500127.0273326503        -8.282691091922492E-13   4.578836252229164E-13
1501855.106969742         -9.005006256829689E-13   4.992215161396708E-13
1503585.1772777422        -9.780659766236822E-13   5.463806615896533E-13
1505317.240549818         -1.0614743370075884E-12  6.004573660216032E-13
1507051.2990817695        -1.1512635755770941E-12  6.628055342131913E-13
1508787.3551720504        -1.247983491539273E-12   7.351078974364219E-13
1510525.4111217621        -1.3521644544457778E-12  8.194689676690861E-13
1512265.4692346477        -1.464261799418953E-12   9.185361619954829E-13
1514007.531817113         -1.5845603506734753E-12  1.0356567422337682E-12
1515751.6011782214        -1.7130133807026426E-12  1.1750782980758625E-12
1517497.679629686         -1.848974269853324E-12   1.3421976497720943E-12
1519245.7694858927        -1.990753713234803E-12   1.5438526057255677E-12
1520995.8730638907        -2.13489698271142E-12    1.7886228465328241E-12
1522747.9926834009        -2.2750240816932907E-12  2.0870399037647804E-12
1524502.130666807         -2.4000234633700685E-12  2.451461680434438E-12
1526258.289339178         -2.4913953274915954E-12  2.8950791703931704E-12
1528016.4710282607        -2.51977730930208E-12    3.429021086896702E-12
1529776.678064474         -2.4415657595468518E-12  4.055871781921335E-12
1531538.9127809308        -2.198735902377142E-12   4.7577887357413455E-12
1533303.1775134322        -1.728563208655762E-12   5.479959988479386E-12
1535069.4746004597        -9.91397832191026E-13    6.118761860424608E-12
1536837.8063831986        -1.3447251755284506E-14  6.5362546817781655E-12
1538608.1752055313        1.0873361193068869E-12   6.617020934640902E-12
1540380.5834140303        2.1356485647963476E-12   6.337816637283252E-12
1542155.033357981         2.9825678076352016E-12   5.783225245365042E-12
1543931.5273893748        3.5653261608184007E-12   5.0900648684691375E-12
1545710.0678629035        3.901589218194694E-12    4.3789863849661265E-12
1547490.6571359807        4.0482329838714605E-12   3.723635841847719E-12
1549273.297568732         4.066289959992529E-12    3.1549169350677848E-12
1551057.9915240055        4.004940606324543E-12    2.6772147438925543E-12
1552844.7413673617        3.898692511918716E-12    2.2823282913964854E-12
1554633.5494670954        3.769919274019804E-12    1.957844671467214E-12
1556424.4181942292        3.6323960184135306E-12   1.6912156555101462E-12
1558217.3499225085        3.4942542162237514E-12   1.4713678519983304E-12
1560012.3470284215        3.3600752159748674E-12   1.2891131594211105E-12
1561809.411891195         3.232265639380279E-12    1.1370540645429869E-12
1563608.5468927862        3.1119267995294463E-12   1.009318764993934E-12
1565409.7544179065        2.99939308781521E-12     9.012717784117843E-13
1567213.036854014         2.894561250017857E-12    8.092548485510005E-13
1569018.3965913076        2.7970900683316372E-12   7.303732286100892E-13
1570825.8360227486        2.706520277087798E-12    6.623261045779441E-13
1572635.3575440561        2.622345658451779E-12    6.032746969309857E-13
1574446.9635536983        2.544054309473837E-12    5.517406044236751E-13
1576260.656452916         2.4711517198300766E-12   5.065276917052937E-13
1578076.4386457137        2.4031728467821913E-12   4.666620580627607E-13
1579894.3125388676        2.3396875705350648E-12   4.3134576698401155E-13
1581714.2805419173        2.280302247760473E-12    3.999210409458338E-13
1583536.3450671872        2.2246590326413913E-12   3.718424208658246E-13
1585360.5085297814        2.1724339750133586E-12   3.466549968273E-13
1587186.7733475755        2.1233345332088614E-12   3.239772951340733E-13
1589015.1419412405        2.0770968575906672E-12   3.0348774461536033E-13
1590845.6167342362        2.033483064026486E-12    2.849139087836326E-13
1592678.200152804         1.9922786342001424E-12   2.6802387937524126E-13
1594512.8946259897        1.953289984870873E-12    2.526193484617789E-13
1596349.702585638         1.9163422479044474E-12   2.385300092717911E-13
1598188.6264663849        1.8812772652884245E-12   2.25609004803009E-13
1600000.000000001         1.848475437479822E-12    2.139128931034396E-13
1637268.7876492066        1.4087714159428362E-12   9.190113755392868E-14
1675405.6768814386        1.178333749006711E-12    6.087110846129488E-14
1714430.8883801722        1.0386277208303161E-12   4.4789032193089504E-14
1754365.113829097         9.354925185395875E-13    3.290064711137688E-14
1795229.5268831418        8.535607676149852E-13    2.4450347287267185E-14
1837045.7943950118        7.858456637735147E-13    1.8400594170778765E-14
1879836.0879032495        7.26575547337609E-13     1.0727154849665255E-14
1923623.095387862         6.724379342339379E-13    7.246227418254142E-15
1968430.033299811         6.244321706303859E-13    4.979100429870315E-15
2014280.658870667         5.808482747720047E-13    3.5204952356568068E-15
2061199.282709017         5.406734834951425E-13    2.7685433559448988E-15
2109210.781690253         5.032502822697365E-13    3.527610001671705E-15
2158340.6121466463        4.714640523049279E-13    3.3965498341849075E-15
2208614.8233646154        4.3826655820972783E-13   1.8247122186497336E-15
2260060.07139641          4.0597790903619513E-13   1.7628880407854147E-15
2312703.633193486         3.744575830668118E-13    2.3371270567718277E-15
2366573.4210691326        3.43317292427808E-13     3.995593154235076E-15
2421697.997497933         3.128350642581996E-13    4.234136846019441E-15
2478106.590259974         2.7466243950873113E-13   5.014094856306356E-15
2535829.107937784         2.31295477571035E-13     1.1446274607408459E-14
2594896.1557742893        1.760331275463476E-13    1.7309216845103337E-14
2600000.0000000014        1.6963492190361542E-13   1.7737675362579213E-14
2602995.0843992387        1.6569917202720607E-13   1.799796533511718E-14
2605993.6190025425        1.6161233484589318E-13   1.8266598028002326E-14
2608995.6077843835        1.5736265283889107E-13   1.854533147792079E-14
2612001.0547238276        1.5293723366385837E-13   1.8836451299862517E-14
2615009.963804523         1.4832198235218982E-13   1.914283191281458E-14
2618022.3390146927        1.4350151479817617E-13   1.946800052325061E-14
2621038.184347169         1.3845904981723065E-13   1.9816206735203794E-14
2624057.5037993784        1.3317627815178643E-13   2.0192500203749565E-14
2627080.3013733574        1.2763320437179758E-13   2.0602819050765868E-14
2630106.581075737         1.2180795780473786E-13   2.1054092012720553E-14
2633136.3469177797        1.1567656643581994E-13   2.1554358095886177E-14
2636169.6029153694        1.0921268690269618E-13   2.211290842627317E-14
2639206.3530889982        1.0238728215573535E-13   2.2740456324123943E-14
2642246.601463808         9.51682356301694E-14     2.344934352149474E-14
2645290.352069576         8.751988889752505E-14    2.425379270794303E-14
2648337.6089407057        7.940248724658455E-14    2.51702195513891E-14
2651388.376116264         7.077151182885552E-14    2.6217621762123727E-14
2654442.6576399715        6.157687552387285E-14    2.741806752994807E-14
2657500.4575601895        5.1761949261050944E-14   2.879731363919759E-14
2660561.779929961         4.1262382765334965E-14   3.038559248793562E-14
2663626.628806995         3.0004667069042145E-14   3.2218621698776703E-14
2666695.008253662         1.79043792117712E-14     3.433890775116651E-14
2669766.9223370254        4.86402586372669E-15     3.679744234147592E-14
2672842.37512883          -9.229616559191484E-15   3.9655927257702524E-14
2675921.3707055156        -2.4508801425254053E-14  4.298971832638875E-14
2679003.913148203         -4.1128926864706014E-14  4.689175879635026E-14
2682090.0065427283        -5.927369681134277E-14   5.1477891059919564E-14
2685179.6549796364        -7.916162779193147E-14   5.689411435895831E-14
2688272.862554167         -1.0105429286559332E-13  6.33266303718499E-14
2691369.6333662933        -1.2526680380523085E-13  7.101594530475359E-14
2694469.971520713         -1.521811609193748E-13   8.027697443559818E-14
2697573.881126834         -1.8226321726798033E-13  9.152818906557767E-14
2700681.366298816         -2.160840421108475E-13   1.0533464815995806E-13
2703792.4311555577        -2.543462473044649E-13   1.2247279121770894E-13
2706907.0798206846        -2.979148547737049E-13   1.4403006155978875E-13
2710025.316422591         -3.4784938398161673E-13  1.7156150895443817E-13
2713147.1450944254        -4.0542596005843123E-13  2.0734156968200574E-13
2716272.5699740825        -4.721177313342177E-13   2.547777007251901E-13
2719401.5952042383        -5.494485530750092E-13   3.1910180322060116E-13
2722534.2249323376        -6.384955333674731E-13   4.0853261290970873E-13
2725670.4633106063        -7.384498291736635E-13   5.361811394341017E-13
2728810.314496039         -8.427047758467519E-13   7.228250579576753E-13
2731953.782650433         -9.288011681555893E-13   9.991420032707376E-13
2735100.8719403823        -9.359480633528876E-13   1.39848575976768E-12
2738251.586537263         -7.357367216580344E-13   1.9085463862822883E-12
2741405.9306172724        -1.8535801564350723E-13  2.349746648313962E-12
2744563.90836142          5.98180951981291E-13     2.3918246294062236E-12
2747725.5239555137        1.2024377249817699E-12   2.000599873215415E-12
2750890.7815902005        1.4544826504333227E-12   1.4938864627654759E-12
2754059.685460955         1.477745403973305E-12    1.080549365491395E-12
2757232.2397680674        1.407102867211065E-12    7.892985381170365E-13
2760408.4487166842        1.3106463093906698E-12   5.906783781954151E-13
2763588.3165167957        1.2148016042467416E-12   4.539713589750364E-13
2766771.847383224         1.1280546261441585E-12   3.5767849341090496E-13
2769959.045535665         1.0520978348175495E-12   2.8805145842754706E-13
2773149.9151986693        9.8628340107179E-13      2.3641493230199973E-13
2776344.4606016586        9.293053371008867E-13    1.972250756331817E-13
2779542.6859789114        8.798060211196528E-13    1.6686172141343364E-13
2782744.5955696           8.365730428061766E-13    1.429033449989886E-13
2785950.1936177798        7.985831950712095E-13    1.2369121190425567E-13
2789159.484372379         7.649926638903378E-13    1.0806329889275907E-13
2792372.4720872357        7.351114038459673E-13    9.51884803227526E-14
2795589.161021091         7.083758042726653E-13    8.446089557151668E-14
2798809.5554375723        6.843243665892674E-13    7.543116552345963E-14
2800000.0000000014        6.760413589123394E-13    7.245486705914441E-14
2865220.3783861115        4.53453787938294E-13     1.5477983447407187E-14
2931959.934542517         3.705364306757713E-13    5.10495868030276E-15
3000254.054665301         3.2436381859725363E-13   2.2593484964678025E-15
3070138.94920092          2.9218102801880005E-13   1.7964766250321403E-15
3141651.6720454977        2.678636665602094E-13    9.262133174136011E-16
3214830.1401912705        2.471500853159666E-13    5.195998746515171E-16
3289713.1538306866        2.2939070717695766E-13   3.5920292172640687E-16
3366340.4169287584        2.1344975248175868E-13   2.4950645082809356E-16
3444752.5582746686        1.9894245283469448E-13   2.837918879417953E-16
3524991.153023667         1.8547014906144258E-13   3.693091924082173E-16
3607098.7447407795        1.7276904841578806E-13   4.273950184164335E-16
3691118.8679579427        1.6047965319633468E-13   3.609656438325368E-16
3777096.071256631         1.4780224961196427E-13   2.359244295682734E-16
3865075.9408880766        1.3434164559023518E-13   2.575545195382612E-16
3955105.1249437174        1.1870781487343874E-13   4.525947577962686E-16
