% Model:              PLacek_MembTVNJ_ArticleDims_Rh100um_hg10um_To2MHz_PHedit.mph
% Version:            COMSOL 6.3.0.335
% Date:               May 22 2025, 12:30
% Dimension:          1
% Nodes:              1801
% Expressions:        1
% Description:        Line graph
% Arc length (m)          real(xi)
0                         -1.954672330639842E-10
1.6835192320072636E-7     -1.9546716258060968E-10
3.367038464014527E-7      -1.9546695113104862E-10
5.050557696021791E-7      -1.9546659871530098E-10
6.734076928029054E-7      -1.9546610533336683E-10
8.417596160036319E-7      -1.9546547098524615E-10
1.0101115392043582E-6     -1.9546469567093896E-10
1.1801802473622774E-6     -1.9546376931997788E-10
1.3502489555201964E-6     -1.9546269911546072E-10
1.5203176636781154E-6     -1.9546148505738753E-10
1.6903863718360344E-6     -1.9546012714575826E-10
1.8604550799939534E-6     -1.9545862538057297E-10
2.0305237881518723E-6     -1.9545697976183162E-10
2.200592664946635E-6      -1.9545519028918027E-10
2.370661541741397E-6      -1.9545325696750524E-10
2.5407304185361593E-6     -1.954511797968065E-10
2.710799295330922E-6      -1.954489587770841E-10
2.880868172125684E-6      -1.9544659390833807E-10
3.0509370489204466E-6     -1.9544408519056832E-10
3.2210059257152087E-6     -1.9544143262714332E-10
3.3910748025099717E-6     -1.9543863622190517E-10
3.5611436793047335E-6     -1.9543569597485396E-10
3.731212556099496E-6      -1.954326118859896E-10
3.901281432894258E-6      -1.9542938395531216E-10
4.07135030968902E-6       -1.954260121828216E-10
4.2414191864837825E-6     -1.9542249657299975E-10
4.411488063278545E-6      -1.954188371306775E-10
4.581556940073307E-6      -1.954150338558548E-10
4.751625816868069E-6      -1.9541108674853168E-10
4.921694693662831E-6      -1.9540699580870812E-10
5.091763570457593E-6      -1.954027610363841E-10
5.261832447252356E-6      -1.9539838243724705E-10
5.4319013240471185E-6     -1.9539386001723006E-10
5.601970200841881E-6      -1.9538919377633307E-10
5.772039077636643E-6      -1.9538438371455613E-10
5.942107954431407E-6      -1.9537942983189921E-10
6.112176831226169E-6      -1.9537433212836234E-10
6.282245708020931E-6      -1.9536909061080435E-10
6.452314584815693E-6      -1.9536370528634963E-10
6.622383461610455E-6      -1.9535817615499815E-10
6.7924523384052175E-6     -1.9535250321675E-10
6.96252121519998E-6       -1.953466864716051E-10
7.132590091994742E-6      -1.953407259195635E-10
7.302658968789505E-6      -1.9533462156866779E-10
7.472727845584267E-6      -1.9532837342723074E-10
7.642796722379028E-6      -1.953219814952524E-10
7.812865599173792E-6      -1.9531544577273275E-10
7.982934475968554E-6      -1.953087662596718E-10
8.153003352763316E-6      -1.9530194295606953E-10
8.323072229558079E-6      -1.9529497587115262E-10
8.493141106352842E-6      -1.9528786501440784E-10
8.663209983147605E-6      -1.9528061038583514E-10
8.833278859942367E-6      -1.9527321198543455E-10
9.003347736737129E-6      -1.952656698132061E-10
9.173416613531891E-6      -1.9525798386914973E-10
9.343485490326653E-6      -1.9525015416367027E-10
9.513554367121415E-6      -1.9524218070742893E-10
9.683623243916178E-6      -1.9523406350042561E-10
9.853692120710938E-6      -1.9522580254266042E-10
1.00237609975057E-5       -1.9521739783413326E-10
1.0193829874300462E-5     -1.9520884937484423E-10
1.0363898751095225E-5     -1.952001571763758E-10
1.0533967627889988E-5     -1.9519132125056315E-10
1.070403650468475E-5      -1.9518234159740627E-10
1.0874105381479513E-5     -1.9517321821690513E-10
1.1044174258274277E-5     -1.9516395110905982E-10
1.1214243135069039E-5     -1.9515454027387028E-10
1.1384312011863803E-5     -1.95144985724097E-10
1.1554380888658565E-5     -1.9513528747274684E-10
1.1724449765453327E-5     -1.9512544551981976E-10
1.1894518642248089E-5     -1.9511545986531583E-10
1.2064587519042851E-5     -1.95105330509235E-10
1.2234656395837613E-5     -1.950950574515773E-10
1.2404725272632376E-5     -1.9508464070627793E-10
1.257479414942714E-5      -1.9507408028751362E-10
1.27448630262219E-5       -1.950633761952843E-10
1.2914931903016664E-5     -1.9505252842959007E-10
1.3085000779811424E-5     -1.9504153699043092E-10
1.3255069656606186E-5     -1.9503040187780682E-10
1.3425138533400948E-5     -1.9501912310682136E-10
1.3595207410195712E-5     -1.95007700692822E-10
1.3765276286990473E-5     -1.949961346358087E-10
1.3935345163785237E-5     -1.9498442493578152E-10
1.4105414040579997E-5     -1.9497257159274043E-10
1.427548291737476E-5      -1.949605746066854E-10
1.4445551794169521E-5     -1.949484339938828E-10
1.4615620670964285E-5     -1.9493614977085157E-10
1.4785689547759046E-5     -1.9492372193759183E-10
1.495575842455381E-5      -1.9491115049410355E-10
1.5125827301348572E-5     -1.9489843544038677E-10
1.5295896178143334E-5     -1.9488557677644145E-10
1.5465965054938098E-5     -1.948725745196917E-10
1.5636033931732858E-5     -1.9485942868782854E-10
1.580610280852762E-5      -1.9484613928085197E-10
1.5976171685322383E-5     -1.9483270629876196E-10
1.6146240562117146E-5     -1.9481912974155862E-10
1.6316309438911907E-5     -1.9480540960924184E-10
1.648637831570667E-5      -1.9479154592039034E-10
1.665644719250143E-5      -1.9477753869386594E-10
1.6826516069296195E-5     -1.9476338792966868E-10
1.6996584946090956E-5     -1.9474909362779854E-10
1.716665382288572E-5      -1.9473465578825558E-10
1.733672269968048E-5      -1.947200744110397E-10
1.7506791576475244E-5     -1.9470534951588061E-10
1.7676860453270008E-5     -1.946904811228109E-10
1.7846929330064768E-5     -1.9467546923183056E-10
1.8016998206859532E-5     -1.9466031384293961E-10
1.8187067083654292E-5     -1.9464501495613807E-10
1.8357135960449056E-5     -1.946295725714259E-10
1.852720483724382E-5      -1.946139867096845E-10
1.8697273714038584E-5     -1.9459825739211096E-10
1.8867342590833344E-5     -1.945823846187052E-10
1.9037411467628108E-5     -1.945663683894673E-10
1.9207480344422872E-5     -1.945502087043972E-10
1.9377549221217633E-5     -1.9453390556349495E-10
1.9547618098012396E-5     -1.9451745898879303E-10
1.9717686974807157E-5     -1.945008690026491E-10
1.9887755851601917E-5     -1.9448413560506313E-10
2.005782472839668E-5      -1.9446725879603518E-10
2.0227893605191438E-5     -1.944502385755652E-10
2.0397962481986202E-5     -1.9443307494365325E-10
2.0568031358780966E-5     -1.9441576792348507E-10
2.073810023557573E-5      -1.9439831753857295E-10
2.090816911237049E-5      -1.9438072378891688E-10
2.1078237989165254E-5     -1.9436298667451688E-10
2.1248306865960018E-5     -1.94345106195373E-10
2.141837574275478E-5      -1.9432708235148514E-10
2.1588444619549542E-5     -1.9430891516719347E-10
2.1758513496344303E-5     -1.9429060466715934E-10
2.1928582373139063E-5     -1.9427215085138276E-10
2.2098651249933827E-5     -1.942535537198637E-10
2.2268720126728584E-5     -1.9423481327260225E-10
2.2438789003523348E-5     -1.9421592950959831E-10
2.2608857880318112E-5     -1.9419690245634634E-10
2.2778926757112876E-5     -1.9417773213865176E-10
2.2948995633907636E-5     -1.9415841855651461E-10
2.3119064510702397E-5     -1.9413896170993487E-10
2.3289133387497164E-5     -1.941193615989126E-10
2.3459202264291924E-5     -1.9409961822344775E-10
2.3629271141086688E-5     -1.9407973161018883E-10
2.379934001788145E-5      -1.940597017860798E-10
2.396940889467621E-5      -1.9403952875112063E-10
2.4139477771470973E-5     -1.9401921250531135E-10
2.4309546648265737E-5     -1.9399875304865197E-10
2.4479615525060497E-5     -1.9397815038114248E-10
2.464968440185526E-5      -1.9395740453058443E-10
2.481975327865002E-5      -1.9393651552505503E-10
2.4989822155444785E-5     -1.939154833645543E-10
2.515989103223955E-5      -1.938943080490822E-10
2.532995990903431E-5      -1.938729895786388E-10
2.5500028785829074E-5     -1.9385152795322406E-10
2.5670097662623834E-5     -1.9382992320179072E-10
2.5840166539418598E-5     -1.9380817535354448E-10
2.6010235416213362E-5     -1.937862844084854E-10
2.6180304293008122E-5     -1.9376425036661342E-10
2.6350373169802883E-5     -1.9374207322792858E-10
2.6520442046597647E-5     -1.9371975299243087E-10
2.669051092339241E-5      -1.936972896902223E-10
2.686057980018717E-5      -1.9367468335163185E-10
2.703064867698193E-5      -1.936519339766596E-10
2.7200717553776692E-5     -1.9362904156530548E-10
2.7370786430571456E-5     -1.9360600611756956E-10
2.7540855307366216E-5     -1.935828276334518E-10
2.771092418416098E-5      -1.935595061442009E-10
2.7880993060955744E-5     -1.9353604168126458E-10
2.8051061937750504E-5     -1.9351243424464276E-10
2.8221130814545265E-5     -1.9348868383433543E-10
2.839119969134003E-5      -1.934647904503427E-10
2.8561268568134793E-5     -1.9344075409266446E-10
2.8731337444929556E-5     -1.934165747936937E-10
2.890140632172432E-5      -1.9339225258599142E-10
2.907147519851908E-5      -1.9336778746955773E-10
2.9241544075313845E-5     -1.9334317944439258E-10
2.9411612952108605E-5     -1.9331842851049602E-10
2.958168182890337E-5      -1.93293534667868E-10
2.975175070569813E-5      -1.9326849795004252E-10
2.9921819582492897E-5     -1.932433183906891E-10
3.0091888459287654E-5     -1.9321799598980773E-10
3.0261957336082418E-5     -1.9319253074739843E-10
3.0432026212877178E-5     -1.931669226634612E-10
3.060209508967194E-5      -1.9314117173799607E-10
3.07721639664667E-5       -1.9311527800567348E-10
3.0942232843261466E-5     -1.93089241501268E-10
3.111230172005623E-5      -1.930630622247796E-10
3.1282370596850994E-5     -1.9303674017620833E-10
3.145243947364575E-5      -1.9301027535555418E-10
3.1622508350440515E-5     -1.9298366776281711E-10
3.179257722723528E-5      -1.9295691743380145E-10
3.196264610403004E-5      -1.9293002440438023E-10
3.21327149808248E-5       -1.9290298867455343E-10
3.2302783857619563E-5     -1.9287581024432106E-10
3.247285273441433E-5      -1.9284848911368311E-10
3.264292161120909E-5      -1.9282102528263958E-10
3.2812990488003855E-5     -1.927934187881269E-10
3.298305936479862E-5      -1.9276566966710873E-10
3.315312824159338E-5      -1.9273777791958511E-10
3.332319711838814E-5      -1.9270974354555603E-10
3.3493265995182904E-5     -1.926815665450215E-10
3.366333487197767E-5      -1.9265324691798152E-10
3.383340374877243E-5      -1.9262478470250275E-10
3.400347262556719E-5      -1.925961799366317E-10
3.417354150236195E-5      -1.925674326203684E-10
3.434361037915671E-5      -1.925385427537128E-10
3.4513679255951466E-5     -1.9250951033666502E-10
3.468374813274623E-5      -1.9248033536922492E-10
3.4853817009540994E-5     -1.9245101789058732E-10
3.502388588633576E-5      -1.9242155793987322E-10
3.519395476313052E-5      -1.923919555170826E-10
3.5364023639925286E-5     -1.923622106222155E-10
3.553409251672005E-5      -1.9233232325527192E-10
3.5704161393514813E-5     -1.9230229341625183E-10
3.587423027030958E-5      -1.9227212114547416E-10
3.604429914710434E-5      -1.9224180648312706E-10
3.6214368023899105E-5     -1.9221134942921045E-10
3.638443690069387E-5      -1.9218074998372438E-10
3.655450577748863E-5      -1.921500081466688E-10
3.672457465428339E-5      -1.921191239180438E-10
3.6894643531078154E-5     -1.920880973392888E-10
3.706471240787292E-5      -1.9205692845165064E-10
3.7234781284667675E-5     -1.920256172551293E-10
3.740485016146244E-5      -1.919941637497248E-10
3.7574919038257195E-5     -1.9196256793543714E-10
3.774498791505196E-5      -1.919308298122663E-10
3.791505679184672E-5      -1.9189894942276786E-10
3.808512566864148E-5      -1.9186692680923935E-10
3.8255194545436244E-5     -1.9183476197168082E-10
3.842526342223101E-5      -1.9180245491009227E-10
3.8595332299025765E-5     -1.917700056244737E-10
3.876540117582053E-5      -1.917374141148251E-10
3.893547005261529E-5      -1.9170468042481182E-10
3.910553892941006E-5      -1.9167180459777533E-10
3.927560780620482E-5      -1.916387866337156E-10
3.9445676682999584E-5     -1.9160562653263268E-10
3.961574555979435E-5      -1.9157232429452654E-10
3.978581443658911E-5      -1.9153887991939719E-10
3.995588331338387E-5      -1.9150529345201392E-10
4.012595219017863E-5      -1.9147156493675372E-10
4.02960210669734E-5       -1.9143769437361674E-10
4.0466089943768154E-5     -1.9140368176260286E-10
4.063615882056292E-5      -1.913695271037122E-10
4.0806227697357675E-5     -1.913352303969446E-10
4.097629657415244E-5      -1.9130079168816795E-10
4.11463654509472E-5       -1.91266211022785E-10
4.1316434327741966E-5     -1.9123148840079574E-10
4.148650320453673E-5      -1.9119662382220015E-10
4.165657208133149E-5      -1.9116161728699829E-10
4.182664095812625E-5      -1.911264687951901E-10
4.1996709834921015E-5     -1.9109117839373761E-10
4.216677871171578E-5      -1.9105574612905744E-10
4.233684758851054E-5      -1.9102017200114955E-10
4.2506916465305307E-5     -1.9098445601001396E-10
4.267698534210007E-5      -1.9094859815565066E-10
4.2847054218894834E-5     -1.9091259843805966E-10
4.30171230956896E-5       -1.9087645690529398E-10
4.3187191972484355E-5     -1.9084017360477038E-10
4.335726084927912E-5      -1.9080374853648876E-10
4.3527329726073876E-5     -1.9076718170044923E-10
4.369739860286864E-5      -1.9073047309665174E-10
4.38674674796634E-5       -1.906936227250963E-10
4.403753635645816E-5      -1.906566306349216E-10
4.4207605233252925E-5     -1.9061949687453185E-10
4.437767411004769E-5      -1.9058222144392706E-10
4.454774298684245E-5      -1.9054480434310723E-10
4.471781186363721E-5      -1.9050724557207238E-10
4.4887880740431973E-5     -1.9046954513082247E-10
4.505794961722674E-5      -1.904317030695749E-10
4.52280184940215E-5       -1.9039371943770842E-10
4.539808737081626E-5      -1.9035559423522306E-10
4.556815624761102E-5      -1.903173274621188E-10
4.5738225124405786E-5     -1.902789191183957E-10
4.590829400120055E-5      -1.902403692040537E-10
4.6078362877995314E-5     -1.9020167777038958E-10
4.624843175479008E-5      -1.901628448677327E-10
4.641850063158484E-5      -1.901238704960831E-10
4.65885695083796E-5       -1.9008475465544075E-10
4.675863838517436E-5      -1.9004549734580566E-10
4.6928707261969126E-5     -1.9000609856717782E-10
4.709877613876389E-5      -1.8996655837191155E-10
4.7268845015558654E-5     -1.899268768112909E-10
4.743891389235341E-5      -1.8988705388531585E-10
4.7608982769148175E-5     -1.8984708959398644E-10
4.777905164594294E-5      -1.8980698393730266E-10
4.79491205227377E-5       -1.8976673691526448E-10
4.8119189399532466E-5     -1.8972634858126996E-10
4.828925827632723E-5      -1.8968581898754704E-10
4.845932715312199E-5      -1.8964514813409578E-10
4.8629396029916744E-5     -1.896043360209161E-10
4.8799464906711515E-5     -1.8956338264800809E-10
4.896953378350627E-5      -1.8952228801537166E-10
4.9139602660301036E-5     -1.8948105217745972E-10
4.93096715370958E-5       -1.8943967518740453E-10
4.947974041389056E-5      -1.8939815704520607E-10
4.9649809290685314E-5     -1.893564977508643E-10
4.981987816748008E-5      -1.8931469730437936E-10
4.998994704427484E-5      -1.892727557057511E-10
5.0160015921069605E-5     -1.8923067301047443E-10
5.033008479786437E-5      -1.8918844927257165E-10
5.050015367465913E-5      -1.8914608449204273E-10
5.067022255145389E-5      -1.8910357866888772E-10
5.0840291428248654E-5     -1.8906093180310657E-10
5.101036030504342E-5      -1.8901814389469934E-10
5.1180429181838175E-5     -1.8897521500019326E-10
5.135049805863294E-5      -1.8893214517447946E-10
5.15205669354277E-5       -1.8888893441755793E-10
5.169063581222245E-5      -1.8884558272942867E-10
5.1860704689017224E-5     -1.888020901100917E-10
5.203077356581198E-5      -1.8875845655954701E-10
5.2200842442606745E-5     -1.8871468213534269E-10
5.237091131940151E-5      -1.886707668932175E-10
5.254098019619627E-5      -1.8862671083317144E-10
5.2711049072991036E-5     -1.8858251395520447E-10
5.28811179497858E-5       -1.8853817625931663E-10
5.3051186826580564E-5     -1.8849369774550792E-10
5.322125570337533E-5      -1.8844907847233706E-10
5.339132458017009E-5      -1.8840431849636473E-10
5.3561393456964855E-5     -1.8835941781759093E-10
5.373146233375962E-5      -1.8831437643601568E-10
5.390153121055438E-5      -1.8826919435163898E-10
5.407160008734914E-5      -1.882238715644608E-10
5.4241668964143904E-5     -1.881784081340436E-10
5.441173784093867E-5      -1.8813280411773814E-10
5.4581806717733425E-5     -1.8808705951554433E-10
5.475187559452819E-5      -1.8804117432746227E-10
5.492194447132294E-5      -1.8799514855349187E-10
5.50920133481177E-5       -1.8794898219363319E-10
5.526208222491247E-5      -1.8790267530845014E-10
5.543215110170724E-5      -1.878562279560441E-10
5.5602219978501995E-5     -1.8780964013641505E-10
5.577228885529676E-5      -1.87762911849563E-10
5.594235773209153E-5      -1.87716043095488E-10
5.611242660888629E-5      -1.8766903387418997E-10
5.628249548568105E-5      -1.876218842472404E-10
5.6452564362475814E-5     -1.8757459427344115E-10
5.662263323927058E-5      -1.875271639527922E-10
5.679270211606533E-5      -1.8747959328529358E-10
5.69627709928601E-5       -1.8743188227094532E-10
5.7132839869654856E-5     -1.8738403090974737E-10
5.730290874644962E-5      -1.873360392642959E-10
5.747297762324438E-5      -1.8728790739402942E-10
5.764304650003915E-5      -1.872396352989479E-10
5.781311537683391E-5      -1.8719122297905138E-10
5.7983184253628675E-5     -1.871426704343399E-10
5.815325313042344E-5      -1.8709397766481337E-10
5.83233220072182E-5       -1.8704514473412383E-10
5.8493390884012966E-5     -1.869961717022656E-10
5.866345976080773E-5      -1.869470585692387E-10
5.8833528637602494E-5     -1.8689780533504309E-10
5.900359751439725E-5      -1.8684841199967882E-10
5.9173666391192015E-5     -1.8679887856314586E-10
5.934373526798678E-5      -1.8674920509018714E-10
5.951380414478154E-5      -1.86699391641264E-10
5.96838730215763E-5       -1.866494382163764E-10
5.9853941898371064E-5     -1.865993448155244E-10
6.0024010775165814E-5     -1.8654911143870796E-10
6.019407965196058E-5      -1.864987380859271E-10
6.036414852875534E-5      -1.8644822482304517E-10
6.0534217405550106E-5     -1.8639757171090194E-10
6.070428628234486E-5      -1.8634677874949741E-10
6.087435515913962E-5      -1.8629584593883156E-10
6.104442403593438E-5      -1.8624477327890445E-10
6.121449291272915E-5      -1.86193560769716E-10
6.138456178952391E-5      -1.8614220847828234E-10
6.155463066631868E-5      -1.860907164657185E-10
6.172469954311344E-5      -1.8603908473202444E-10
6.18947684199082E-5       -1.859873132772002E-10
6.206483729670297E-5      -1.8593540210124577E-10
6.223490617349773E-5      -1.8588335120416116E-10
6.24049750502925E-5       -1.8583116065412814E-10
6.257504392708726E-5      -1.8577883051243838E-10
6.274511280388202E-5      -1.8572636077909183E-10
6.291518168067679E-5      -1.8567375145408854E-10
6.308525055747155E-5      -1.8562100253742852E-10
6.325531943426631E-5      -1.8556811402911174E-10
6.342538831106108E-5      -1.8551508599846865E-10
6.359545718785583E-5      -1.8546191850689373E-10
6.376552606465059E-5      -1.854086115543869E-10
6.393559494144536E-5      -1.8535516514094828E-10
6.41056638182401E-5       -1.853015792665778E-10
6.427573269503487E-5      -1.852478539312755E-10
6.444580157182963E-5      -1.8519398920548364E-10
6.461587044862441E-5      -1.8513998515064544E-10
6.478593932541916E-5      -1.850858417667609E-10
6.495600820221393E-5      -1.8503155905383008E-10
6.512607707900869E-5      -1.8497713701185294E-10
6.529614595580345E-5      -1.849225756408295E-10
6.546621483259822E-5      -1.8486787501227849E-10
6.5636283709393E-5        -1.8481303518763582E-10
6.580635258618774E-5      -1.8475805616690148E-10
6.597642146298251E-5      -1.8470293795007548E-10
6.614649033977727E-5      -1.8464768053715779E-10
6.631655921657204E-5      -1.8459228392814846E-10
6.64866280933668E-5       -1.8453674819561738E-10
6.665669697016156E-5      -1.8448107340092264E-10
6.682676584695633E-5      -1.8442525954406423E-10
6.699683472375108E-5      -1.8436930662504218E-10
6.716690360054584E-5      -1.8431321464385652E-10
6.73369724773406E-5       -1.8425698360050719E-10
6.750704135413537E-5      -1.8420061356859613E-10
6.767711023093013E-5      -1.8414410460932266E-10
6.784717910772488E-5      -1.8408745672268672E-10
6.801724798451965E-5      -1.8403066990868838E-10
6.818731686131441E-5      -1.839737441673276E-10
6.835738573810918E-5      -1.839166794986044E-10
6.852745461490394E-5      -1.8385947597714397E-10
6.86975234916987E-5       -1.8380213366389013E-10
6.886759236849347E-5      -1.8374465255884286E-10
6.903766124528822E-5      -1.8368703266200222E-10
6.920773012208298E-5      -1.8362927397336814E-10
6.937779899887774E-5      -1.835713764929407E-10
6.954786787567251E-5      -1.8351334029636745E-10
6.971793675246727E-5      -1.8345516544422654E-10
6.988800562926202E-5      -1.8339685193651795E-10
7.005807450605679E-5      -1.8333839977324169E-10
7.022814338285155E-5      -1.8327980895439774E-10
7.039821225964631E-5      -1.8322107947998615E-10
7.056828113644108E-5      -1.8316221142667525E-10
7.073835001323584E-5      -1.831032048545645E-10
7.09084188900306E-5       -1.8304405976365396E-10
7.107848776682537E-5      -1.829847761539436E-10
7.124855664362013E-5      -1.8292535402543343E-10
7.14186255204149E-5       -1.8286579337812344E-10
7.158869439720966E-5      -1.8280609428969935E-10
7.175876327400443E-5      -1.8274625681966984E-10
7.192883215079919E-5      -1.8268628096803493E-10
7.209890102759395E-5      -1.8262616673479466E-10
7.226896990438872E-5      -1.8256591411994902E-10
7.243903878118348E-5      -1.82505523123498E-10
7.260910765797824E-5      -1.8244499382414946E-10
7.277917653477301E-5      -1.8238432628069968E-10
7.294924541156777E-5      -1.8232352049314873E-10
7.311931428836252E-5      -1.8226257646149656E-10
7.32893831651573E-5       -1.8220149418574325E-10
7.345945204195205E-5      -1.8214027366588874E-10
7.362952091874681E-5      -1.8207891498166738E-10
7.379958979554158E-5      -1.8201741819103974E-10
7.396965867233633E-5      -1.8195578329400572E-10
7.413972754913108E-5      -1.818940102905654E-10
7.430979642592586E-5      -1.8183209918071868E-10
7.44798653027206E-5       -1.8177004996446566E-10
7.464993417951538E-5      -1.8170786272255985E-10
7.482000305631013E-5      -1.81645537512017E-10
7.499007193310491E-5      -1.8158307433283712E-10
7.516014080989968E-5      -1.8152047318502024E-10
7.533020968669444E-5      -1.8145773406856633E-10
7.55002785634892E-5       -1.813948569834754E-10
7.567034744028397E-5      -1.8133184201148044E-10
7.584041631707873E-5      -1.8126868920858695E-10
7.601048519387348E-5      -1.8120539857479494E-10
7.618055407066824E-5      -1.8114197011010438E-10
7.6350622947463E-5        -1.810784038145153E-10
7.652069182425776E-5      -1.8101469968802767E-10
7.669076070105252E-5      -1.8095085781329406E-10
7.686082957784729E-5      -1.8088687824528118E-10
7.703089845464205E-5      -1.8082276098398903E-10
7.72009673314368E-5       -1.8075850602941755E-10
7.737103620823156E-5      -1.806941133815668E-10
7.754110508502633E-5      -1.8062958304043672E-10
7.771117396182109E-5      -1.8056491508954938E-10
7.788124283861586E-5      -1.8050010958280538E-10
7.805131171541062E-5      -1.8043516652020472E-10
7.822138059220538E-5      -1.8037008590174741E-10
7.839144946900015E-5      -1.8030486772743347E-10
7.856151834579491E-5      -1.802395119972629E-10
7.873158722258968E-5      -1.801740187955795E-10
7.890165609938444E-5      -1.8010838817521431E-10
7.907172497617919E-5      -1.8004262013616723E-10
7.924179385297395E-5      -1.7997671467843835E-10
7.941186272976872E-5      -1.7991067180202764E-10
7.958193160656348E-5      -1.7984449150693504E-10
7.975200048335824E-5      -1.7977817387825134E-10
7.992206936015301E-5      -1.797117189678093E-10
8.009213823694777E-5      -1.7964512677560894E-10
8.026220711374252E-5      -1.7957839730165027E-10
8.04322759905373E-5       -1.7951153054593328E-10
8.060234486733205E-5      -1.7944452650845796E-10
8.077241374412683E-5      -1.7937738527496007E-10
8.094248262092158E-5      -1.793101068964255E-10
8.111255149771634E-5      -1.7924269137285422E-10
8.12826203745111E-5       -1.7917513870424624E-10
8.145268925130588E-5      -1.7910744889060152E-10
8.162275812810063E-5      -1.7903962193192015E-10
8.179282700489541E-5      -1.7897165791448014E-10
8.196289588169016E-5      -1.78903556888633E-10
8.213296475848491E-5      -1.7883531885437877E-10
8.230303363527969E-5      -1.7876694381171745E-10
8.247310251207444E-5      -1.78698431760649E-10
8.26431713888692E-5       -1.7862978270117347E-10
8.281324026566398E-5      -1.7856099672003473E-10
8.298330914245874E-5      -1.7849207386722316E-10
8.31533780192535E-5       -1.7842301414273874E-10
8.332344689604827E-5      -1.783538175465815E-10
8.349351577284304E-5      -1.7828448407875143E-10
8.36635846496378E-5       -1.782150137392485E-10
8.383365352643258E-5      -1.7814540661525016E-10
8.400372240322733E-5      -1.7807566275671352E-10
8.417379128002208E-5      -1.780057821636385E-10
8.434386015681686E-5      -1.779357648360251E-10
8.45139290336116E-5       -1.7786561077387344E-10
8.468399791040637E-5      -1.7779531997718337E-10
8.485406678720113E-5      -1.777248925334585E-10
8.50241356639959E-5       -1.776543284931901E-10
8.519420454079065E-5      -1.7758362785637815E-10
8.536427341758541E-5      -1.7751279062302265E-10
8.553434229438016E-5      -1.7744181679312367E-10
8.570441117117493E-5      -1.773707063666811E-10
8.587448004796969E-5      -1.7729945943152087E-10
8.604454892476445E-5      -1.7722807603932082E-10
8.621461780155922E-5      -1.77156556190081E-10
8.638468667835397E-5      -1.7708489988380137E-10
8.655475555514873E-5      -1.7701310712048197E-10
8.67248244319435E-5       -1.7694117790012278E-10
8.689489330873826E-5      -1.7686911231095814E-10
8.706496218553302E-5      -1.767969104066583E-10
8.723503106232779E-5      -1.7672457218722325E-10
8.740509993912255E-5      -1.76652097652653E-10
8.757516881591731E-5      -1.7657948680294753E-10
8.774523769271208E-5      -1.7650673963810688E-10
8.791530656950684E-5      -1.7643385624697698E-10
8.80853754463016E-5       -1.7636083668628334E-10
8.825544432309636E-5      -1.762876809560259E-10
8.842551319989112E-5      -1.7621438905620472E-10
8.859558207668588E-5      -1.7614096098681979E-10
8.876565095348065E-5      -1.760673967478711E-10
8.893571983027541E-5      -1.7599369642933767E-10
8.910578870707019E-5      -1.759198600921723E-10
8.927585758386494E-5      -1.7584588773637492E-10
8.94459264606597E-5       -1.7577177936194562E-10
8.961599533745447E-5      -1.7569753496888436E-10
8.978606421424923E-5      -1.7562315455719114E-10
8.9956133091044E-5        -1.7554863821890896E-10
9.012620196783876E-5      -1.754739860204861E-10
9.029627084463352E-5      -1.7539919796192255E-10
9.046633972142827E-5      -1.7532427404321837E-10
9.063640859822305E-5      -1.752492142643735E-10
9.08064774750178E-5       -1.7517401862538802E-10
9.097654635181258E-5      -1.7509868722176169E-10
9.114661522860733E-5      -1.7502322012676877E-10
9.131668410540209E-5      -1.7494761734040934E-10
9.148675298219686E-5      -1.7487187886268338E-10
9.165682185899162E-5      -1.747960046935909E-10
9.182689073578638E-5      -1.747199948331319E-10
9.199695961258116E-5      -1.7464384938227275E-10
9.216702848937591E-5      -1.7456756842238467E-10
9.233709736617066E-5      -1.7449115195346778E-10
9.250716624296544E-5      -1.74414599975522E-10
9.267723511976019E-5      -1.7433791248854737E-10
9.284730399655495E-5      -1.742610894925439E-10
9.301737287334972E-5      -1.7418413109677863E-10
9.31874417501445E-5       -1.741070373917828E-10
9.335751062693924E-5      -1.740298083775564E-10
9.3527579503734E-5        -1.739524440540994E-10
9.369764838052876E-5      -1.7387494442141187E-10
9.386771725732352E-5      -1.7379730947949378E-10
9.403778613411829E-5      -1.737195393496423E-10
9.420785501091305E-5      -1.736416341322405E-10
9.43779238877078E-5       -1.7356359382728832E-10
9.454799276450256E-5      -1.7348541843478582E-10
9.471806164129733E-5      -1.73407107954733E-10
9.488813051809209E-5      -1.733286623871298E-10
9.505819939488686E-5      -1.7325008186971505E-10
9.522826827168162E-5      -1.7317136651285486E-10
9.539833714847638E-5      -1.7309251631654928E-10
9.556840602527113E-5      -1.7301353128079828E-10
9.57384749020659E-5       -1.729344114056019E-10
9.590854377886066E-5      -1.7285515669096008E-10
9.607861265565543E-5      -1.727757672955328E-10
9.62486815324502E-5       -1.7269624333909894E-10
9.641875040924495E-5      -1.7261658482165837E-10
9.658881928603972E-5      -1.7253679174321118E-10
9.675888816283448E-5      -1.7245686410375737E-10
9.692895703962925E-5      -1.7237680190329688E-10
9.709902591642401E-5      -1.7229660532488515E-10
9.726909479321879E-5      -1.72216274496458E-10
9.743916367001354E-5      -1.7213580941801535E-10
9.76092325468083E-5       -1.7205521008955733E-10
9.777930142360306E-5      -1.7197447651108386E-10
9.794937030039783E-5      -1.7189360868259495E-10
9.811943917719258E-5      -1.718126068126357E-10
9.828950805398736E-5      -1.7173147103557726E-10
9.84595769307821E-5       -1.7165020135141962E-10
9.862964580757686E-5      -1.715687977601628E-10
9.879971468437162E-5      -1.714872602618068E-10
9.896978356116637E-5      -1.7140558885635162E-10
9.913985243796113E-5      -1.7132378377525983E-10
9.930992131475591E-5      -1.7124184515760869E-10
9.947999019155066E-5      -1.711597730033982E-10
9.965005906834544E-5      -1.710775673126284E-10
9.982012794514019E-5      -1.7099522808529932E-10
9.999019682193495E-5      -1.7091275532141088E-10
1.0016026569872972E-4     -1.7083014926875865E-10
1.003303345755245E-4      -1.707474100699257E-10
1.0050040345231925E-4     -1.7066453772491204E-10
1.0067047232911402E-4     -1.7058153223371768E-10
1.0084054120590877E-4     -1.7049839359634266E-10
1.0101061008270354E-4     -1.704151218127869E-10
1.011806789594983E-4      -1.703317171379285E-10
1.0135074783629308E-4     -1.7024817971736667E-10
1.0152081671308783E-4     -1.701645095511014E-10
1.016908855898826E-4      -1.7008070663913274E-10
1.0186095446667736E-4     -1.6999677098146067E-10
1.0203102334347212E-4     -1.6991270257808516E-10
1.0220109222026688E-4     -1.698285016815265E-10
1.0237116109706166E-4     -1.6974416844043346E-10
1.0254122997385641E-4     -1.6965970285480605E-10
1.0271129885065116E-4     -1.695751049246443E-10
1.0288136772744593E-4     -1.694903746499482E-10
1.0305143660424069E-4     -1.6940551203071777E-10
1.0322150548103545E-4     -1.6932051730979397E-10
1.0339157435783022E-4     -1.6923539063915193E-10
1.0356164323462497E-4     -1.6915013201879163E-10
1.0373171211141973E-4     -1.6906474144871312E-10
1.0390178098821448E-4     -1.689792189289164E-10
1.0407184986500925E-4     -1.6889356445940142E-10
1.0424191874180401E-4     -1.6880777826929672E-10
1.0441198761859879E-4     -1.6872186051424968E-10
1.0458205649539355E-4     -1.6863581119426028E-10
1.047521253721883E-4      -1.6854963030932857E-10
1.0492219424898308E-4     -1.6846331785945449E-10
1.0509226312577784E-4     -1.6837687384463812E-10
1.052623320025726E-4      -1.6829029847947273E-10
1.0543240087936737E-4     -1.682035919235329E-10
1.0560246975616213E-4     -1.681167541768186E-10
1.0577253863295688E-4     -1.6802978523932986E-10
1.0594260750975165E-4     -1.679426851110667E-10
1.0611267638654641E-4     -1.6785545379202904E-10
1.0628274526334116E-4     -1.6776809148372025E-10
1.0645281414013594E-4     -1.6768059834969513E-10
1.0662288301693069E-4     -1.675929743899537E-10
1.0679295189372544E-4     -1.6750521960449595E-10
1.0696302077052022E-4     -1.6741733399332186E-10
1.0713308964731497E-4     -1.6732931755643147E-10
1.0730315852410975E-4     -1.672411704848345E-10
1.074732274009045E-4      -1.6715289294586803E-10
1.0764329627769927E-4     -1.6706448493953202E-10
1.0781336515449402E-4     -1.6697594646582653E-10
1.0798343403128879E-4     -1.6688727752475152E-10
1.0815350290808356E-4     -1.6679847811630702E-10
1.0832357178487833E-4     -1.6670954842389401E-10
1.0849364066167309E-4     -1.6662048861818587E-10
1.0866370953846784E-4     -1.6653129869918256E-10
1.088337784152626E-4      -1.6644197866688406E-10
1.0900384729205736E-4     -1.6635252852129042E-10
1.0917391616885212E-4     -1.662629482624016E-10
1.0934398504564688E-4     -1.661732380686673E-10
1.0951405392244166E-4     -1.6608339811347245E-10
1.0968412279923641E-4     -1.659934283968171E-10
1.0985419167603116E-4     -1.6590332891870124E-10
1.1002426055282593E-4     -1.6581309967912488E-10
1.1019432942962069E-4     -1.6572274067808803E-10
1.1036439830641547E-4     -1.656322520913054E-10
1.1053446718321023E-4     -1.6554163409415893E-10
1.10704536060005E-4       -1.6545088668664859E-10
1.1087460493679976E-4     -1.653600098687744E-10
1.1104467381359452E-4     -1.6526900364053642E-10
1.1121474269038929E-4     -1.6517786800193454E-10
1.1138481156718405E-4     -1.6508660312763788E-10
1.1155488044397881E-4     -1.6499520919437653E-10
1.1172494932077356E-4     -1.649036862021506E-10
1.1189501819756833E-4     -1.6481203415096004E-10
1.1206508707436308E-4     -1.647202530408049E-10
1.1223515595115784E-4     -1.6462834287168517E-10
1.124052248279526E-4      -1.645363038183475E-10
1.1257529370474738E-4     -1.6444413605840103E-10
1.1274536258154213E-4     -1.6435183959184573E-10
1.1291543145833691E-4     -1.6425941441868157E-10
1.1308550033513168E-4     -1.6416686053890864E-10
1.1325556921192644E-4     -1.6407417795252687E-10
1.134256380887212E-4      -1.6398136683488398E-10
1.1359570696551597E-4     -1.6388842736425676E-10
1.1376577584231072E-4     -1.637953595406452E-10
1.1393584471910548E-4     -1.6370216336404932E-10
1.1410591359590025E-4     -1.6360883883446916E-10
1.1427598247269501E-4     -1.6351538595190468E-10
1.1444605134948977E-4     -1.6342180489239628E-10
1.1461612022628454E-4     -1.6332809583489995E-10
1.147861891030793E-4      -1.6323425877941556E-10
1.1495625797987405E-4     -1.6314029372594317E-10
1.1512632685666883E-4     -1.630462006744828E-10
1.1529639573346359E-4     -1.6295197962503442E-10
1.1546646461025836E-4     -1.6285763075426527E-10
1.156365334870531E-4      -1.6276315424192522E-10
1.1580660236384786E-4     -1.626685500880143E-10
1.1597667124064261E-4     -1.6257381829253246E-10
1.1614674011743738E-4     -1.6247895885547978E-10
1.1631680899423213E-4     -1.6238397177685622E-10
1.1648687787102691E-4     -1.622888572338713E-10
1.1665694674782166E-4     -1.6219361540719337E-10
1.1682701562461643E-4     -1.6209824629682239E-10
1.1699708450141119E-4     -1.620027499027584E-10
1.1716715337820595E-4     -1.6190712622500137E-10
1.1733722225500072E-4     -1.6181137526355133E-10
1.175072911317955E-4      -1.6171549719608202E-10
1.1767736000859025E-4     -1.6161949220427315E-10
1.17847428885385E-4       -1.6152336028812472E-10
1.1801749776217977E-4     -1.614271014476367E-10
1.1818756663897452E-4     -1.6133071568280914E-10
1.1835763551576929E-4     -1.61234202993642E-10
1.1852770439256405E-4     -1.6113756355822102E-10
1.1869777326935883E-4     -1.6104079755929314E-10
1.1886784214615358E-4     -1.6094390499685836E-10
1.1903791102294836E-4     -1.6084688587091667E-10
1.192079798997431E-4      -1.6074974018146806E-10
1.1937804877653787E-4     -1.6065246792851256E-10
1.1954811765333263E-4     -1.6055506929053065E-10
1.1971818653012741E-4     -1.6045754445136055E-10
1.1988825540692216E-4     -1.6035989341100225E-10
1.2005832428371694E-4     -1.602621161694557E-10
1.2022839316051169E-4     -1.6016421272672105E-10
1.2039846203730645E-4     -1.6006618308279811E-10
1.2056853091410122E-4     -1.5996802741656603E-10
1.20738599790896E-4       -1.598697459129559E-10
1.2090866866769075E-4     -1.5977133857196762E-10
1.2107873754448552E-4     -1.5967280539360127E-10
1.2124880642128027E-4     -1.595741463778568E-10
1.2141887529807504E-4     -1.5947536152473425E-10
1.215889441748698E-4      -1.593764510135185E-10
1.2175901305166458E-4     -1.5927741503022428E-10
1.2192908192845933E-4     -1.5917825357485163E-10
1.2209915080525408E-4     -1.5907896664740055E-10
1.2226921968204886E-4     -1.5897955424787105E-10
1.224392885588436E-4      -1.5888001637626312E-10
1.2260935743563836E-4     -1.5878035321226689E-10
1.2277942631243313E-4     -1.5868056494296946E-10
1.2294949518922788E-4     -1.5858065156837093E-10
1.2311956406602266E-4     -1.584806130884712E-10
1.232896329428174E-4      -1.583804495032703E-10
1.2345970181961216E-4     -1.5828016081276827E-10
1.236297706964069E-4      -1.5817974719705852E-10
1.2379983957320172E-4     -1.5807920884428867E-10
1.2396990844999647E-4     -1.5797854575445873E-10
1.2413997732679122E-4     -1.5787775792756874E-10
1.2431004620358597E-4     -1.5777684536361868E-10
1.2448011508038075E-4     -1.5767580806260853E-10
1.246501839571755E-4      -1.5757464620504544E-10
1.2482025283397027E-4     -1.5747335998012208E-10
1.2499032171076502E-4     -1.5737194938783842E-10
1.2516039058755977E-4     -1.5727041442819453E-10
1.2533045946435455E-4     -1.5716875510119035E-10
1.255005283411493E-4      -1.570669714068259E-10
1.2567059721794408E-4     -1.5696506352604724E-10
1.2584066609473883E-4     -1.568630316490695E-10
1.2601073497153358E-4     -1.5676087577589278E-10
1.2618080384832836E-4     -1.5665859590651698E-10
1.2635087272512313E-4     -1.5655619204094213E-10
1.2652094160191788E-4     -1.5645366417916823E-10
1.2669101047871266E-4     -1.5635101250261942E-10
1.268610793555074E-4      -1.5624823720250334E-10
1.270311482323022E-4      -1.5614533827882003E-10
1.2720121710909694E-4     -1.5604231573156945E-10
1.2737128598589172E-4     -1.559391695607517E-10
1.2754135486268647E-4     -1.5583589976636665E-10
1.2771142373948125E-4     -1.5573250653036293E-10
1.27881492616276E-4       -1.5562899004490622E-10
1.2805156149307075E-4     -1.5552535030999658E-10
1.282216303698655E-4      -1.55421587325634E-10
1.2839169924666027E-4     -1.5531770109181847E-10
1.2856176812345502E-4     -1.5521369160855002E-10
1.287318370002498E-4      -1.5510955905833563E-10
1.2890190587704455E-4     -1.5500530363426658E-10
1.290719747538393E-4      -1.549009253363429E-10
1.2924204363063408E-4     -1.5479642416456456E-10
1.2941211250742886E-4     -1.5469180011893158E-10
1.295821813842236E-4      -1.5458705319944398E-10
1.2975225026101836E-4     -1.5448218358918298E-10
1.2992231913781313E-4     -1.543771914821375E-10
1.3009238801460788E-4     -1.5427207687830754E-10
1.3026245689140266E-4     -1.5416683977769312E-10
1.304325257681974E-4      -1.540614801802943E-10
1.3060259464499216E-4     -1.5395599808611098E-10
1.3077266352178694E-4     -1.538503936788163E-10
1.3094273239858172E-4     -1.537446671532715E-10
1.3111280127537647E-4     -1.5363881850947662E-10
1.3128287015217125E-4     -1.5353284774743167E-10
1.31452939028966E-4       -1.534267548671367E-10
1.3162300790576077E-4     -1.5332053986859163E-10
1.3179307678255552E-4     -1.5321420293608862E-10
1.319631456593503E-4      -1.5310774426533684E-10
1.3213321453614505E-4     -1.530011638563363E-10
1.3230328341293983E-4     -1.5289446170908697E-10
1.3247335228973458E-4     -1.5278763782358894E-10
1.3264342116652933E-4     -1.526806921998421E-10
1.3281349004332408E-4     -1.525736250227818E-10
1.3298355892011888E-4     -1.524664364889414E-10
1.3315362779691363E-4     -1.523591265983208E-10
1.3332369667370838E-4     -1.5225169535092007E-10
1.3349376555050313E-4     -1.5214414274673924E-10
1.336638344272979E-4      -1.5203646878577823E-10
1.3383390330409266E-4     -1.5192867365364256E-10
1.3400397218088744E-4     -1.5182075754766449E-10
1.341740410576822E-4      -1.5171272046784403E-10
1.3434410993447694E-4     -1.5160456241418118E-10
1.3451417881127172E-4     -1.5149628338667602E-10
1.3468424768806647E-4     -1.5138788338532842E-10
1.3485431656486125E-4     -1.5127936259645683E-10
1.35024385441656E-4       -1.51170721218165E-10
1.3519445431845077E-4     -1.5106195925045296E-10
1.3536452319524555E-4     -1.509530766933207E-10
1.355345920720403E-4      -1.5084407354676828E-10
1.3570466094883508E-4     -1.5073494981079565E-10
1.3587472982562983E-4     -1.5062570567248083E-10
1.360447987024246E-4      -1.5051634133067128E-10
1.3621486757921936E-4     -1.5040685678536707E-10
1.363849364560141E-4      -1.5029725203656813E-10
1.3655500533280886E-4     -1.501875270842745E-10
1.367250742096036E-4      -1.500776819284862E-10
1.3689514308639836E-4     -1.4996771675710241E-10
1.3706521196319314E-4     -1.4985763176972095E-10
1.3723528083998789E-4     -1.4974742696634183E-10
1.3740534971678266E-4     -1.496371023469651E-10
1.375754185935774E-4      -1.4952665791159073E-10
1.3774548747037216E-4     -1.494160936602187E-10
1.3791555634716691E-4     -1.4930540978121706E-10
1.3808562522396172E-4     -1.4919460647494629E-10
1.3825569410075647E-4     -1.4908368374140638E-10
1.3842576297755122E-4     -1.4897264158059732E-10
1.3859583185434597E-4     -1.4886147999251918E-10
1.3876590073114075E-4     -1.4875019897717188E-10
1.3893596960793552E-4     -1.486387987239535E-10
1.391060384847303E-4      -1.4852727943391909E-10
1.3927610736152505E-4     -1.4841564110706863E-10
1.3944617623831983E-4     -1.4830388374340218E-10
1.3961624511511458E-4     -1.4819200734291967E-10
1.3978631399190936E-4     -1.4808001190562117E-10
1.3995638286870413E-4     -1.4796789762120918E-10
1.4012645174549888E-4     -1.4785566469151485E-10
1.4029652062229363E-4     -1.4774331311653819E-10
1.404665894990884E-4      -1.4763084289627916E-10
1.406366583758832E-4      -1.4751825403073784E-10
1.4080672725267794E-4     -1.4740554651991415E-10
1.409767961294727E-4      -1.4729272055453843E-10
1.4114686500626747E-4     -1.4717977633704723E-10
1.4131693388306222E-4     -1.4706671386744058E-10
1.41487002759857E-4       -1.469535331457185E-10
1.4165707163665175E-4     -1.46840234171881E-10
1.418271405134465E-4      -1.4672681694592802E-10
1.4199720939024125E-4     -1.4661328165939822E-10
1.4216727826703605E-4     -1.4649962851537243E-10
1.423373471438308E-4      -1.4638585751385068E-10
1.4250741602062555E-4     -1.4627196865483293E-10
1.426774848974203E-4      -1.4615796193831925E-10
1.4284755377421508E-4     -1.4604383736430955E-10
1.4301762265100983E-4     -1.4592959512525483E-10
1.431876915278046E-4      -1.45815235424845E-10
1.4335776040459936E-4     -1.457007582630801E-10
1.435278292813941E-4      -1.4558616363996012E-10
1.4369789815818888E-4     -1.454714515554851E-10
1.4386796703498363E-4     -1.45356622009655E-10
1.440380359117784E-4      -1.4524167519578556E-10
1.4420810478857316E-4     -1.451266113181695E-10
1.443781736653679E-4      -1.4501143037680684E-10
1.445482425421627E-4      -1.4489613237169754E-10
1.4471831141895747E-4     -1.447807173028416E-10
1.4488838029575222E-4     -1.4466518517023908E-10
1.45058449172547E-4       -1.4454953616809434E-10
1.4522851804934175E-4     -1.4443377050134533E-10
1.4539858692613652E-4     -1.4431788816999205E-10
1.4556865580293127E-4     -1.4420188917403443E-10
1.4573872467972605E-4     -1.4408577351347257E-10
1.459087935565208E-4      -1.439695411883064E-10
1.4607886243331558E-4     -1.4385319239321843E-10
1.4624893131011033E-4     -1.4373672733380193E-10
1.4641900018690508E-4     -1.4362014601005682E-10
1.4658906906369983E-4     -1.4350344842198316E-10
1.467591379404946E-4      -1.4338663456958092E-10
1.4692920681728936E-4     -1.4326970445285013E-10
1.4709927569408413E-4     -1.4315265826749205E-10
1.4726934457087888E-4     -1.430354962197549E-10
1.4743941344767364E-4     -1.4291821830963865E-10
1.476094823244684E-4      -1.4280082453714335E-10
1.477795512012632E-4      -1.4268331490226902E-10
1.4794962007805794E-4     -1.425656894050156E-10
1.4811968895485272E-4     -1.4244794824147805E-10
1.4828975783164747E-4     -1.423300916186797E-10
1.4845982670844225E-4     -1.422121195366205E-10
1.48629895585237E-4       -1.4209403199530048E-10
1.4879996446203175E-4     -1.4197582899471961E-10
1.4897003333882652E-4     -1.4185751053487792E-10
1.491401022156213E-4      -1.4173907681256684E-10
1.4931017109241605E-4     -1.4162052803558E-10
1.494802399692108E-4      -1.415018642039174E-10
1.4965030884600555E-4     -1.4138308531757906E-10
1.4982037772280033E-4     -1.41264191376565E-10
1.4999044659959508E-4     -1.4114518238087518E-10
1.5016051547638986E-4     -1.4102605852788399E-10
1.503305843531846E-4      -1.4090682002617497E-10
1.5050065322997936E-4     -1.407874668757482E-10
1.506707221067741E-4      -1.4066799907660357E-10
1.5084079098356886E-4     -1.4054841662874118E-10
1.510108598603636E-4      -1.4042871953216098E-10
1.511809287371584E-4      -1.4030890798497622E-10
1.5135099761395316E-4     -1.401889821965025E-10
1.515210664907479E-4      -1.4006894216673977E-10
1.5169113536754272E-4     -1.3994878789568802E-10
1.5186120424433747E-4     -1.398285193833473E-10
1.5203127312113225E-4     -1.3970813662971754E-10
1.5220134199792702E-4     -1.3958763983363698E-10
1.5237141087472177E-4     -1.3946702920513205E-10
1.5254147975151652E-4     -1.3934630474420264E-10
1.5271154862831127E-4     -1.392254664508488E-10
1.5288161750510602E-4     -1.3910451432507053E-10
1.5305168638190077E-4     -1.389834483668678E-10
1.5322175525869555E-4     -1.3886226877579588E-10
1.533918241354903E-4      -1.3874097576257156E-10
1.5356189301228508E-4     -1.3861956932719482E-10
1.5373196188907983E-4     -1.3849804946966565E-10
1.5390203076587458E-4     -1.383764161899841E-10
1.5407209964266936E-4     -1.3825466948815016E-10
1.5424216851946414E-4     -1.3813280956443163E-10
1.5441223739625889E-4     -1.380108366302251E-10
1.5458230627305366E-4     -1.3788875068553065E-10
1.5475237514984844E-4     -1.3776655173034823E-10
1.549224440266432E-4      -1.376442397646779E-10
1.5509251290343797E-4     -1.3752181478851957E-10
1.5526258178023272E-4     -1.37399277002848E-10
1.554326506570275E-4      -1.372766266197335E-10
1.5560271953382225E-4     -1.3715386363917606E-10
1.5577278841061702E-4     -1.3703098806117563E-10
1.559428572874118E-4      -1.3690799988573227E-10
1.5611292616420655E-4     -1.3678489911284595E-10
1.5628299504100133E-4     -1.36661685944191E-10
1.5645306391779608E-4     -1.3653836059250455E-10
1.5662313279459083E-4     -1.3641492305778658E-10
1.567932016713856E-4      -1.362913733400371E-10
1.5696327054818036E-4     -1.361677114392562E-10
1.571333394249751E-4      -1.3604393735544374E-10
1.5730340830176988E-4     -1.3592005129098006E-10
1.5747347717856466E-4     -1.3579605345925804E-10
1.576435460553594E-4      -1.356719438602778E-10
1.5781361493215416E-4     -1.355477224940392E-10
1.5798368380894897E-4     -1.3542338936054238E-10
1.5815375268574372E-4     -1.3529894445978726E-10
1.583238215625385E-4      -1.3517438799487128E-10
1.5849389043933325E-4     -1.3504972017983388E-10
1.58663959316128E-4       -1.3492494101467508E-10
1.5883402819292277E-4     -1.3480005049939487E-10
1.5900409706971752E-4     -1.3467504863399328E-10
1.5917416594651227E-4     -1.3454993541847027E-10
1.5934423482330705E-4     -1.344247110566412E-10
1.595143037001018E-4      -1.3429937576318744E-10
1.5968437257689655E-4     -1.3417392953810896E-10
1.5985444145369133E-4     -1.3404837238140575E-10
1.6002451033048608E-4     -1.3392270429307784E-10
1.6019457920728083E-4     -1.3379692527312524E-10
1.6036464808407558E-4     -1.3367103552607428E-10
1.6053471696087036E-4     -1.3354503526724544E-10
1.607047858376651E-4      -1.3341892449663869E-10
1.6087485471445986E-4     -1.3329270321425408E-10
1.6104492359125464E-4     -1.331663714200916E-10
1.6121499246804939E-4     -1.3303992911415123E-10
1.6138506134484416E-4     -1.3291337650166035E-10
1.6155513022163894E-4     -1.3278671379857686E-10
1.617251990984337E-4      -1.3265994100490078E-10
1.6189526797522844E-4     -1.3253305812063207E-10
1.620653368520232E-4      -1.3240606514577076E-10
1.6223540572881797E-4     -1.3227896208031685E-10
1.6240547460561272E-4     -1.321517491301885E-10
1.625755434824075E-4      -1.3202442651197693E-10
1.6274561235920225E-4     -1.3189699422568205E-10
1.6291568123599702E-4     -1.3176945227130391E-10
1.630857501127918E-4      -1.316418006488425E-10
1.6325581898958655E-4     -1.315140393582978E-10
1.6342588786638133E-4     -1.313861686062792E-10
1.6359595674317608E-4     -1.3125818861000226E-10
1.6376602561997083E-4     -1.3113009936946697E-10
1.639360944967656E-4      -1.3100190088467333E-10
1.6410616337356036E-4     -1.3087359315562135E-10
1.642762322503551E-4      -1.3074517618231104E-10
1.6444630112714989E-4     -1.3061665017205018E-10
1.6461637000394464E-4     -1.3048801534267102E-10
1.647864388807394E-4      -1.303592716941736E-10
1.6495650775753416E-4     -1.3023041922655788E-10
1.651265766343289E-4      -1.301014579398239E-10
1.652966455111237E-4      -1.2997238783397164E-10
1.6546671438791847E-4     -1.2984320911700948E-10
1.6563678326471322E-4     -1.297139220073761E-10
1.6580685214150797E-4     -1.2958452650507154E-10
1.6597692101830275E-4     -1.2945502261009577E-10
1.6614698989509752E-4     -1.293254103224488E-10
1.6631705877189227E-4     -1.2919568964213063E-10
1.6648712764868705E-4     -1.2906586077785642E-10
1.666571965254818E-4      -1.2893592394865457E-10
1.6682726540227658E-4     -1.288058791545251E-10
1.6699733427907133E-4     -1.2867572639546796E-10
1.6716740315586608E-4     -1.2854546567148325E-10
1.6733747203266086E-4     -1.2841509698257085E-10
1.6750754090945563E-4     -1.282846205381656E-10
1.6767760978625038E-4     -1.2815403655787053E-10
1.6784767866304514E-4     -1.2802334504168574E-10
1.6801774753983989E-4     -1.278925459896112E-10
1.6818781641663466E-4     -1.277616394016469E-10
1.683578852934294E-4      -1.276306252777929E-10
1.685279541702242E-4      -1.274995038282115E-10
1.6869802304701894E-4     -1.2736827527306947E-10
1.688680919238137E-4      -1.272369396123668E-10
1.6903816080060847E-4     -1.2710549684610353E-10
1.6920822967740322E-4     -1.2697394697427966E-10
1.69378298554198E-4       -1.2684228999689514E-10
1.6954836743099277E-4     -1.267105261248395E-10
1.6971843630778755E-4     -1.265786555788343E-10
1.698885051845823E-4      -1.2644667835887957E-10
1.7005857406137708E-4     -1.2631459446497523E-10
1.7022864293817186E-4     -1.2618240389712137E-10
1.703987118149666E-4      -1.2605010665531796E-10
1.7056878069176138E-4     -1.2591770295117454E-10
1.707388495685561E-4      -1.257851930059624E-10
1.7090891844535086E-4     -1.2565257681968143E-10
1.710789873221456E-4      -1.2551985439233174E-10
1.7124905619894036E-4     -1.253870257239133E-10
1.714191250757351E-4      -1.2525409081442608E-10
1.7158919395252989E-4     -1.2512104987619286E-10
1.7175926282932466E-4     -1.2498790313102968E-10
1.719293317061194E-4      -1.2485465057893662E-10
1.7209940058291416E-4     -1.2472129221991362E-10
1.7226946945970894E-4     -1.245878280539607E-10
1.7243953833650372E-4     -1.2445425808107787E-10
1.726096072132985E-4      -1.2432058251429727E-10
1.7277967609009325E-4     -1.241868015759748E-10
1.72949744966888E-4       -1.2405291526611045E-10
1.7311981384368277E-4     -1.239189235847042E-10
1.7328988272047752E-4     -1.237848265317561E-10
1.7345995159727227E-4     -1.2365062410726612E-10
1.7363002047406705E-4     -1.235163165249708E-10
1.738000893508618E-4      -1.2338190400776286E-10
1.7397015822765658E-4     -1.2324738655564233E-10
1.7414022710445133E-4     -1.2311276416860918E-10
1.7431029598124608E-4     -1.2297803684666346E-10
1.7448036485804086E-4     -1.2284320458980514E-10
1.7465043373483563E-4     -1.2270826761247037E-10
1.7482050261163039E-4     -1.2257322613808494E-10
1.7499057148842514E-4     -1.224380801666489E-10
1.7516064036521989E-4     -1.223028296981622E-10
1.7533070924201466E-4     -1.221674747326249E-10
1.7550077811880941E-4     -1.2203201527003696E-10
1.756708469956042E-4      -1.2189645152553086E-10
1.7584091587239894E-4     -1.217607837230609E-10
1.760109847491937E-4      -1.2162501186262708E-10
1.7618105362598847E-4     -1.214891359442294E-10
1.7635112250278322E-4     -1.2135315596786787E-10
1.76521191379578E-4       -1.2121707193354249E-10
1.7669126025637275E-4     -1.2108088405707764E-10
1.7686132913316755E-4     -1.209445925629518E-10
1.770313980099623E-4      -1.208081974511649E-10
1.7720146688675705E-4     -1.2067169872171694E-10
1.7737153576355183E-4     -1.2053509637460794E-10
1.7754160464034658E-4     -1.203983904098379E-10
1.7771167351714136E-4     -1.202615810439183E-10
1.778817423939361E-4      -1.2012466850184603E-10
1.7805181127073086E-4     -1.1998765278362116E-10
1.782218801475256E-4      -1.1985053388924363E-10
1.7839194902432036E-4     -1.197133118187135E-10
1.7856201790111514E-4     -1.1957598657203074E-10
1.787320867779099E-4      -1.1943855836639072E-10
1.789021556547047E-4      -1.1930102742730263E-10
1.7907222453149944E-4     -1.1916339375476647E-10
1.7924229340829422E-4     -1.1902565734878225E-10
1.79412362285089E-4       -1.1888781820934994E-10
1.7958243116188375E-4     -1.1874987633646955E-10
1.7975250003867852E-4     -1.1861183194801887E-10
1.7992256891547327E-4     -1.184736852700135E-10
1.8009263779226802E-4     -1.183354363024534E-10
1.8026270666906277E-4     -1.1819708504533863E-10
1.8043277554585752E-4     -1.1805863149866914E-10
1.806028444226523E-4      -1.1792007566244497E-10
1.8077291329944705E-4     -1.177814177552224E-10
1.8094298217624183E-4     -1.1764265800352008E-10
1.8111305105303658E-4     -1.1750379640733804E-10
1.8128311992983136E-4     -1.1736483296667627E-10
1.8145318880662613E-4     -1.1722576768153477E-10
1.8162325768342089E-4     -1.1708660055191355E-10
1.8179332656021566E-4     -1.1694733179703764E-10
1.8196339543701044E-4     -1.168079616439291E-10
1.821334643138052E-4      -1.1666849009258794E-10
1.8230353319059994E-4     -1.1652891714301418E-10
1.824736020673947E-4      -1.163892427952078E-10
1.8264367094418947E-4     -1.1624946704916877E-10
1.8281373982098422E-4     -1.1610959012477591E-10
1.82983808697779E-4       -1.1596961224955775E-10
1.8315387757457375E-4     -1.1582953342351427E-10
1.8332394645136852E-4     -1.1568935364664548E-10
1.834940153281633E-4      -1.1554907291895139E-10
1.8366408420495805E-4     -1.1540869124043198E-10
1.838341530817528E-4      -1.152682088316041E-10
1.8400422195854755E-4     -1.1512762592050524E-10
1.841742908353423E-4      -1.1498694250713544E-10
1.8434435971213705E-4     -1.1484615859149468E-10
1.845144285889318E-4      -1.14705274173583E-10
1.8468449746572655E-4     -1.1456428925340034E-10
1.8485456634252133E-4     -1.1442320405209443E-10
1.850246352193161E-4      -1.1428201879821257E-10
1.8519470409611086E-4     -1.1414073349175479E-10
1.8536477297290564E-4     -1.1399934813272107E-10
1.8553484184970039E-4     -1.1385786272111143E-10
1.8570491072649516E-4     -1.1371627725692585E-10
1.8587497960328991E-4     -1.1357459196193822E-10
1.8604504848008472E-4     -1.1343280706522143E-10
1.8621511735687947E-4     -1.1329092256677549E-10
1.8638518623367422E-4     -1.1314893846660042E-10
1.86555255110469E-4       -1.1300685476469623E-10
1.8672532398726375E-4     -1.1286467146106287E-10
1.8689539286405852E-4     -1.127223887779934E-10
1.870654617408533E-4      -1.1258000694507636E-10
1.8723553061764805E-4     -1.1243752596231179E-10
1.8740559949444283E-4     -1.1229494582969967E-10
1.8757566837123758E-4     -1.1215226654724005E-10
1.8774573724803236E-4     -1.1200948811493287E-10
1.879158061248271E-4      -1.1186661075576558E-10
1.8808587500162188E-4     -1.1172363469980924E-10
1.8825594387841663E-4     -1.1158055994706388E-10
1.8842601275521139E-4     -1.1143738649752949E-10
1.8859608163200614E-4     -1.112941143512061E-10
1.8876615050880089E-4     -1.1115074350809366E-10
1.8893621938559564E-4     -1.1100727419177755E-10
1.891062882623904E-4      -1.1086370663283886E-10
1.8927635713918516E-4     -1.1072004083127754E-10
1.8944642601597991E-4     -1.1057627678709361E-10
1.896164948927747E-4      -1.1043241450028709E-10
1.8978656376956944E-4     -1.1028845397085795E-10
1.8995663264636422E-4     -1.1014439542298062E-10
1.90126701523159E-4       -1.1000023908774021E-10
1.9029677039995375E-4     -1.0985598496513666E-10
1.904668392767485E-4      -1.0971163305517002E-10
1.906369081535433E-4      -1.0956718335784028E-10
1.9080697703033805E-4     -1.0942263587314745E-10
1.909770459071328E-4      -1.0927799082583188E-10
1.9114711478392758E-4     -1.0913324844747624E-10
1.9131718366072233E-4     -1.0898840873808052E-10
1.9148725253751708E-4     -1.0884347169764473E-10
1.9165732141431186E-4     -1.0869843732616888E-10
1.918273902911066E-4      -1.0855330562365294E-10
1.9199745916790139E-4     -1.084080768154361E-10
1.9216752804469614E-4     -1.0826275113357408E-10
1.923375969214909E-4      -1.0811732857806687E-10
1.9250766579828566E-4     -1.0797180914891448E-10
1.9267773467508041E-4     -1.0782619284611693E-10
1.928478035518752E-4      -1.0768047966967419E-10
1.9301787242866997E-4     -1.0753466984556828E-10
1.9318794130546472E-4     -1.0738876360634026E-10
1.9335801018225947E-4     -1.0724276095199015E-10
1.9352807905905422E-4     -1.0709666188251791E-10
1.9369814793584902E-4     -1.069504663979236E-10
1.9386821681264377E-4     -1.0680417449820717E-10
1.9403828568943855E-4     -1.0665778640988314E-10
1.942083545662333E-4      -1.0651130236596902E-10
1.9437842344302805E-4     -1.0636472236646488E-10
1.9454849231982283E-4     -1.0621804641137066E-10
1.9471856119661758E-4     -1.0607127450068642E-10
1.9488863007341233E-4     -1.0592440663441212E-10
1.9505869895020708E-4     -1.0577744303968363E-10
1.9522876782700189E-4     -1.0563038394999483E-10
1.9539883670379664E-4     -1.054832293653457E-10
1.9556890558059139E-4     -1.0533597928573626E-10
1.9573897445738616E-4     -1.0518863371116653E-10
1.959090433341809E-4      -1.0504119264163648E-10
1.960791122109757E-4      -1.048936563047555E-10
1.9624918108777047E-4     -1.0474602493446119E-10
1.964192499645652E-4      -1.0459829853075356E-10
1.9658931884136E-4        -1.044504770936326E-10
1.9675938771815472E-4     -1.0430256062309835E-10
1.969294565949495E-4      -1.0415454911915076E-10
1.9709952547174425E-4     -1.0400644281010329E-10
1.9726959434853905E-4     -1.0385824193029655E-10
1.9743966322533377E-4     -1.0370994647973056E-10
1.9760973210212855E-4     -1.0356155645840532E-10
1.977798009789233E-4      -1.0341307186632084E-10
1.9794986985571805E-4     -1.032644927034771E-10
1.981199387325128E-4      -1.0311581919873581E-10
1.9829000760930758E-4     -1.0296705158695797E-10
1.9846007648610233E-4     -1.028181898681436E-10
1.9863014536289708E-4     -1.026692340422927E-10
1.9880021423969186E-4     -1.0252018410940529E-10
1.989702831164866E-4      -1.0237104006948135E-10
1.9914035199328139E-4     -1.0222180215178098E-10
1.9931042087007614E-4     -1.0207247059161247E-10
1.9948048974687091E-4     -1.0192304538897582E-10
1.9965055862366566E-4     -1.0177352654387104E-10
1.9982062750046041E-4     -1.0162391405629815E-10
1.999906963772552E-4      -1.0147420792625713E-10
2.0016076525404997E-4     -1.0132440838361578E-10
2.0033083413084472E-4     -1.0117451566413365E-10
2.0050090300763947E-4     -1.0102452976781076E-10
2.0067097188443422E-4     -1.0087445069464709E-10
2.00841040761229E-4       -1.0072427844464268E-10
2.0101110963802375E-4     -1.005740130177975E-10
2.0118117851481853E-4     -1.0042365464445678E-10
2.013512473916133E-4      -1.002732035608886E-10
2.0152131626840805E-4     -1.0012265976709294E-10
2.0169138514520283E-4     -9.997202326306983E-11
2.0186145402199758E-4     -9.982129404881926E-11
2.0203152289879236E-4     -9.967047212434124E-11
2.0220159177558714E-4     -9.951955772046243E-11
2.0237166065238189E-4     -9.936855107394525E-11
2.0254172952917664E-4     -9.921745218478966E-11
2.0271179840597139E-4     -9.906626105299571E-11
2.028818672827662E-4      -9.891497767856337E-11
2.0305193615956094E-4     -9.876360206149265E-11
2.0322200503635572E-4     -9.861213443310124E-11
2.033920739131505E-4      -9.84605750306331E-11
2.0356214278994525E-4     -9.83089238540883E-11
2.0373221166674E-4        -9.81571809034668E-11
2.039022805435348E-4      -9.800534617876864E-11
2.0407234942032955E-4     -9.785341967999379E-11
2.042424182971243E-4      -9.770140163895234E-11
2.0441248717391905E-4     -9.754929229335765E-11
2.045825560507138E-4      -9.739709164320971E-11
2.0475262492750855E-4     -9.724479968850852E-11
2.049226938043033E-4      -9.709241642925412E-11
2.0509276268109805E-4     -9.693994186544645E-11
2.0526283155789283E-4     -9.678737622938726E-11
2.054329004346876E-4      -9.663471975924751E-11
2.0560296931148236E-4     -9.648197245502718E-11
2.057730381882771E-4      -9.63291343167263E-11
2.0594310706507186E-4     -9.617620534434487E-11
2.0611317594186664E-4     -9.602318553788287E-11
2.0628324481866141E-4     -9.587007513012931E-11
2.064533136954562E-4      -9.571687435970378E-11
2.0662338257225094E-4     -9.556358322660628E-11
2.0679345144904572E-4     -9.541020173083681E-11
2.0696352032584047E-4     -9.525672987239539E-11
2.0713358920263525E-4     -9.510316765128199E-11
2.0730365807943002E-4     -9.494951530076525E-11
2.0747372695622477E-4     -9.479577305990763E-11
2.0764379583301952E-4     -9.46419409287091E-11
2.0781386470981427E-4     -9.448801890716966E-11
2.0798393358660902E-4     -9.433400699528934E-11
2.0815400246340378E-4     -9.417990519306811E-11
2.0832407134019855E-4     -9.402571373424285E-11
2.0849414021699333E-4     -9.387143285831674E-11
2.0866420909378808E-4     -9.371706256528979E-11
2.0883427797058283E-4     -9.356260285516197E-11
2.0900434684737764E-4     -9.340805372793332E-11
2.0917441572417239E-4     -9.325341518360381E-11
2.0934448460096714E-4     -9.309868745636887E-11
2.0951455347776189E-4     -9.294387078616943E-11
2.0968462235455664E-4     -9.278896517300548E-11
2.098546912313514E-4      -9.263397061687702E-11
2.1002476010814614E-4     -9.247888711778405E-11
2.101948289849409E-4      -9.232371467572658E-11
2.1036489786173566E-4     -9.216845352536028E-11
2.1053496673853044E-4     -9.201310390705417E-11
2.107050356153252E-4      -9.185766582080827E-11
2.1087510449211997E-4     -9.170213926662257E-11
2.1104517336891475E-4     -9.154652424449711E-11
2.1121524224570952E-4     -9.139082075443185E-11
2.113853111225043E-4      -9.123502903155461E-11
2.1155537999929905E-4     -9.107914931664708E-11
2.117254488760938E-4      -9.092318160970933E-11
2.1189551775288855E-4     -9.076712591074131E-11
2.1206558662968333E-4     -9.061098221974308E-11
2.1223565550647808E-4     -9.045475053671459E-11
2.1240572438327286E-4     -9.029843109726331E-11
2.1257579326006764E-4     -9.014202414257055E-11
2.1274586213686239E-4     -8.998552967263629E-11
2.1291593101365716E-4     -8.982894768746052E-11
2.130859998904519E-4      -8.967227818704328E-11
2.132560687672467E-4      -8.951552117138452E-11
2.1342613764404144E-4     -8.93586768765665E-11
2.135962065208362E-4      -8.920174554416518E-11
2.1376627539763094E-4     -8.904472717418054E-11
2.1393634427442566E-4     -8.88876217666126E-11
2.1410641315122044E-4     -8.873042932146137E-11
2.142764820280152E-4      -8.857314983872683E-11
2.1444655090480997E-4     -8.841578355495522E-11
2.1461661978160472E-4     -8.825833071211416E-11
2.147866886583995E-4      -8.810079131020367E-11
2.1495675753519428E-4     -8.794316534922374E-11
2.1512682641198903E-4     -8.77854528291744E-11
2.152968952887838E-4      -8.76276537500556E-11
2.1546696416557855E-4     -8.746976834886791E-11
2.1563703304237333E-4     -8.731179686796457E-11
2.1580710191916808E-4     -8.715373930734564E-11
2.1597717079596286E-4     -8.699559566701108E-11
2.1614723967275764E-4     -8.683736594696095E-11
2.1631730854955239E-4     -8.667905014719517E-11
2.1648737742634714E-4     -8.652064850516531E-11
2.1665744630314191E-4     -8.636216126360049E-11
2.1682751517993666E-4     -8.62035884225007E-11
2.1699758405673141E-4     -8.604492998186592E-11
2.171676529335262E-4      -8.588618594169621E-11
2.1733772181032094E-4     -8.57273563019915E-11
2.1750779068711572E-4     -8.556844130065748E-11
2.1767785956391047E-4     -8.540944118078773E-11
2.1784792844070525E-4     -8.525035594238224E-11
2.180179973175E-4         -8.509118558544104E-11
2.1818806619429475E-4     -8.493193010996412E-11
2.1835813507108953E-4     -8.477258951595149E-11
2.185282039478843E-4      -8.461316404176322E-11
2.1869827282467905E-4     -8.445365393085003E-11
2.188683417014738E-4      -8.429405918321191E-11
2.1903841057826855E-4     -8.413437979884887E-11
2.1920847945506336E-4     -8.397461577776092E-11
2.193785483318581E-4      -8.381476711994805E-11
2.1954861720865289E-4     -8.36548340642209E-11
2.1971868608544764E-4     -8.34948168543809E-11
2.1988875496224239E-4     -8.333471549042804E-11
2.2005882383903716E-4     -8.317452997236234E-11
2.202288927158319E-4      -8.301426030018378E-11
2.2039896159262666E-4     -8.285390647389238E-11
2.2056903046942141E-4     -8.269346873274216E-11
2.2073909934621622E-4     -8.253294732087979E-11
2.2090916822301097E-4     -8.237234223830526E-11
2.2107923709980572E-4     -8.221165348501858E-11
2.212493059766005E-4      -8.205088106101975E-11
2.2141937485339525E-4     -8.189002496630877E-11
2.2158944373019002E-4     -8.172908544057583E-11
2.217595126069848E-4      -8.156806272830794E-11
2.2192958148377953E-4     -8.140695682950509E-11
2.2209965036057433E-4     -8.124576774416727E-11
2.2226971923736905E-4     -8.10844954722945E-11
2.2243978811416383E-4     -8.092314001388677E-11
2.2260985699095858E-4     -8.076170160906435E-11
2.2277992586775339E-4     -8.060018050265001E-11
2.2294999474454814E-4     -8.043857669464379E-11
2.2312006362134289E-4     -8.027689018504565E-11
2.2329013249813766E-4     -8.011512097385561E-11
2.2346020137493241E-4     -7.995326906107366E-11
2.236302702517272E-4      -7.979133468724423E-11
2.2380033912852194E-4     -7.96293180975217E-11
2.239704080053167E-4      -7.946721929190606E-11
2.2414047688211144E-4     -7.930503827039732E-11
2.243105457589062E-4      -7.914277503299549E-11
2.2448061463570097E-4     -7.898042957970056E-11
2.2465068351249572E-4     -7.881800215147567E-11
2.248207523892905E-4      -7.865549299380176E-11
2.2499082126608525E-4     -7.849290210667885E-11
2.2516089014288E-4        -7.833022949010692E-11
2.2533095901967475E-4     -7.816747514408597E-11
2.2550102789646953E-4     -7.8004639068616E-11
2.256710967732643E-4      -7.78417215050747E-11
2.2584116565005905E-4     -7.767872269926321E-11
2.260112345268538E-4      -7.751564265118153E-11
2.2618130340364855E-4     -7.735248136082968E-11
2.2635137228044333E-4     -7.718923882820764E-11
2.2652144115723808E-4     -7.70259150533154E-11
2.2669151003403286E-4     -7.686251027794219E-11
2.2686157891082766E-4     -7.669902474820283E-11
2.2703164778762241E-4     -7.65354584640973E-11
2.2720171666441716E-4     -7.637181142562561E-11
2.2737178554121194E-4     -7.620808363278777E-11
2.2754185441800672E-4     -7.604427508558377E-11
2.2771192329480147E-4     -7.588038602621103E-11
2.2788199217159625E-4     -7.5716416701092E-11
2.28052061048391E-4       -7.555236711022661E-11
2.2822212992518575E-4     -7.538823725361494E-11
2.2839219880198052E-4     -7.522402713125692E-11
2.2856226767877528E-4     -7.505973674315261E-11
2.2873233655557005E-4     -7.489536633190247E-11
2.2890240543236483E-4     -7.473091614423072E-11
2.2907247430915958E-4     -7.456638618013739E-11
2.2924254318595433E-4     -7.440177643962244E-11
2.294126120627491E-4      -7.423708692268592E-11
2.2958268093954389E-4     -7.40723176293278E-11
2.2975274981633864E-4     -7.39074688025459E-11
2.299228186931334E-4      -7.374254068936003E-11
2.3009288756992816E-4     -7.357753328977019E-11
2.3026295644672291E-4     -7.341244660377637E-11
2.304330253235177E-4      -7.324728063137857E-11
2.3060309420031244E-4     -7.308203537257682E-11
2.3077316307710722E-4     -7.291671107076114E-11
2.3094323195390197E-4     -7.275130797324073E-11
2.3111330083069672E-4     -7.25858260800156E-11
2.312833697074915E-4      -7.242026539108574E-11
2.3145343858428622E-4     -7.225462590645118E-11
2.31623507461081E-4       -7.208890762611188E-11
2.3179357633787575E-4     -7.192311079384571E-11
2.3196364521467055E-4     -7.175723565724576E-11
2.3213371409146528E-4     -7.159128221631203E-11
2.3230378296826005E-4     -7.142525047104453E-11
2.324738518450548E-4      -7.125914042144324E-11
2.3264392072184955E-4     -7.109295206750817E-11
2.3281398959864433E-4     -7.092668565339957E-11
2.329840584754391E-4      -7.076034142699003E-11
2.3315412735223386E-4     -7.059391938827959E-11
2.333241962290286E-4      -7.042741953726822E-11
2.3349426510582336E-4     -7.026084187395593E-11
2.3366433398261814E-4     -7.009418639834273E-11
2.338344028594129E-4      -6.992745335496387E-11
2.3400447173620766E-4     -6.976064299196768E-11
2.3417454061300241E-4     -6.959375530935414E-11
2.3434460948979716E-4     -6.942679030712328E-11
2.3451467836659192E-4     -6.925974798527507E-11
2.346847472433867E-4      -6.909262834380953E-11
2.3485481612018147E-4     -6.892543162762887E-11
2.3502488499697622E-4     -6.875815808515265E-11
2.3519495387377097E-4     -6.859080771638085E-11
2.3536502275056572E-4     -6.842338052131349E-11
2.3553509162736053E-4     -6.825587649995058E-11
2.3570516050415528E-4     -6.808829565229208E-11
2.3587522938095005E-4     -6.792063822360093E-11
2.360452982577448E-4      -6.775290446256221E-11
2.3621536713453958E-4     -6.758509436917588E-11
2.3638543601133433E-4     -6.741720794344197E-11
2.3655550488812908E-4     -6.724924518536047E-11
2.3672557376492386E-4     -6.708120609493137E-11
2.3689564264171864E-4     -6.691309091777433E-11
2.370657115185134E-4      -6.674489990283395E-11
2.3723578039530814E-4     -6.657663305011021E-11
2.374058492721029E-4      -6.640829035960311E-11
2.375759181488977E-4      -6.623987183131267E-11
2.3774598702569244E-4     -6.607137746523885E-11
2.3791605590248722E-4     -6.590280750735552E-11
2.3808612477928197E-4     -6.573416220686073E-11
2.3825619365607675E-4     -6.556544156375448E-11
2.384262625328715E-4      -6.539664557803676E-11
2.3859633140966625E-4     -6.522777424970758E-11
2.3876640028646102E-4     -6.505882757876693E-11
2.389364691632558E-4      -6.48898058115401E-11
2.3910653804005055E-4     -6.472070919747278E-11
2.392766069168453E-4      -6.455153773656497E-11
2.3944667579364005E-4     -6.438229142881666E-11
2.3961674467043486E-4     -6.421297027422787E-11
2.397868135472296E-4      -6.404357427279858E-11
2.3995688242402439E-4     -6.387410367120028E-11
2.4012695130081914E-4     -6.370455871912174E-11
2.402970201776139E-4      -6.353493941656299E-11
2.4046708905440866E-4     -6.336524576352402E-11
2.4063715793120341E-4     -6.319547776000485E-11
2.408072268079982E-4      -6.302563540600547E-11
2.4097729568479294E-4     -6.285571894853676E-11
2.4114736456158772E-4     -6.268572863752593E-11
2.4131743343838247E-4     -6.2515664472973E-11
2.4148750231517722E-4     -6.234552645487794E-11
2.4165757119197197E-4     -6.217531458324079E-11
2.4182764006876672E-4     -6.200502885806153E-11
2.419977089455615E-4      -6.183466952668145E-11
2.4216777782235627E-4     -6.166423683927667E-11
2.4233784669915103E-4     -6.149373079584716E-11
2.425079155759458E-4      -6.132315139639294E-11
2.4267798445274055E-4     -6.115249864091403E-11
2.4284805332953533E-4     -6.098177252941039E-11
2.4301812220633008E-4     -6.081097330949286E-11
2.4318819108312486E-4     -6.064010123158299E-11
2.4335825995991958E-4     -6.046915629568074E-11
2.4352832883671433E-4     -6.029813850178614E-11
2.436983977135091E-4      -6.012704784989919E-11
2.4386846659030386E-4     -5.995588434001987E-11
2.4403853546709864E-4     -5.978464822008215E-11
2.442086043438934E-4      -5.961333974072138E-11
2.4437867322068814E-4     -5.944195890193754E-11
2.445487420974829E-4      -5.927050570373065E-11
2.447188109742777E-4      -5.90989801461007E-11
2.4488887985107244E-4     -5.89273822290477E-11
2.4505894872786725E-4     -5.875571220084617E-11
2.45229017604662E-4       -5.858397031234378E-11
2.4539908648145675E-4     -5.841215656354056E-11
2.455691553582515E-4      -5.824027095443648E-11
2.4573922423504625E-4     -5.806831348503157E-11
2.45909293111841E-4       -5.789628415532582E-11
2.4607936198863575E-4     -5.77241832139014E-11
2.4624943086543055E-4     -5.755201091182608E-11
2.4641949974222525E-4     -5.7379767249099866E-11
2.4658956861902005E-4     -5.720745222572277E-11
2.467596374958148E-4      -5.703506584169478E-11
2.4692970637260955E-4     -5.686260809701591E-11
2.4709977524940436E-4     -5.6690079240548536E-11
2.472698441261991E-4      -5.651747952357452E-11
2.4743991300299386E-4     -5.634480894609387E-11
2.476099818797886E-4      -5.617206750810656E-11
2.4778005075658336E-4     -5.5999255209612624E-11
2.4795011963337816E-4     -5.582637205061203E-11
2.481201885101729E-4      -5.5653418280269353E-11
2.482902573869677E-4      -5.548039415005885E-11
2.4846032626376247E-4     -5.5307299659980546E-11
2.486303951405572E-4      -5.513413481003443E-11
2.48800464017352E-4       -5.496089960022051E-11
2.489705328941468E-4      -5.478759403053877E-11
2.491406017709416E-4      -5.461421835047129E-11
2.4931067064773633E-4     -5.444077281167705E-11
2.494807395245311E-4      -5.426725741415606E-11
2.4965080840132583E-4     -5.4093672157908305E-11
2.498208772781206E-4      -5.3920017042933785E-11
2.4999094615491533E-4     -5.374629206923251E-11
2.501610150317101E-4      -5.357249748657897E-11
2.503310839085049E-4      -5.339863354683907E-11
2.5050115278529964E-4     -5.322470025001283E-11
2.506712216620944E-4      -5.305069759610024E-11
2.508412905388892E-4      -5.287662558510132E-11
2.5101135941568394E-4     -5.270248421701605E-11
2.511814282924787E-4      -5.252827374185028E-11
2.5135149716927344E-4     -5.2353994411670366E-11
2.515215660460682E-4      -5.217964622647628E-11
2.51691634922863E-4       -5.200522918626802E-11
2.5186170379965775E-4     -5.183074329104562E-11
2.520317726764525E-4      -5.1656188540809045E-11
2.5220184155324725E-4     -5.1481565185833206E-11
2.5237191043004205E-4     -5.130687347836431E-11
2.525419793068368E-4      -5.113211341840238E-11
2.5271204818363155E-4     -5.09572850059474E-11
2.528821170604263E-4      -5.078238824099938E-11
2.5305218593722105E-4     -5.060742312355831E-11
2.532222548140158E-4      -5.0432389904142986E-11
2.533923236908106E-4      -5.0257288835203917E-11
2.5356239256760536E-4     -5.0082119916741104E-11
2.5373246144440016E-4     -4.990688314875454E-11
2.539025303211949E-4      -4.9731578531244256E-11
2.5407259919798966E-4     -4.955620606421022E-11
2.542426680747844E-4      -4.938076599838169E-11
2.5441273695157916E-4     -4.920525858642679E-11
2.545828058283739E-4      -4.902968382834551E-11
2.5475287470516866E-4     -4.885404172413787E-11
2.549229435819634E-4      -4.8678332273803866E-11
2.5509301245875817E-4     -4.850255547734349E-11
2.552630813355529E-4      -4.8326711585691085E-11
2.554331502123477E-4      -4.815080085172744E-11
2.5560321908914247E-4     -4.797482327545256E-11
2.557732879659372E-4      -4.7798778856866436E-11
2.55943356842732E-4       -4.7622667595969086E-11
2.561134257195268E-4      -4.7446489492760484E-11
2.562834945963215E-4      -4.7270244798385383E-11
2.564535634731163E-4      -4.7093933765926704E-11
2.56623632349911E-4       -4.6917556395384445E-11
2.5679370122670583E-4     -4.6741112686758607E-11
2.569637701035006E-4      -4.656460264004919E-11
2.5713383898029533E-4     -4.6388026255256194E-11
2.573039078570901E-4      -4.62113837837341E-11
2.574739767338849E-4      -4.6034675478761E-11
2.5764404561067964E-4     -4.585790134033692E-11
2.578141144874744E-4      -4.5681061368461836E-11
2.5798418336426914E-4     -4.550415556313576E-11
2.581542522410639E-4      -4.532718392435869E-11
2.5832432111785864E-4     -4.5150146703692804E-11
2.5849438999465344E-4     -4.497304415460141E-11
2.586644588714482E-4      -4.4795876277084516E-11
2.58834527748243E-4       -4.461864307114212E-11
2.5900459662503775E-4     -4.444134453677423E-11
2.591746655018325E-4      -4.426398067398084E-11
2.5934473437862725E-4     -4.4086551734530444E-11
2.5951480325542205E-4     -4.390905797206162E-11
2.5968487213221675E-4     -4.3731499386574374E-11
2.5985494100901155E-4     -4.35538759780687E-11
2.600250098858063E-4      -4.33761877465446E-11
2.6019507876260105E-4     -4.3198434692002076E-11
2.603651476393958E-4      -4.3020617066412384E-11
2.605352165161906E-4      -4.284273512358105E-11
2.6070528539298536E-4     -4.2664788863508074E-11
2.608753542697801E-4      -4.248677828619346E-11
2.6104542314657486E-4     -4.230870339163722E-11
2.612154920233696E-4      -4.2130564179839324E-11
2.6138556090016436E-4     -4.195236090296926E-11
2.615556297769591E-4      -4.177409381499203E-11
2.6172569865375386E-4     -4.159576291590763E-11
2.6189576753054867E-4     -4.141736820571607E-11
2.620658364073434E-4      -4.1238909684417344E-11
2.6223590528413817E-4     -4.106038735201145E-11
2.624059741609329E-4      -4.0881801460861886E-11
2.625760430377277E-4      -4.070315226508591E-11
2.6274611191452247E-4     -4.05244397646835E-11
2.629161807913172E-4      -4.034566395965468E-11
2.63086249668112E-4       -4.016682484999945E-11
2.632563185449068E-4      -3.9987922435717787E-11
2.634263874217016E-4      -3.9808956969363894E-11
2.6359645629849633E-4     -3.9629928705199584E-11
2.637665251752911E-4      -3.945083764322485E-11
2.6393659405208583E-4     -3.927168378343969E-11
2.641066629288806E-4      -3.909246712584412E-11
2.6427673180567533E-4     -3.891318767043812E-11
2.644468006824701E-4      -3.873384566996411E-11
2.646168695592649E-4      -3.8554441378820186E-11
2.647869384360596E-4      -3.837497479700638E-11
2.649570073128544E-4      -3.8195445924522654E-11
2.6512707618964914E-4     -3.801585476136905E-11
2.652971450664439E-4      -3.783620130754554E-11
2.654672139432387E-4      -3.765648581597991E-11
2.6563728282003344E-4     -3.747670854119867E-11
2.658073516968282E-4      -3.729686948320182E-11
2.6597742057362294E-4     -3.7116968641989353E-11
2.661474894504177E-4      -3.6937006017561284E-11
2.663175583272125E-4      -3.67569816099176E-11
2.6648762720400725E-4     -3.657689567216723E-11
2.6665769608080205E-4     -3.639674845895796E-11
2.668277649575968E-4      -3.62165399702898E-11
2.6699783383439155E-4     -3.603627020616274E-11
2.671679027111863E-4      -3.5855939166576786E-11
2.6733797158798105E-4     -3.5675546851531945E-11
2.675080404647758E-4      -3.5495093514314026E-11
2.676781093415706E-4      -3.531457940968499E-11
2.6784817821836536E-4     -3.513400453764484E-11
2.6801824709516016E-4     -3.4953368898193576E-11
2.681883159719549E-4      -3.47726724913312E-11
2.6835838484874966E-4     -3.459191531705771E-11
2.685284537255444E-4      -3.4411097628832034E-11
2.6869852260233917E-4     -3.4230219681523184E-11
2.688685914791339E-4      -3.4049281475131154E-11
2.6903866035592867E-4     -3.386828300965595E-11
2.692087292327234E-4      -3.368722428509757E-11
2.6937879810951817E-4     -3.350610530145602E-11
2.695488669863129E-4      -3.3324926312359246E-11
2.697189358631077E-4      -3.3143687572776676E-11
2.6988900473990247E-4     -3.29623890827083E-11
2.700590736166972E-4      -3.278103084215414E-11
2.70229142493492E-4       -3.259961285111419E-11
2.703992113702868E-4      -3.241813510958844E-11
2.705692802470816E-4      -3.223659787137003E-11
2.7073934912387633E-4     -3.2055001391521916E-11
2.7090941800067114E-4     -3.187334567004409E-11
2.710794868774659E-4      -3.169163070693656E-11
2.712495557542607E-4      -3.1509856502199325E-11
2.7141962463105544E-4     -3.132802305583238E-11
2.715896935078502E-4      -3.11461306217899E-11
2.7175976238464494E-4     -3.0964179455221574E-11
2.719298312614397E-4      -3.0782169556127414E-11
2.7209990013823444E-4     -3.060010092450741E-11
2.722699690150292E-4      -3.041797356036157E-11
2.7244003789182394E-4     -3.0235787463689884E-11
2.7261010676861875E-4     -3.0053542888602565E-11
2.727801756454135E-4      -2.987124009032997E-11
2.7295024452220825E-4     -2.9688879068872094E-11
2.73120313399003E-4       -2.950645982422894E-11
2.7329038227579775E-4     -2.932398235640052E-11
2.734604511525925E-4      -2.9141446665386815E-11
2.7363052002938725E-4     -2.895885300544897E-11
2.7380058890618205E-4     -2.8776201631891908E-11
2.7397065778297675E-4     -2.8593492544715628E-11
2.7414072665977155E-4     -2.8410725743920138E-11
2.743107955365663E-4      -2.8227901229505435E-11
2.7448086441336105E-4     -2.8045019001471522E-11
2.7465093329015586E-4     -2.7862079314225512E-11
2.748210021669506E-4      -2.767908242314067E-11
2.7499107104374536E-4     -2.7496028328216995E-11
2.751611399205401E-4      -2.7312917029454494E-11
2.7533120879733486E-4     -2.7129748526853166E-11
2.7550127767412966E-4     -2.694652282041301E-11
2.756713465509244E-4      -2.6763240164682505E-11
2.758414154277192E-4      -2.6579900815096816E-11
2.7601148430451397E-4     -2.6396504771655945E-11
2.761815531813087E-4      -2.6213052034359894E-11
2.7635162205810347E-4     -2.602954260320866E-11
2.765216909348982E-4      -2.584597647820224E-11
2.7669175981169297E-4     -2.566235391402592E-11
2.768618286884878E-4      -2.547867516617039E-11
2.770318975652825E-4      -2.529494023463565E-11
2.7720196644207733E-4     -2.5111149119421702E-11
2.773720353188721E-4      -2.4927301820528546E-11
2.7754210419566683E-4     -2.474339833795618E-11
2.777121730724616E-4      -2.4559438926522234E-11
2.778822419492564E-4      -2.4375423841766442E-11
2.7805231082605114E-4     -2.4191353083688805E-11
2.782223797028459E-4      -2.4007226652289322E-11
2.783924485796407E-4      -2.3823044547568E-11
2.7856251745643544E-4     -2.3638806769524832E-11
2.787325863332302E-4      -2.3454513573105416E-11
2.7890265521002494E-4     -2.327016521389194E-11
2.790727240868197E-4      -2.30857616918844E-11
2.7924279296361444E-4     -2.2901303007082798E-11
2.794128618404092E-4      -2.2716789159487138E-11
2.7958293071720394E-4     -2.2532220149097413E-11
2.7975299959399875E-4     -2.2347596230982684E-11
2.799230684707935E-4      -2.216291766076112E-11
2.800931373475883E-4      -2.1978184438432708E-11
2.8026320622438305E-4     -2.1793396563997457E-11
2.8043327510117786E-4     -2.160855403745536E-11
2.806033439779726E-4      -2.1423656858806425E-11
2.8077341285476736E-4     -2.1238705283238828E-11
2.809434817315621E-4      -2.1053699566400112E-11
2.8111355060835686E-4     -2.0868639708290277E-11
2.812836194851516E-4      -2.068352570890932E-11
2.8145368836194636E-4     -2.0498357568257247E-11
2.816237572387411E-4      -2.031313528633405E-11
2.817938261155359E-4      -2.0127859118442558E-11
2.8196389499233066E-4     -1.9942529320253247E-11
2.821339638691254E-4      -1.9757145891766113E-11
2.8230403274592016E-4     -1.957170883298116E-11
2.824741016227149E-4      -1.9386218143898386E-11
2.8264417049950967E-4     -1.9200673824517795E-11
2.828142391913719E-4      -1.9015076332099077E-11
2.8298430788323417E-4     -1.8829425720598512E-11
2.831543765750964E-4      -1.8643721990016094E-11
2.833244452669586E-4      -1.8457965140351827E-11
2.8349451395882084E-4     -1.8272155171605712E-11
2.8366458265068306E-4     -1.8086292083777745E-11
2.8383338426156093E-4     -1.790176147924444E-11
2.8400218587243875E-4     -1.7717179045948104E-11
2.841709874833166E-4      -1.7532544783888743E-11
2.8433978909419444E-4     -1.734785869306635E-11
2.8450859070507225E-4     -1.7163120773480933E-11
2.846773923159501E-4      -1.6978331025132486E-11
2.8484226869974994E-4     -1.679778849582722E-11
2.850071450835497E-4      -1.6617196991578833E-11
2.851720214673495E-4      -1.643655651238733E-11
2.853368978511493E-4      -1.6255867058252704E-11
2.855017742349491E-4      -1.6075128629174964E-11
2.856666506187489E-4      -1.5894341225154102E-11
2.8582628449681633E-4     -1.5719255808143214E-11
2.859859183748838E-4      -1.5544124911019983E-11
2.861455522529512E-4      -1.5368948533784413E-11
2.8630518613101863E-4     -1.5193726676436504E-11
2.864648200090861E-4      -1.5018459338976252E-11
2.8662445388715353E-4     -1.484314652140366E-11
2.8677901195100846E-4     -1.4673364928973184E-11
2.869335700148634E-4      -1.4503541092890653E-11
2.870881280787183E-4      -1.4333675013156076E-11
2.872426861425732E-4      -1.4163766689769449E-11
2.8739724420642814E-4     -1.3993816122730772E-11
2.8755180227028307E-4     -1.3823823312040046E-11
2.8770144591355165E-4     -1.365919563293255E-11
2.878510895568202E-4      -1.3494528708081413E-11
2.8800073320008876E-4     -1.332982253748663E-11
2.8815037684335734E-4     -1.3165077121148205E-11
2.8830002048662587E-4     -1.3000292459066135E-11
2.8844966412989445E-4     -1.2835468551240424E-11
2.885945496144342E-4      -1.2675848260499574E-11
2.88739435098974E-4       -1.2516191501616071E-11
2.888843205835137E-4      -1.2356498274589917E-11
2.8902920606805346E-4     -1.2196768579421111E-11
2.891740915525932E-4      -1.2037002416109655E-11
2.8931897703713294E-4     -1.1877199784655545E-11
2.894592556562055E-4      -1.1722443741496278E-11
2.895995342752781E-4      -1.1567653804286072E-11
2.897398128943506E-4      -1.1412829973024932E-11
2.898800915134232E-4      -1.1257972247712856E-11
2.900203701324957E-4      -1.1103080628349845E-11
2.901606487515683E-4      -1.0948155114935899E-11
2.9029646698782384E-4     -1.0798123552317854E-11
2.904322852240794E-4      -1.0648060481702369E-11
2.9056810346033497E-4     -1.0497965903089443E-11
2.907039216965905E-4      -1.0347839816479078E-11
2.9083973993284604E-4     -1.0197682221871273E-11
2.909755581691016E-4      -1.0047493119266027E-11
2.9110705784754005E-4     -9.9020496261242E-12
2.9123855752597843E-4     -9.756576837251617E-12
2.913700572044168E-4      -9.61107475264828E-12
2.915015568828552E-4      -9.465543372314187E-12
2.9163305656129364E-4     -9.319982696249343E-12
2.9176455623973203E-4     -9.174392724453742E-12
2.918918746758003E-4      -9.033404221435908E-12
2.9201919311186853E-4     -8.892388474297781E-12
2.921465115479368E-4      -8.751345483039363E-12
2.9227382998400504E-4     -8.610275247660651E-12
2.9240114842007324E-4     -8.46917776816165E-12
2.925284668561415E-4      -8.328053044542355E-12
2.926517369991221E-4      -8.191389754039563E-12
2.927750071421027E-4      -8.054701122473321E-12
2.928982772850833E-4      -7.91798714984363E-12
2.930215474280639E-4      -7.781247836150492E-12
2.9314481757104446E-4     -7.644483181393902E-12
2.932680877140251E-4      -7.507693185573866E-12
2.933874382858653E-4      -7.375228596755975E-12
2.935067888577056E-4      -7.24274043253536E-12
2.936261394295458E-4      -7.1102286929120215E-12
2.93745490001386E-4       -6.977693377885958E-12
2.938648405732263E-4      -6.845134487457171E-12
2.9398419114506653E-4     -6.712552021625661E-12
2.940997467747933E-4      -6.584162851122739E-12
2.942153024045201E-4      -6.4557517437715154E-12
2.943308580342469E-4      -6.3273186995719896E-12
2.9444641366397365E-4     -6.1988637185241615E-12
2.9456196929370047E-4     -6.070386800628033E-12
2.9467752492342723E-4     -5.941887945883602E-12
2.9478940627728807E-4     -5.8174540946985E-12
2.949012876311489E-4      -5.692999827606099E-12
2.950131689850097E-4      -5.5685251446064E-12
2.9512505033887053E-4     -5.444030045699404E-12
2.9523693169273136E-4     -5.3195145308851106E-12
2.953488130465922E-4      -5.194978600163519E-12
2.9545713695405807E-4     -5.07438310734557E-12
2.95565460861524E-4       -4.95376861070995E-12
2.956737847689898E-4      -4.8331351102566605E-12
2.957821086764557E-4      -4.7124826059857E-12
2.958904325839216E-4      -4.591811097897072E-12
2.9599875649138744E-4     -4.471120585990772E-12
2.961036360671493E-4      -4.3542495795536476E-12
2.9620851564291114E-4     -4.23736088062863E-12
2.96313395218673E-4       -4.120454489215721E-12
2.964182747944348E-4      -4.003530405314919E-12
2.9652315437019667E-4     -3.886588628926224E-12
2.966280339459585E-4      -3.7696291600496365E-12
2.967295787080446E-4      -3.656371805574889E-12
2.968311234701307E-4      -3.5430979766612595E-12
2.9693266823221676E-4     -3.42980767330875E-12
2.9703421299430286E-4     -3.3165008955173584E-12
2.971357577563889E-4      -3.203177643287087E-12
2.97237302518475E-4       -3.089837916617934E-12
2.9733561850261254E-4     -2.980086363946015E-12
2.9743393448675013E-4     -2.8703194685236443E-12
2.975322504708876E-4      -2.760537230350821E-12
2.976305664550252E-4      -2.6507396494275457E-12
2.9772888243916274E-4     -2.5409267257538183E-12
2.9782719842330027E-4     -2.431098459329639E-12
2.979223882936408E-4      -2.3247477877232193E-12
2.9801757816398135E-4     -2.218382825111991E-12
2.9811276803432186E-4     -2.1120035714959534E-12
2.9820795790466237E-4     -2.0056100268751074E-12
2.9830314777500293E-4     -1.899202191249453E-12
2.9839833764534345E-4     -1.7927800646189895E-12
2.9849050080166744E-4     -1.6897282267252192E-12
2.985826639579914E-4      -1.5866630756001999E-12
2.9867482711431526E-4     -1.483584611243932E-12
2.9876699027063926E-4     -1.3804928336564151E-12
2.988591534269632E-4      -1.2773877428376499E-12
2.9895131658328714E-4     -1.1742693387876359E-12
2.990405492601034E-4      -1.0744171089755758E-12
2.991297819369197E-4      -9.745524754224384E-13
2.99219014613736E-4       -8.746754381282234E-13
2.9930824729055227E-4     -7.747859970929314E-13
2.9939747996736855E-4     -6.748841523165619E-13
2.994867126441848E-4      -5.749699037991153E-13
2.9957226053682064E-4     -4.791699133552503E-13
2.9965780842945656E-4     -3.8335859216899026E-13
2.997433563220924E-4      -2.875359402403352E-13
2.9982890421472824E-4     -1.9170195756928512E-13
2.999144521073641E-4      -9.585664415584001E-14
3.0E-4                    0
