% Model:              PLacek_MembTVNJ_ArticleDims_Rh100um_hg10um_To2MHz_PHedit.mph
% Version:            COMSOL 6.3.0.420
% Date:               Aug 12 2025, 09:40
% Dimension:          1
% Nodes:              1801
% Expressions:        1
% Description:        Line graph
% Arc length (m)          real(xi)
0                         1.355708133860847E-10
1.6835192320072636E-7     1.3557068838611241E-10
3.367038464014527E-7      1.3557031339411428E-10
5.050557696021791E-7      1.3556968841009025E-10
6.734076928029054E-7      1.3556881343404034E-10
8.417596160036319E-7      1.3556768846596458E-10
1.0101115392043582E-6     1.355663135058629E-10
1.1801802473622774E-6     1.3556467070482322E-10
1.3502489555201964E-6     1.355627728213649E-10
1.5203176636781154E-6     1.3556061985548797E-10
1.6903863718360344E-6     1.3555821180719244E-10
1.8604550799939534E-6     1.3555554867647832E-10
2.0305237881518723E-6     1.355526304633456E-10
2.200592664946635E-6      1.3554945718957961E-10
2.370661541741397E-6      1.3554602890149027E-10
2.5407304185361593E-6     1.3554234559907755E-10
2.710799295330922E-6      1.355384072823415E-10
2.880868172125684E-6      1.355342139512821E-10
3.0509370489204466E-6     1.3552976560589934E-10
3.2210059257152087E-6     1.3552506228696206E-10
3.3910748025099717E-6     1.3552010405712168E-10
3.5611436793047335E-6     1.3551489091637816E-10
3.731212556099496E-6      1.3550942286473153E-10
3.901281432894258E-6      1.3550369990218182E-10
4.07135030968902E-6       1.3549772202872898E-10
4.2414191864837825E-6     1.3549148930305674E-10
4.411488063278545E-6      1.354850018050657E-10
4.581556940073307E-6      1.354782595347558E-10
4.751625816868069E-6      1.3547126249212704E-10
4.921694693662831E-6      1.3546401067717947E-10
5.091763570457593E-6      1.3545650408991307E-10
5.261832447252356E-6      1.3544874280596665E-10
5.4319013240471185E-6     1.3544072692294196E-10
5.601970200841881E-6      1.3543245644083892E-10
5.772039077636643E-6      1.3542393135965757E-10
5.942107954431407E-6      1.3541515167939793E-10
6.112176831226169E-6      1.3540611740005996E-10
6.282245708020931E-6      1.3539682861442327E-10
6.452314584815693E-6      1.3538728543754183E-10
6.622383461610455E-6      1.3537748786941566E-10
6.7924523384052175E-6     1.353674359100447E-10
6.96252121519998E-6       1.3535712955942902E-10
7.132590091994742E-6      1.3534656881756858E-10
7.302658968789505E-6      1.3533575379446993E-10
7.472727845584267E-6      1.353246846225909E-10
7.642796722379028E-6      1.3531336130193146E-10
7.812865599173792E-6      1.353017838324916E-10
7.982934475968554E-6      1.3528995221427134E-10
8.153003352763316E-6      1.3527786644727072E-10
8.323072229558079E-6      1.352655266587273E-10
8.493141106352842E-6      1.3525293299844783E-10
8.663209983147605E-6      1.3524008546643221E-10
8.833278859942367E-6      1.3522698406268051E-10
9.003347736737129E-6      1.3521362878719273E-10
9.173416613531891E-6      1.3520001963996886E-10
9.343485490326653E-6      1.3518615676543882E-10
9.513554367121415E-6      1.351720403307239E-10
9.683623243916178E-6      1.3515767033582412E-10
9.853692120710938E-6      1.3514304678073946E-10
1.00237609975057E-5       1.3512816966547E-10
1.0193829874300462E-5     1.3511303899001563E-10
1.0363898751095225E-5     1.3509765491599043E-10
1.0533967627889988E-5     1.350820176277856E-10
1.070403650468475E-5      1.3506612712540107E-10
1.0874105381479513E-5     1.3504998340883692E-10
1.1044174258274277E-5     1.3503358647809314E-10
1.1214243135069039E-5     1.350169363331697E-10
1.1384312011863803E-5     1.3500003315287056E-10
1.1554380888658565E-5     1.3498287713880596E-10
1.1724449765453327E-5     1.349654682909759E-10
1.1894518642248089E-5     1.3494780660938036E-10
1.2064587519042851E-5     1.3492989209401937E-10
1.2234656395837613E-5     1.349117247448929E-10
1.2404725272632376E-5     1.3489330475799262E-10
1.257479414942714E-5      1.3487463235209605E-10
1.27448630262219E-5       1.3485570752720315E-10
1.2914931903016664E-5     1.348365302833139E-10
1.3085000779811424E-5     1.3481710062042838E-10
1.3255069656606186E-5     1.3479741853854652E-10
1.3425138533400948E-5     1.3477748425083267E-10
1.3595207410195712E-5     1.347572979931812E-10
1.3765276286990473E-5     1.3473685976559212E-10
1.3935345163785237E-5     1.347161695680655E-10
1.4105414040579997E-5     1.346952274006013E-10
1.427548291737476E-5      1.346740332631995E-10
1.4445551794169521E-5     1.3465258738617823E-10
1.4615620670964285E-5     1.3463089002249545E-10
1.4785689547759046E-5     1.3460894117215111E-10
1.495575842455381E-5      1.3458674083514523E-10
1.5125827301348572E-5     1.3456428901147782E-10
1.5295896178143334E-5     1.3454158570114885E-10
1.5465965054938098E-5     1.3451863115161146E-10
1.5636033931732858E-5     1.3449542563283067E-10
1.580610280852762E-5      1.3447196914480644E-10
1.5976171685322383E-5     1.344482616875388E-10
1.6146240562117146E-5     1.344243032610278E-10
1.6316309438911907E-5     1.3440009386527336E-10
1.648637831570667E-5      1.3437563376484111E-10
1.665644719250143E-5      1.3435092324664745E-10
1.6826516069296195E-5     1.3432596231069237E-10
1.6996584946090956E-5     1.343007509569759E-10
1.716665382288572E-5      1.3427528918549806E-10
1.733672269968048E-5      1.342495769962588E-10
1.7506791576475244E-5     1.3422361467090252E-10
1.7676860453270008E-5     1.341974025132455E-10
1.7846929330064768E-5     1.3417094052328776E-10
1.8016998206859532E-5     1.341442287010292E-10
1.8187067083654292E-5     1.3411726704646998E-10
1.8357135960449056E-5     1.3409005555960995E-10
1.852720483724382E-5      1.3406259453914982E-10
1.8697273714038584E-5     1.3403488430575119E-10
1.8867342590833344E-5     1.3400692485941402E-10
1.9037411467628108E-5     1.339787162001383E-10
1.9207480344422872E-5     1.339502583279241E-10
1.9377549221217633E-5     1.3392155124277132E-10
1.9547618098012396E-5     1.3389259526037474E-10
1.9717686974807157E-5     1.3386339071819907E-10
1.9887755851601917E-5     1.3383393761624432E-10
2.005782472839668E-5      1.338042359545105E-10
2.0227893605191438E-5     1.3377428573299763E-10
2.0397962481986202E-5     1.3374408695170564E-10
2.0568031358780966E-5     1.3371363994326754E-10
2.073810023557573E-5      1.3368294506190308E-10
2.090816911237049E-5      1.3365200230761227E-10
2.1078237989165254E-5     1.3362081168039512E-10
2.1248306865960018E-5     1.3358937318025165E-10
2.141837574275478E-5      1.335576868071818E-10
2.1588444619549542E-5     1.3352575291069544E-10
2.1758513496344303E-5     1.334935718617172E-10
2.1928582373139063E-5     1.3346114366024713E-10
2.2098651249933827E-5     1.3342846830628517E-10
2.2268720126728584E-5     1.3339554579983137E-10
2.2438789003523348E-5     1.333623761408857E-10
2.2608857880318112E-5     1.3332895969577203E-10
2.2778926757112876E-5     1.3329529685206644E-10
2.2948995633907636E-5     1.3326138760976898E-10
2.3119064510702397E-5     1.3322723196887962E-10
2.3289133387497164E-5     1.3319282992939843E-10
2.3459202264291924E-5     1.3315818149132534E-10
2.3629271141086688E-5     1.3312328703773892E-10
2.379934001788145E-5      1.3308814697281042E-10
2.396940889467621E-5      1.3305276129653986E-10
2.4139477771470973E-5     1.3301713000892725E-10
2.4309546648265737E-5     1.3298125310997259E-10
2.4479615525060497E-5     1.3294513059967584E-10
2.464968440185526E-5      1.329087628778062E-10
2.481975327865002E-5      1.3287215036506866E-10
2.4989822155444785E-5     1.3283529306146324E-10
2.515989103223955E-5      1.3279819096698995E-10
2.532995990903431E-5      1.3276084408164879E-10
2.5500028785829074E-5     1.3272325240543976E-10
2.5670097662623834E-5     1.3268541635476E-10
2.5840166539418598E-5     1.3264733636678214E-10
2.6010235416213362E-5     1.3260901244150617E-10
2.6180304293008122E-5     1.325704445789321E-10
2.6350373169802883E-5     1.3253163277905997E-10
2.6520442046597647E-5     1.324925770418897E-10
2.669051092339241E-5      1.324532778003833E-10
2.686057980018717E-5      1.3241373550811182E-10
2.703064867698193E-5      1.323739501650752E-10
2.7200717553776692E-5     1.323339217712735E-10
2.7370786430571456E-5     1.3229365032670666E-10
2.7540855307366216E-5     1.3225313583137477E-10
2.771092418416098E-5      1.322123787347335E-10
2.7880993060955744E-5     1.3217137950668007E-10
2.8051061937750504E-5     1.3213013814721447E-10
2.8221130814545265E-5     1.3208865465633674E-10
2.839119969134003E-5      1.320469290340468E-10
2.8561268568134793E-5     1.3200496128034477E-10
2.8731337444929556E-5     1.3196275186111163E-10
2.890140632172432E-5      1.3192030126249577E-10
2.907147519851908E-5      1.3187760948449713E-10
2.9241544075313845E-5     1.318346765271158E-10
2.9411612952108605E-5     1.3179150239035167E-10
2.958168182890337E-5      1.3174808707420482E-10
2.975175070569813E-5      1.3170443106090673E-10
2.9921819582492897E-5     1.316605348527788E-10
3.0091888459287654E-5     1.3161639844982108E-10
3.0261957336082418E-5     1.3157202185203355E-10
3.0432026212877178E-5     1.315274050594162E-10
3.060209508967194E-5      1.3148254807196905E-10
3.07721639664667E-5       1.314374513881917E-10
3.0942232843261466E-5     1.313921155264981E-10
3.111230172005623E-5      1.313465404868882E-10
3.1282370596850994E-5     1.3130072626936205E-10
3.145243947364575E-5      1.3125467287391967E-10
3.1622508350440515E-5     1.31208380300561E-10
3.179257722723528E-5      1.3116184906399229E-10
3.196264610403004E-5      1.3111507969863725E-10
3.21327149808248E-5       1.3106807220449582E-10
3.2302783857619563E-5     1.3102082658156805E-10
3.247285273441433E-5      1.309733428298539E-10
3.264292161120909E-5      1.3092562094935342E-10
3.2812990488003855E-5     1.308776614708876E-10
3.298305936479862E-5      1.3082946494480358E-10
3.315312824159338E-5      1.307810313711015E-10
3.332319711838814E-5      1.3073236074978126E-10
3.3493265995182904E-5     1.3068345308084295E-10
3.366333487197767E-5      1.306343083642865E-10
3.383340374877243E-5      1.30584927146969E-10
3.400347262556719E-5      1.305353099950721E-10
3.417354150236195E-5      1.3048545690859578E-10
3.434361037915671E-5      1.3043536788754007E-10
3.4513679255951466E-5     1.3038504293190498E-10
3.468374813274623E-5      1.303344820416905E-10
3.4853817009540994E-5     1.3028368577970062E-10
3.502388588633576E-5      1.3023265472785906E-10
3.519395476313052E-5      1.3018138888616586E-10
3.5364023639925286E-5     1.3012988825462106E-10
3.553409251672005E-5      1.3007815283322464E-10
3.5704161393514813E-5     1.3002618262197656E-10
3.587423027030958E-5      1.2997397819954238E-10
3.604429914710434E-5      1.299215401634931E-10
3.6214368023899105E-5     1.298688685138287E-10
3.638443690069387E-5      1.2981596325054923E-10
3.655450577748863E-5      1.297628243736547E-10
3.672457465428339E-5      1.2970945188314508E-10
3.6894643531078154E-5     1.2965584637345536E-10
3.706471240787292E-5      1.2960200845770547E-10
3.7234781284667675E-5     1.2954793813589543E-10
3.740485016146244E-5      1.2949363540802524E-10
3.7574919038257195E-5     1.2943910027409487E-10
3.774498791505196E-5      1.2938433273410435E-10
3.791505679184672E-5      1.293293333981624E-10
3.808512566864148E-5      1.2927410289483503E-10
3.8255194545436244E-5     1.2921864122412214E-10
3.842526342223101E-5      1.291629483860238E-10
3.8595332299025765E-5     1.2910702438054004E-10
3.876540117582053E-5      1.290508692076708E-10
3.893547005261529E-5      1.2899448349310412E-10
3.910553892941006E-5      1.2893786788074747E-10
3.927560780620482E-5      1.2888102237060086E-10
3.9445676682999584E-5     1.2882394696266428E-10
3.961574555979435E-5      1.2876664165693772E-10
3.978581443658911E-5      1.2870910645342123E-10
3.995588331338387E-5      1.2865134199328803E-10
4.012595219017863E-5      1.285933489356815E-10
4.02960210669734E-5       1.2853512728060157E-10
4.0466089943768154E-5     1.2847667702804832E-10
4.063615882056292E-5      1.2841799817802168E-10
4.0806227697357675E-5     1.2835909073052168E-10
4.097629657415244E-5      1.2829995534211083E-10
4.11463654509472E-5       1.2824059268705913E-10
4.1316434327741966E-5     1.2818100276536658E-10
4.148650320453673E-5      1.281211855770332E-10
4.165657208133149E-5      1.2806114112205898E-10
4.182664095812625E-5      1.280008694004439E-10
4.1996709834921015E-5     1.2794037108403934E-10
4.216677871171578E-5      1.2787964686212935E-10
4.233684758851054E-5      1.2781869673471382E-10
4.2506916465305307E-5     1.2775752070179277E-10
4.267698534210007E-5      1.2769611876336624E-10
4.2847054218894834E-5     1.2763449091943423E-10
4.30171230956896E-5       1.2757263785703139E-10
4.3187191972484355E-5     1.275105602803389E-10
4.335726084927912E-5      1.2744825818935682E-10
4.3527329726073876E-5     1.2738573158408511E-10
4.369739860286864E-5      1.2732298046452382E-10
4.38674674796634E-5       1.272600048306729E-10
4.403753635645816E-5      1.2719680538463903E-10
4.4207605233252925E-5     1.271333828453828E-10
4.437767411004769E-5      1.2706973721290425E-10
4.454774298684245E-5      1.2700586848720333E-10
4.471781186363721E-5      1.269417766682801E-10
4.4887880740431973E-5     1.268774617561345E-10
4.505794961722674E-5      1.2681292446783907E-10
4.52280184940215E-5       1.2674816553701196E-10
4.539808737081626E-5      1.266831849636531E-10
4.556815624761102E-5      1.2661798274776257E-10
4.5738225124405786E-5     1.2655255888934032E-10
4.590829400120055E-5      1.2648691338838639E-10
4.6078362877995314E-5     1.2642104697683246E-10
4.624843175479008E-5      1.2635496040282018E-10
4.641850063158484E-5      1.2628865366634954E-10
4.65885695083796E-5       1.2622212676742054E-10
4.675863838517436E-5      1.2615537970603317E-10
4.6928707261969126E-5     1.2608841248218745E-10
4.709877613876389E-5      1.2602122584248185E-10
4.7268845015558654E-5     1.259538205494593E-10
4.743891389235341E-5      1.2588619660311981E-10
4.7608982769148175E-5     1.258183540034634E-10
4.777905164594294E-5      1.2575029275049008E-10
4.79491205227377E-5       1.2568201284419983E-10
4.8119189399532466E-5     1.256135150458614E-10
4.828925827632723E-5      1.2554480013230368E-10
4.845932715312199E-5      1.254758681035267E-10
4.8629396029916744E-5     1.2540671895953043E-10
4.8799464906711515E-5     1.2533735270031491E-10
4.896953378350627E-5      1.2526776932588013E-10
4.9139602660301036E-5     1.2519796961198575E-10
4.93096715370958E-5       1.2512795434959815E-10
4.947974041389056E-5      1.2505772353871731E-10
4.9649809290685314E-5     1.2498727717934325E-10
4.981987816748008E-5      1.2491661527147596E-10
4.998994704427484E-5      1.2484573781511546E-10
5.0160015921069605E-5     1.2477464560039363E-10
5.033008479786437E-5      1.2470333943228217E-10
5.050015367465913E-5      1.2463181931078112E-10
5.067022255145389E-5      1.2456008523589045E-10
5.0840291428248654E-5     1.244881372076102E-10
5.101036030504342E-5      1.244159752259403E-10
5.1180429181838175E-5     1.2434360009525276E-10
5.135049805863294E-5      1.2427101263438455E-10
5.15205669354277E-5       1.2419821284333565E-10
5.169063581222245E-5      1.2412520072210607E-10
5.1860704689017224E-5     1.2405197627069582E-10
5.203077356581198E-5      1.2397853948910488E-10
5.2200842442606745E-5     1.2390489119581445E-10
5.237091131940151E-5      1.2383103222338798E-10
5.254098019619627E-5      1.2375696257182545E-10
5.2711049072991036E-5     1.2368268224112686E-10
5.28811179497858E-5       1.2360819123129226E-10
5.3051186826580564E-5     1.2353348954232158E-10
5.322125570337533E-5      1.234585780066728E-10
5.339132458017009E-5      1.2338345747049337E-10
5.3561393456964855E-5     1.2330812793378333E-10
5.373146233375962E-5      1.2323258939654267E-10
5.390153121055438E-5      1.2315684185877136E-10
5.407160008734914E-5      1.2308088532046946E-10
5.4241668964143904E-5     1.2300472062793426E-10
5.441173784093867E-5      1.22928348640751E-10
5.4581806717733425E-5     1.2285176935891967E-10
5.475187559452819E-5      1.2277498278244027E-10
5.492194447132294E-5      1.2269798891131287E-10
5.50920133481177E-5       1.2262078774553738E-10
5.526208222491247E-5      1.2254338014511073E-10
5.543215110170724E-5      1.2246576698290764E-10
5.5602219978501995E-5     1.2238794825892806E-10
5.577228885529676E-5      1.22309923973172E-10
5.594235773209153E-5      1.2223169412563944E-10
5.611242660888629E-5      1.2215325871633042E-10
5.628249548568105E-5      1.220746186187958E-10
5.6452564362475814E-5     1.21995774719048E-10
5.662263323927058E-5      1.2191672701708697E-10
5.679270211606533E-5      1.218374755129128E-10
5.69627709928601E-5       1.217580202065254E-10
5.7132839869654856E-5     1.2167836109792486E-10
5.730290874644962E-5      1.2159849907406399E-10
5.747297762324438E-5      1.2151843503393335E-10
5.764304650003915E-5      1.21438168977533E-10
5.781311537683391E-5      1.2135770090486287E-10
5.7983184253628675E-5     1.2127703081592304E-10
5.815325313042344E-5      1.2119615871071345E-10
5.83233220072182E-5       1.211150854894381E-10
5.8493390884012966E-5     1.2103381206389575E-10
5.866345976080773E-5      1.2095233843408642E-10
5.8833528637602494E-5     1.2087066460001008E-10
5.900359751439725E-5      1.207887905616668E-10
5.9173666391192015E-5     1.207067163190565E-10
5.934373526798678E-5      1.2062444278548795E-10
5.951380414478154E-5      1.2054197088539468E-10
5.96838730215763E-5       1.204593006187767E-10
5.9853941898371064E-5     1.2037643198563395E-10
6.0024010775165814E-5     1.202933649859665E-10
6.019407965196058E-5      1.2021009961977428E-10
6.036414852875534E-5      1.2012663681333666E-10
6.0534217405550106E-5     1.2004297750355138E-10
6.070428628234486E-5      1.1995912169041847E-10
6.087435515913962E-5      1.198750693739379E-10
6.104442403593438E-5      1.1979082055410972E-10
6.121449291272915E-5      1.197063752309339E-10
6.138456178952391E-5      1.1962173434355587E-10
6.155463066631868E-5      1.1953689884114873E-10
6.172469954311344E-5      1.194518687237125E-10
6.18947684199082E-5       1.1936664399124716E-10
6.206483729670297E-5      1.1928122464375273E-10
6.223490617349773E-5      1.191956106812292E-10
6.24049750502925E-5       1.1910980305555778E-10
6.257504392708726E-5      1.1902380272798762E-10
6.274511280388202E-5      1.1893760969851873E-10
6.291518168067679E-5      1.1885122396715112E-10
6.308525055747155E-5      1.1876464553388478E-10
6.325531943426631E-5      1.1867787439871972E-10
6.342538831106108E-5      1.185909115260901E-10
6.359545718785583E-5      1.1850375788913483E-10
6.376552606465059E-5      1.1841641348785392E-10
6.393559494144536E-5      1.1832887832224737E-10
6.41056638182401E-5       1.1824115239231524E-10
6.427573269503487E-5      1.1815323569805742E-10
6.444580157182963E-5      1.1806512921626886E-10
6.461587044862441E-5      1.1797683393180135E-10
6.478593932541916E-5      1.1788834984465484E-10
6.495600820221393E-5      1.177996769548294E-10
6.512607707900869E-5      1.1771081526232504E-10
6.529614595580345E-5      1.1762176476714169E-10
6.546621483259822E-5      1.1753252645825214E-10
6.5636283709393E-5        1.17443101332041E-10
6.580635258618774E-5      1.1735348938850823E-10
6.597642146298251E-5      1.172636906276538E-10
6.614649033977727E-5      1.171737050494778E-10
6.631655921657204E-5      1.1708353265398013E-10
6.64866280933668E-5       1.1699317444212795E-10
6.665669697016156E-5      1.1690263142165072E-10
6.682676584695633E-5      1.1681190359254843E-10
6.699683472375108E-5      1.1672099095482107E-10
6.716690360054584E-5      1.1662989350846867E-10
6.73369724773406E-5       1.165386112534912E-10
6.750704135413537E-5      1.164471452026625E-10
6.767711023093013E-5      1.1635549637486531E-10
6.784717910772488E-5      1.1626366477009963E-10
6.801724798451965E-5      1.1617165038836549E-10
6.818731686131441E-5      1.1607945322966291E-10
6.835738573810918E-5      1.1598707329399186E-10
6.852745461490394E-5      1.1589451160574549E-10
6.86975234916987E-5       1.1580176919475952E-10
6.886759236849347E-5      1.1570884606103395E-10
6.903766124528822E-5      1.1561574220456878E-10
6.920773012208298E-5      1.1552245762536404E-10
6.937779899887774E-5      1.1542899232341968E-10
6.954786787567251E-5      1.1533534733455568E-10
6.971793675246727E-5      1.1524152369935111E-10
6.988800562926202E-5      1.1514752141780599E-10
7.005807450605679E-5      1.1505334048992029E-10
7.022814338285155E-5      1.1495898091569407E-10
7.039821225964631E-5      1.1486444269512726E-10
7.056828113644108E-5      1.1476972687526881E-10
7.073835001323584E-5      1.1467483450722415E-10
7.09084188900306E-5       1.1457976559099339E-10
7.107848776682537E-5      1.1448452012657646E-10
7.124855664362013E-5      1.143890981139734E-10
7.14186255204149E-5       1.1429349955318418E-10
7.158869439720966E-5      1.1419772550229391E-10
7.175876327400443E-5      1.141017770227046E-10
7.192883215079919E-5      1.1400565411441619E-10
7.209890102759395E-5      1.1390935677742872E-10
7.226896990438872E-5      1.1381288501174219E-10
7.243903878118348E-5      1.137162388173566E-10
7.260910765797824E-5      1.1361941926321487E-10
7.277917653477301E-5      1.1352242742076178E-10
7.294924541156777E-5      1.1342526328999732E-10
7.311931428836252E-5      1.1332792687092153E-10
7.32893831651573E-5       1.1323041816353438E-10
7.345945204195205E-5      1.131327371678359E-10
7.362952091874681E-5      1.1303488496344147E-10
7.379958979554158E-5      1.1293686263156721E-10
7.396965867233633E-5      1.128386701722132E-10
7.413972754913108E-5      1.127403075853794E-10
7.430979642592586E-5      1.1264177487106585E-10
7.44798653027206E-5       1.1254307202927251E-10
7.464993417951538E-5      1.1244420015008341E-10
7.482000305631013E-5      1.1234516032420499E-10
7.499007193310491E-5      1.1224595255163723E-10
7.516014080989968E-5      1.1214657683238016E-10
7.533020968669444E-5      1.1204703316643378E-10
7.55002785634892E-5       1.1194732155379808E-10
7.567034744028397E-5      1.1184744309479473E-10
7.584041631707873E-5      1.1174739888934428E-10
7.601048519387348E-5      1.1164718893744675E-10
7.618055407066824E-5      1.1154681323910211E-10
7.6350622947463E-5        1.1144627179431038E-10
7.652069182425776E-5      1.1134556460307155E-10
7.669076070105252E-5      1.1124469277571888E-10
7.686082957784729E-5      1.1114365742110429E-10
7.703089845464205E-5      1.1104245853922779E-10
7.72009673314368E-5       1.109410961300894E-10
7.737103620823156E-5      1.1083957019368911E-10
7.754110508502633E-5      1.1073788073002692E-10
7.771117396182109E-5      1.1063602885920572E-10
7.788124283861586E-5      1.1053401569871395E-10
7.805131171541062E-5      1.1043184124855155E-10
7.822138059220538E-5      1.1032950550871853E-10
7.839144946900015E-5      1.1022700847921491E-10
7.856151834579491E-5      1.1012435016004068E-10
7.873158722258968E-5      1.1002153168077088E-10
7.890165609938444E-5      1.0991855416725694E-10
7.907172497617919E-5      1.0981541761949891E-10
7.924179385297395E-5      1.0971212203749674E-10
7.941186272976872E-5      1.0960866742125047E-10
7.958193160656348E-5      1.0950505377076006E-10
7.975200048335824E-5      1.0940128222472316E-10
7.992206936015301E-5      1.0929735391713086E-10
8.009213823694777E-5      1.0919326884798313E-10
8.026220711374252E-5      1.0908902701727999E-10
8.04322759905373E-5       1.0898462842502146E-10
8.060234486733205E-5      1.088800730712075E-10
8.077241374412683E-5      1.0877536210328948E-10
8.094248262092158E-5      1.0867049666321651E-10
8.111255149771634E-5      1.0856547675098856E-10
8.12826203745111E-5       1.0846030236660563E-10
8.145268925130588E-5      1.0835497351006774E-10
8.162275812810063E-5      1.0824949018137488E-10
8.179282700489541E-5      1.081438535363545E-10
8.196289588169016E-5      1.0803806472477251E-10
8.213296475848491E-5      1.0793212374662894E-10
8.230303363527969E-5      1.0782603060192378E-10
8.247310251207444E-5      1.0771978529065704E-10
8.26431713888692E-5       1.0761338781282871E-10
8.281324026566398E-5      1.0750683933225516E-10
8.298330914245874E-5      1.0740014100644715E-10
8.31533780192535E-5       1.0729329283540474E-10
8.332344689604827E-5      1.071862948191279E-10
8.349351577284304E-5      1.0707914695761667E-10
8.36635846496378E-5       1.06971849250871E-10
8.383365352643258E-5      1.068644028702997E-10
8.400372240322733E-5      1.0675680898118714E-10
8.417379128002208E-5      1.0664906758353328E-10
8.434386015681686E-5      1.0654117867733811E-10
8.45139290336116E-5       1.0643314226260167E-10
8.468399791040637E-5      1.0632495833932394E-10
8.485406678720113E-5      1.0621662808600891E-10
8.50241356639959E-5       1.0610815267598167E-10
8.519420454079065E-5      1.0599953210924219E-10
8.536427341758541E-5      1.058907663857905E-10
8.553434229438016E-5      1.057818555056266E-10
8.570441117117493E-5      1.0567279946875047E-10
8.587448004796969E-5      1.055635994603572E-10
8.604454892476445E-5      1.0545425666225544E-10
8.621461780155922E-5      1.0534477107444516E-10
8.638468667835397E-5      1.0523514269692641E-10
8.655475555514873E-5      1.0512537152969918E-10
8.67248244319435E-5       1.0501545757276344E-10
8.689489330873826E-5      1.0490540201753692E-10
8.706496218553302E-5      1.0479520605508586E-10
8.723503106232779E-5      1.0468486968541026E-10
8.740509993912255E-5      1.0457439290851014E-10
8.757516881591731E-5      1.044637757243855E-10
8.774523769271208E-5      1.0435301813303634E-10
8.791530656950684E-5      1.042421213318434E-10
8.80853754463016E-5       1.0413108652222226E-10
8.825544432309636E-5      1.0401991370417287E-10
8.842551319989112E-5      1.0390860287769528E-10
8.859558207668588E-5      1.037971540427895E-10
8.876565095348065E-5      1.0368556719945549E-10
8.893571983027541E-5      1.0357384355108901E-10
8.910578870707019E-5      1.0346198431085094E-10
8.927585758386494E-5      1.0334998947874128E-10
8.94459264606597E-5       1.0323785905476004E-10
8.961599533745447E-5      1.0312559303890721E-10
8.978606421424923E-5      1.030131914311828E-10
8.9956133091044E-5        1.029006554414909E-10
9.012620196783876E-5      1.027879862964451E-10
9.029627084463352E-5      1.0267518399604544E-10
9.046633972142827E-5      1.025622485402919E-10
9.063640859822305E-5      1.024491799291845E-10
9.08064774750178E-5       1.0233597816272321E-10
9.097654635181258E-5      1.0222264445833532E-10
9.114661522860733E-5      1.0210918005811117E-10
9.131668410540209E-5      1.0199558496205078E-10
9.148675298219686E-5      1.0188185917015412E-10
9.165682185899162E-5      1.0176800268242124E-10
9.182689073578638E-5      1.0165401549885209E-10
9.199695961258116E-5      1.0153989884600629E-10
9.216702848937591E-5      1.0142565398374566E-10
9.233709736617066E-5      1.0131128091207024E-10
9.250716624296544E-5      1.0119677963098002E-10
9.267723511976019E-5      1.01082150140475E-10
9.284730399655495E-5      1.009673924405552E-10
9.301737287334972E-5      1.0085250776920487E-10
9.31874417501445E-5       1.0073749740647803E-10
9.335751062693924E-5      1.0062236135237466E-10
9.3527579503734E-5        1.0050709960689479E-10
9.369764838052876E-5      1.0039171217003841E-10
9.386771725732352E-5      1.0027619904180553E-10
9.403778613411829E-5      1.0016056147464113E-10
9.420785501091305E-5      1.0004480077101326E-10
9.43779238877078E-5       9.992891693092189E-11
9.454799276450256E-5      9.981290995436706E-11
9.471806164129733E-5      9.969677984134875E-11
9.488813051809209E-5      9.958052659186697E-11
9.505819939488686E-5      9.946415147650505E-11
9.522826827168162E-5      9.934765582164765E-11
9.539833714847638E-5      9.923103962729476E-11
9.556840602527113E-5      9.911430289344638E-11
9.57384749020659E-5       9.899744562010254E-11
9.590854377886066E-5      9.88804678072632E-11
9.607861265565543E-5      9.87633707475586E-11
9.62486815324502E-5       9.864615579145625E-11
9.641875040924495E-5      9.85288229389562E-11
9.658881928603972E-5      9.84113721900584E-11
9.675888816283448E-5      9.829380354476291E-11
9.692895703962925E-5      9.817611700306967E-11
9.709902591642401E-5      9.805831388302772E-11
9.726909479321879E-5      9.794039555750636E-11
9.743916367001354E-5      9.782236202650555E-11
9.76092325468083E-5       9.770421329002532E-11
9.777930142360306E-5      9.758594934806569E-11
9.794937030039783E-5      9.746757020062662E-11
9.811943917719258E-5      9.7349077192966E-11
9.828950805398736E-5      9.723047171673082E-11
9.84595769307821E-5       9.711175377192104E-11
9.862964580757686E-5      9.69929233585367E-11
9.879971468437162E-5      9.687398047657778E-11
9.896978356116637E-5      9.675492512604426E-11
9.913985243796113E-5      9.663575867861379E-11
9.930992131475591E-5      9.651648253971873E-11
9.947999019155066E-5      9.639709670935913E-11
9.965005906834544E-5      9.627760118753496E-11
9.982012794514019E-5      9.615799597424624E-11
9.999019682193495E-5      9.603828106949294E-11
1.0016026569872972E-4     9.591845786765875E-11
1.003303345755245E-4      9.579852778276163E-11
1.0050040345231925E-4     9.567849081480155E-11
1.0067047232911402E-4     9.555834696377854E-11
1.0084054120590877E-4     9.543809622969258E-11
1.0101061008270354E-4     9.531773861254368E-11
1.011806789594983E-4      9.519727552349307E-11
1.0135074783629308E-4     9.507670838099478E-11
1.0152081671308783E-4     9.495603718504885E-11
1.016908855898826E-4      9.483526193565526E-11
1.0186095446667736E-4     9.471438263281403E-11
1.0203102334347212E-4     9.459339927652513E-11
1.0220109222026688E-4     9.447231328807627E-11
1.0237116109706166E-4     9.435112608807431E-11
1.0254122997385641E-4     9.422983767651926E-11
1.0271129885065116E-4     9.410844805341114E-11
1.0288136772744593E-4     9.398695721874994E-11
1.0305143660424069E-4     9.386536517253566E-11
1.0322150548103545E-4     9.374367334040644E-11
1.0339157435783022E-4     9.362188314477147E-11
1.0356164323462497E-4     9.349999458563078E-11
1.0373171211141973E-4     9.337800766298433E-11
1.0390178098821448E-4     9.325592237683217E-11
1.0407184986500925E-4     9.313373872717426E-11
1.0424191874180401E-4     9.301145814014598E-11
1.0441198761859879E-4     9.288908204097868E-11
1.0458205649539355E-4     9.276661042967242E-11
1.047521253721883E-4      9.264404330622716E-11
1.0492219424898308E-4     9.252138067064293E-11
1.0509226312577784E-4     9.23986225229197E-11
1.052623320025726E-4      9.227577028798624E-11
1.0543240087936737E-4     9.215282539548955E-11
1.0560246975616213E-4     9.202978784542959E-11
1.0577253863295688E-4     9.190665763780641E-11
1.0594260750975165E-4     9.178343477261998E-11
1.0611267638654641E-4     9.166011924987032E-11
1.0628274526334116E-4     9.153671249328786E-11
1.0645281414013594E-4     9.14132159384336E-11
1.0662288301693069E-4     9.128962958530757E-11
1.0679295189372544E-4     9.116595343390974E-11
1.0696302077052022E-4     9.104218748424014E-11
1.0713308964731497E-4     9.091833173629875E-11
1.0730315852410975E-4     9.079438761362904E-11
1.074732274009045E-4      9.067035655875276E-11
1.0764329627769927E-4     9.05462385716699E-11
1.0781336515449402E-4     9.042203365238047E-11
1.0798343403128879E-4     9.029774180088449E-11
1.0815350290808356E-4     9.017336301718194E-11
1.0832357178487833E-4     9.004889872601764E-11
1.0849364066167309E-4     8.992435037739447E-11
1.0866370953846784E-4     8.979971797131252E-11
1.088337784152626E-4      8.967500150777172E-11
1.0900384729205736E-4     8.955020098677214E-11
1.0917391616885212E-4     8.94253164083137E-11
1.0934398504564688E-4     8.930034919971125E-11
1.0951405392244166E-4     8.917530081850348E-11
1.0968412279923641E-4     8.905017126469036E-11
1.0985419167603116E-4     8.892496053827191E-11
1.1002426055282593E-4     8.879966863924811E-11
1.1019432942962069E-4     8.867429556761898E-11
1.1036439830641547E-4     8.854884275440845E-11
1.1053446718321023E-4     8.842331166443599E-11
1.10704536060005E-4       8.829770229770159E-11
1.1087460493679976E-4     8.817201465420526E-11
1.1104467381359452E-4     8.804624873394698E-11
1.1121474269038929E-4     8.792040453692678E-11
1.1138481156718405E-4     8.779448349871065E-11
1.1155488044397881E-4     8.766848709102017E-11
1.1172494932077356E-4     8.754241531385532E-11
1.1189501819756833E-4     8.741626816721612E-11
1.1206508707436308E-4     8.729004565110259E-11
1.1223515595115784E-4     8.71637477655147E-11
1.124052248279526E-4      8.703737595105287E-11
1.1257529370474738E-4     8.691093168592254E-11
1.1274536258154213E-4     8.678441497012369E-11
1.1291543145833691E-4     8.665782580365634E-11
1.1308550033513168E-4     8.653116418652048E-11
1.1325556921192644E-4     8.64044301187161E-11
1.134256380887212E-4      8.62776250460248E-11
1.1359570696551597E-4     8.61507504527126E-11
1.1376577584231072E-4     8.602380633877954E-11
1.1393584471910548E-4     8.589679270422556E-11
1.1410591359590025E-4     8.576970954905073E-11
1.1427598247269501E-4     8.5642556873255E-11
1.1444605134948977E-4     8.551533612773882E-11
1.1461612022628454E-4     8.538804880240794E-11
1.147861891030793E-4      8.526069489726235E-11
1.1495625797987405E-4     8.513327441230206E-11
1.1512632685666883E-4     8.500578734752709E-11
1.1529639573346359E-4     8.487823370293742E-11
1.1546646461025836E-4     8.475061493443221E-11
1.156365334870531E-4      8.462293253714515E-11
1.1580660236384786E-4     8.449518651107624E-11
1.1597667124064261E-4     8.436737685622546E-11
1.1614674011743738E-4     8.423950357259287E-11
1.1631680899423213E-4     8.411156666017839E-11
1.1648687787102691E-4     8.398356757973731E-11
1.1665694674782166E-4     8.385550783123654E-11
1.1682701562461643E-4     8.372738741467606E-11
1.1699708450141119E-4     8.359920633005586E-11
1.1716715337820595E-4     8.347096457737597E-11
1.1733722225500072E-4     8.334266215663637E-11
1.175072911317955E-4      8.321430053327055E-11
1.1767736000859025E-4     8.308588121169966E-11
1.17847428885385E-4       8.295740419192372E-11
1.1801749776217977E-4     8.282886947394271E-11
1.1818756663897452E-4     8.270027705775668E-11
1.1835763551576929E-4     8.257162694336556E-11
1.1852770439256405E-4     8.244292060068425E-11
1.1869777326935883E-4     8.231415953822055E-11
1.1886784214615358E-4     8.218534375597446E-11
1.1903791102294836E-4     8.2056473253946E-11
1.192079798997431E-4      8.192754803213517E-11
1.1937804877653787E-4     8.179856809054195E-11
1.1954811765333263E-4     8.166953490335828E-11
1.1971818653012741E-4     8.154044998282196E-11
1.1988825540692216E-4     8.141131332893299E-11
1.2005832428371694E-4     8.128212494169135E-11
1.2022839316051169E-4     8.11528848210971E-11
1.2039846203730645E-4     8.102359296715016E-11
1.2056853091410122E-4     8.089425085810169E-11
1.20738599790896E-4       8.076486000957601E-11
1.2090866866769075E-4     8.063542042157315E-11
1.2107873754448552E-4     8.050593209409312E-11
1.2124880642128027E-4     8.037639502713591E-11
1.2141887529807504E-4     8.024680922070153E-11
1.215889441748698E-4      8.011717615686072E-11
1.2175901305166458E-4     7.998749735429757E-11
1.2192908192845933E-4     7.985777281301212E-11
1.2209915080525408E-4     7.972800253300436E-11
1.2226921968204886E-4     7.959818651427432E-11
1.224392885588436E-4      7.946832475682196E-11
1.2260935743563836E-4     7.933841874627835E-11
1.2277942631243313E-4     7.920847000407279E-11
1.2294949518922788E-4     7.907847853020523E-11
1.2311956406602266E-4     7.894844432467571E-11
1.232896329428174E-4      7.881836738748424E-11
1.2345970181961216E-4     7.86882477186308E-11
1.236297706964069E-4      7.85580868070425E-11
1.2379983957320172E-4     7.84278861765833E-11
1.2396990844999647E-4     7.829764582725322E-11
1.2413997732679122E-4     7.816736575905223E-11
1.2431004620358597E-4     7.803704597198038E-11
1.2448011508038075E-4     7.790668646603761E-11
1.246501839571755E-4      7.77762887331882E-11
1.2482025283397027E-4     7.76458542994237E-11
1.2499032171076502E-4     7.751538316474412E-11
1.2516039058755977E-4     7.738487532914943E-11
1.2533045946435455E-4     7.725433079263967E-11
1.255005283411493E-4      7.712374955521482E-11
1.2567059721794408E-4     7.699313311161952E-11
1.2584066609473883E-4     7.686248298967363E-11
1.2601073497153358E-4     7.673179918937715E-11
1.2618080384832836E-4     7.660108171073007E-11
1.2635087272512313E-4     7.647033055373243E-11
1.2652094160191788E-4     7.633954571838419E-11
1.2669101047871266E-4     7.620872870195414E-11
1.268610793555074E-4      7.60778810337999E-11
1.270311482323022E-4      7.594700271392147E-11
1.2720121710909694E-4     7.581609374231885E-11
1.2737128598589172E-4     7.568515411899208E-11
1.2754135486268647E-4     7.55541838439411E-11
1.2771142373948125E-4     7.54231844166996E-11
1.27881492616276E-4       7.529215736787937E-11
1.2805156149307075E-4     7.51611026974804E-11
1.282216303698655E-4      7.50300204055027E-11
1.2839169924666027E-4     7.489891049194626E-11
1.2856176812345502E-4     7.47677729568111E-11
1.287318370002498E-4      7.463660930162023E-11
1.2890190587704455E-4     7.450542105796517E-11
1.290719747538393E-4      7.43742082258459E-11
1.2924204363063408E-4     7.424297080526244E-11
1.2941211250742886E-4     7.411170879621479E-11
1.295821813842236E-4      7.398042219870295E-11
1.2975225026101836E-4     7.384911251594861E-11
1.2992231913781313E-4     7.371778128025632E-11
1.3009238801460788E-4     7.358642849162613E-11
1.3026245689140266E-4     7.345505415005801E-11
1.304325257681974E-4      7.332365825555196E-11
1.3060259464499216E-4     7.319224080810798E-11
1.3077266352178694E-4     7.306080331236535E-11
1.3094273239858172E-4     7.292934730107238E-11
1.3111280127537647E-4     7.27978727742291E-11
1.3128287015217125E-4     7.266637973183547E-11
1.31452939028966E-4       7.253486817389154E-11
1.3162300790576077E-4     7.240333810039727E-11
1.3179307678255552E-4     7.227179101714603E-11
1.319631456593503E-4      7.214022845705284E-11
1.3213321453614505E-4     7.20086504201177E-11
1.3230328341293983E-4     7.18770569063406E-11
1.3247335228973458E-4     7.174544791572159E-11
1.3264342116652933E-4     7.161382344826059E-11
1.3281349004332408E-4     7.148218501064567E-11
1.3298355892011888E-4     7.135053413567671E-11
1.3315362779691363E-4     7.121887082335373E-11
1.3332369667370838E-4     7.108719507367672E-11
1.3349376555050313E-4     7.09555068866457E-11
1.336638344272979E-4      7.082380626226064E-11
1.3383390330409266E-4     7.069209470785283E-11
1.3400397218088744E-4     7.056037375582057E-11
1.341740410576822E-4      7.04286434061639E-11
1.3434410993447694E-4     7.029690365888279E-11
1.3451417881127172E-4     7.016515451397728E-11
1.3468424768806647E-4     7.003339597144733E-11
1.3485431656486125E-4     6.990162953902866E-11
1.35024385441656E-4       6.976985674843258E-11
1.3519445431845077E-4     6.963807759965905E-11
1.3536452319524555E-4     6.950629209270812E-11
1.355345920720403E-4      6.937450022757977E-11
1.3570466094883508E-4     6.924270200427401E-11
1.3587472982562983E-4     6.91108989306927E-11
1.360447987024246E-4      6.897909253757914E-11
1.3621486757921936E-4     6.884728282493336E-11
1.363849364560141E-4      6.871546979275533E-11
1.3655500533280886E-4     6.858365344104508E-11
1.367250742096036E-4      6.84518337698026E-11
1.3689514308639836E-4     6.832001228679152E-11
1.3706521196319314E-4     6.818819052162087E-11
1.3723528083998789E-4     6.805636847429061E-11
1.3740534971678266E-4     6.792454614480077E-11
1.375754185935774E-4      6.779272353315132E-11
1.3774548747037216E-4     6.76609006393423E-11
1.3791555634716691E-4     6.75290789704997E-11
1.3808562522396172E-4     6.739726005474845E-11
1.3825569410075647E-4     6.726544389208855E-11
1.3842576297755122E-4     6.713363048251997E-11
1.3859583185434597E-4     6.700181982604276E-11
1.3876590073114075E-4     6.687001192265689E-11
1.3893596960793552E-4     6.673820827898422E-11
1.391060384847303E-4      6.660641042147071E-11
1.3927610736152505E-4     6.647461835011638E-11
1.3944617623831983E-4     6.634283206492119E-11
1.3961624511511458E-4     6.621105156588518E-11
1.3978631399190936E-4     6.607927685300832E-11
1.3995638286870413E-4     6.59475094315629E-11
1.4012645174549888E-4     6.58157508260265E-11
1.4029652062229363E-4     6.56840010363991E-11
1.404665894990884E-4      6.555226006268074E-11
1.406366583758832E-4      6.542052790487142E-11
1.4080672725267794E-4     6.528880456297111E-11
1.409767961294727E-4      6.515709154133868E-11
1.4114686500626747E-4     6.502539036204811E-11
1.4131693388306222E-4     6.48937010250994E-11
1.41487002759857E-4       6.476202353049257E-11
1.4165707163665175E-4     6.463035787822759E-11
1.418271405134465E-4      6.449870406830449E-11
1.4199720939024125E-4     6.436706360365891E-11
1.4216727826703605E-4     6.423543800378385E-11
1.423373471438308E-4      6.410382726867928E-11
1.4250741602062555E-4     6.397223139834523E-11
1.426774848974203E-4      6.384065039278168E-11
1.4284755377421508E-4     6.370908425198865E-11
1.4301762265100983E-4     6.357753447731163E-11
1.431876915278046E-4      6.34460025853701E-11
1.4335776040459936E-4     6.331448857616408E-11
1.435278292813941E-4      6.318299244969354E-11
1.4369789815818888E-4     6.305151420595852E-11
1.4386796703498363E-4     6.292005384495898E-11
1.440380359117784E-4      6.278861286618053E-11
1.4420810478857316E-4     6.265719278308025E-11
1.443781736653679E-4      6.252579359565816E-11
1.445482425421627E-4      6.239441530391425E-11
1.4471831141895747E-4     6.226305790784852E-11
1.4488838029575222E-4     6.213172140746099E-11
1.45058449172547E-4       6.200040730010781E-11
1.4522851804934175E-4     6.186911709590465E-11
1.4539858692613652E-4     6.173785079485152E-11
1.4556865580293127E-4     6.160660839694842E-11
1.4573872467972605E-4     6.147538990219533E-11
1.459087935565208E-4      6.134419531059229E-11
1.4607886243331558E-4     6.121302611692287E-11
1.4624893131011033E-4     6.108188382748546E-11
1.4641900018690508E-4     6.095076844228004E-11
1.4658906906369983E-4     6.081967996130664E-11
1.467591379404946E-4      6.068861838456523E-11
1.4692920681728936E-4     6.055758371205583E-11
1.4709927569408413E-4     6.042657743621902E-11
1.4726934457087888E-4     6.029560105935864E-11
1.4743941344767364E-4     6.016465458147464E-11
1.476094823244684E-4      6.003373800256705E-11
1.477795512012632E-4      5.990285132263587E-11
1.4794962007805794E-4     5.977199454168109E-11
1.4811968895485272E-4     5.964116914905332E-11
1.4828975783164747E-4     5.951037664274663E-11
1.4845982670844225E-4     5.937961702276105E-11
1.48629895585237E-4       5.924889028909657E-11
1.4879996446203175E-4     5.91181964417532E-11
1.4897003333882652E-4     5.898753548073093E-11
1.491401022156213E-4      5.885690889225283E-11
1.4931017109241605E-4     5.872631816984341E-11
1.494802399692108E-4      5.859576331350267E-11
1.4965030884600555E-4     5.846524432323058E-11
1.4982037772280033E-4     5.833476119902717E-11
1.4999044659959508E-4     5.8204313940892425E-11
1.5016051547638986E-4     5.8073904031410547E-11
1.503305843531846E-4      5.794353295953471E-11
1.5050065322997936E-4     5.7813200725264934E-11
1.506707221067741E-4      5.76829073286012E-11
1.5084079098356886E-4     5.7552652769543543E-11
1.510108598603636E-4      5.7422437048091924E-11
1.511809287371584E-4      5.729226164293558E-11
1.5135099761395316E-4     5.716212803834037E-11
1.515210664907479E-4      5.703203623430632E-11
1.5169113536754272E-4     5.690198623083343E-11
1.5186120424433747E-4     5.6771978027921694E-11
1.5203127312113225E-4     5.6642011625571095E-11
1.5220134199792702E-4     5.6512088498226435E-11
1.5237141087472177E-4     5.638221012529794E-11
1.5254147975151652E-4     5.625237650678561E-11
1.5271154862831127E-4     5.612258764268946E-11
1.5288161750510602E-4     5.599284353300947E-11
1.5305168638190077E-4     5.586314417774565E-11
1.5322175525869555E-4     5.573349104682511E-11
1.533918241354903E-4      5.560388561456014E-11
1.5356189301228508E-4     5.5474327880950745E-11
1.5373196188907983E-4     5.534481784599693E-11
1.5390203076587458E-4     5.52153555096987E-11
1.5407209964266936E-4     5.508594087205604E-11
1.5424216851946414E-4     5.495657539823753E-11
1.5441223739625889E-4     5.482726055719363E-11
1.5458230627305366E-4     5.4697996348924346E-11
1.5475237514984844E-4     5.456878277342967E-11
1.549224440266432E-4      5.443961983070962E-11
1.5509251290343797E-4     5.4310507520764175E-11
1.5526258178023272E-4     5.4181447303772505E-11
1.554326506570275E-4      5.405244064305482E-11
1.5560271953382225E-4     5.392348753861109E-11
1.5577278841061702E-4     5.379458799044135E-11
1.559428572874118E-4      5.3665741998545576E-11
1.5611292616420655E-4     5.3536949562923775E-11
1.5628299504100133E-4     5.340821213853919E-11
1.5645306391779608E-4     5.32795311828085E-11
1.5662313279459083E-4     5.315090669573171E-11
1.567932016713856E-4      5.3022338677308824E-11
1.5696327054818036E-4     5.289382712753984E-11
1.571333394249751E-4      5.276537204642476E-11
1.5730340830176988E-4     5.263697488349697E-11
1.5747347717856466E-4     5.2508637089995735E-11
1.576435460553594E-4      5.2380358665921026E-11
1.5781361493215416E-4     5.2252139611272864E-11
1.5798368380894897E-4     5.212397992605126E-11
1.5815375268574372E-4     5.1995879610256194E-11
1.583238215625385E-4      5.186784010777673E-11
1.5849389043933325E-4     5.173986286341277E-11
1.58663959316128E-4       5.1611947877164316E-11
1.5883402819292277E-4     5.148409514903137E-11
1.5900409706971752E-4     5.135630467901394E-11
1.5917416594651227E-4     5.122857646711201E-11
1.5934423482330705E-4     5.110091195134345E-11
1.595143037001018E-4      5.097331256981734E-11
1.5968437257689655E-4     5.0845778322533667E-11
1.5985444145369133E-4     5.071830920949245E-11
1.6002451033048608E-4     5.059090523069367E-11
1.6019457920728083E-4     5.046356638613735E-11
1.6036464808407558E-4     5.0336294107735716E-11
1.6053471696087036E-4     5.020908982665924E-11
1.607047858376651E-4      5.0081953542907936E-11
1.6087485471445986E-4     4.99548852564818E-11
1.6104492359125464E-4     4.982788496738084E-11
1.6121499246804939E-4     4.9700952675605046E-11
1.6138506134484416E-4     4.9574089806722534E-11
1.6155513022163894E-4     4.944729778472218E-11
1.617251990984337E-4      4.9320576609603994E-11
1.6189526797522844E-4     4.919392628136796E-11
1.620653368520232E-4      4.90673468000141E-11
1.6223540572881797E-4     4.894083816554239E-11
1.6240547460561272E-4     4.8814401796935786E-11
1.625755434824075E-4      4.8688039110760894E-11
1.6274561235920225E-4     4.8561750107017713E-11
1.6291568123599702E-4     4.8435534785706245E-11
1.630857501127918E-4      4.830939314682649E-11
1.6325581898958655E-4     4.818332519037845E-11
1.6342588786638133E-4     4.8057332328522895E-11
1.6359595674317608E-4     4.793141597017033E-11
1.6376602561997083E-4     4.7805576115320764E-11
1.639360944967656E-4      4.7679812763974196E-11
1.6410616337356036E-4     4.7554125916130623E-11
1.642762322503551E-4      4.7428515571790046E-11
1.6444630112714989E-4     4.730298313605252E-11
1.6461637000394464E-4     4.7177530009953905E-11
1.647864388807394E-4      4.705215619349419E-11
1.6495650775753416E-4     4.692686168667339E-11
1.651265766343289E-4      4.68016464894915E-11
1.652966455111237E-4      4.667651060194851E-11
1.6546671438791847E-4     4.6551455421838425E-11
1.6563678326471322E-4     4.6426482342103626E-11
1.6580685214150797E-4     4.630159136274413E-11
1.6597692101830275E-4     4.617678248375993E-11
1.6614698989509752E-4     4.605205570515103E-11
1.6631705877189227E-4     4.5927411026917415E-11
1.6648712764868705E-4     4.58028498393055E-11
1.666571965254818E-4      4.567837352694289E-11
1.6682726540227658E-4     4.555398208982958E-11
1.6699733427907133E-4     4.5429675527965576E-11
1.6716740315586608E-4     4.530545384135089E-11
1.6733747203266086E-4     4.51813170299855E-11
1.6750754090945563E-4     4.505726647633156E-11
1.6767760978625038E-4     4.4933303556490856E-11
1.6784767866304514E-4     4.48094282704634E-11
1.6801774753983989E-4     4.4685640618249194E-11
1.6818781641663466E-4     4.456194059984824E-11
1.683578852934294E-4      4.443832821526053E-11
1.685279541702242E-4      4.431480483892501E-11
1.6869802304701894E-4     4.419137183821193E-11
1.688680919238137E-4      4.40680292131213E-11
1.6903816080060847E-4     4.3944776963653106E-11
1.6920822967740322E-4     4.382161508980737E-11
1.69378298554198E-4       4.369854359158408E-11
1.6954836743099277E-4     4.357556383515883E-11
1.6971843630778755E-4     4.3452677178963424E-11
1.698885051845823E-4      4.332988362299788E-11
1.7005857406137708E-4     4.3207183167262196E-11
1.7022864293817186E-4     4.308457581175636E-11
1.703987118149666E-4      4.296206155648039E-11
1.7056878069176138E-4     4.2839641759108835E-11
1.707388495685561E-4      4.271731776892671E-11
1.7090891844535086E-4     4.2595089585934E-11
1.710789873221456E-4      4.2472957210130724E-11
1.7124905619894036E-4     4.235092064151687E-11
1.714191250757351E-4      4.222897988009243E-11
1.7158919395252989E-4     4.210713627480128E-11
1.7175926282932466E-4     4.1985391165568566E-11
1.719293317061194E-4      4.186374455239428E-11
1.7209940058291416E-4     4.174219643527842E-11
1.7226946945970894E-4     4.1620746814221E-11
1.7243953833650372E-4     4.149939568922201E-11
1.726096072132985E-4      4.1378144400273285E-11
1.7277967609009325E-4     4.1256994277725365E-11
1.72949744966888E-4       4.113594532157822E-11
1.7311981384368277E-4     4.101499753183188E-11
1.7328988272047752E-4     4.089415090848633E-11
1.7345995159727227E-4     4.077340545154157E-11
1.7363002047406705E-4     4.065276249181785E-11
1.738000893508618E-4      4.05322233498791E-11
1.7397015822765658E-4     4.041178802572535E-11
1.7414022710445133E-4     4.029145651935658E-11
1.7431029598124608E-4     4.01712288307728E-11
1.7448036485804086E-4     4.0051104959974014E-11
1.7465043373483563E-4     3.993108622838983E-11
1.7482050261163039E-4     3.9811173946587644E-11
1.7499057148842514E-4     3.9691368114567464E-11
1.7516064036521989E-4     3.9571668732329284E-11
1.7533070924201466E-4     3.945207579987311E-11
1.7550077811880941E-4     3.9332589317198933E-11
1.756708469956042E-4      3.9213210596127074E-11
1.7584091587239894E-4     3.9093940937023E-11
1.760109847491937E-4      3.897478033988674E-11
1.7618105362598847E-4     3.885572880471826E-11
1.7635112250278322E-4     3.873678633151761E-11
1.76521191379578E-4       3.861795292028474E-11
1.7669126025637275E-4     3.849922987301091E-11
1.7686132913316755E-4     3.838061847965906E-11
1.770313980099623E-4      3.826211874022918E-11
1.7720146688675705E-4     3.814373065472127E-11
1.7737153576355183E-4     3.802545422313534E-11
1.7754160464034658E-4     3.790728944547138E-11
1.7771167351714136E-4     3.778923761367335E-11
1.778817423939361E-4      3.7671300007102404E-11
1.7805181127073086E-4     3.755347662575853E-11
1.782218801475256E-4      3.743576746964173E-11
1.7839194902432036E-4     3.731817253875201E-11
1.7856201790111514E-4     3.720069183308937E-11
1.787320867779099E-4      3.7083326634338035E-11
1.789021556547047E-4      3.6966078211058526E-11
1.7907222453149944E-4     3.684894656325085E-11
1.7924229340829422E-4     3.6731931690915E-11
1.79412362285089E-4       3.661503359405097E-11
1.7958243116188375E-4     3.649825227265877E-11
1.7975250003867852E-4     3.638158899795857E-11
1.7992256891547327E-4     3.6265045027510855E-11
1.8009263779226802E-4     3.614862036131561E-11
1.8026270666906277E-4     3.6032314999372844E-11
1.8043277554585752E-4     3.5916128941682563E-11
1.806028444226523E-4      3.5800062188244754E-11
1.8077291329944705E-4     3.568411599961899E-11
1.8094298217624183E-4     3.5568291622163525E-11
1.8111305105303658E-4     3.545258905587838E-11
1.8128311992983136E-4     3.533700830076354E-11
1.8145318880662613E-4     3.5221549356819005E-11
1.8162325768342089E-4     3.510621222404478E-11
1.8179332656021566E-4     3.4990998152149903E-11
1.8196339543701044E-4     3.487590837608351E-11
1.821334643138052E-4      3.4760942895845604E-11
1.8230353319059994E-4     3.464610171143617E-11
1.824736020673947E-4      3.453138482285523E-11
1.8264367094418947E-4     3.441679223010276E-11
1.8281373982098422E-4     3.430232517185355E-11
1.82983808697779E-4       3.4187984871435395E-11
1.8315387757457375E-4     3.407377132884831E-11
1.8332394645136852E-4     3.395968454409228E-11
1.834940153281633E-4      3.3845724517167334E-11
1.8366408420495805E-4     3.373189124807344E-11
1.838341530817528E-4      3.3618185964273E-11
1.8400422195854755E-4     3.3504609877255825E-11
1.841742908353423E-4      3.339116298702191E-11
1.8434435971213705E-4     3.327784529357126E-11
1.845144285889318E-4      3.316465679690388E-11
1.8468449746572655E-4     3.3051597497019765E-11
1.8485456634252133E-4     3.293866860999664E-11
1.850246352193161E-4      3.28258713352753E-11
1.8519470409611086E-4     3.271320567285576E-11
1.8536477297290564E-4     3.2600671622738015E-11
1.8553484184970039E-4     3.2488269184922066E-11
1.8570491072649516E-4     3.237599835940791E-11
1.8587497960328991E-4     3.2263860350715525E-11
1.8604504848008472E-4     3.2151856346052275E-11
1.8621511735687947E-4     3.2039986345418124E-11
1.8638518623367422E-4     3.192825034881309E-11
1.86555255110469E-4       3.1816648356237173E-11
1.8672532398726375E-4     3.1705180367690367E-11
1.8689539286405852E-4     3.159384757588852E-11
1.870654617408533E-4      3.1482651155545966E-11
1.8723553061764805E-4     3.13715911066627E-11
1.8740559949444283E-4     3.126066742923873E-11
1.8757566837123758E-4     3.1149880123274054E-11
1.8774573724803236E-4     3.103922918876866E-11
1.879158061248271E-4      3.0928715806556084E-11
1.8808587500162188E-4     3.0818341138739936E-11
1.8825594387841663E-4     3.070810518532022E-11
1.8842601275521139E-4     3.0598007946296943E-11
1.8859608163200614E-4     3.048804942167012E-11
1.8876615050880089E-4     3.0378229611439716E-11
1.8893621938559564E-4     3.026854968431719E-11
1.891062882623904E-4      3.0159010789600744E-11
1.8927635713918516E-4     3.0049612927290396E-11
1.8944642601597991E-4     2.994035609738614E-11
1.896164948927747E-4      2.983124029988797E-11
1.8978656376956944E-4     2.97222655347959E-11
1.8995663264636422E-4     2.9613432958513344E-11
1.90126701523159E-4       2.950474370735024E-11
1.9029677039995375E-4     2.939619778130659E-11
1.904668392767485E-4      2.92877951803824E-11
1.906369081535433E-4      2.917953590457767E-11
1.9080697703033805E-4     2.90714199538924E-11
1.909770459071328E-4      2.8963448472225336E-11
1.9114711478392758E-4     2.885562258271222E-11
1.9131718366072233E-4     2.8747942285353057E-11
1.9148725253751708E-4     2.8640407580147833E-11
1.9165732141431186E-4     2.8533018467096566E-11
1.918273902911066E-4      2.8425774946199245E-11
1.9199745916790139E-4     2.8318678148669855E-11
1.9216752804469614E-4     2.821172918431092E-11
1.923375969214909E-4      2.8104928053122434E-11
1.9250766579828566E-4     2.79982747551044E-11
1.9267773467508041E-4     2.7891769290256824E-11
1.928478035518752E-4      2.77854116585797E-11
1.9301787242866997E-4     2.7679202978453387E-11
1.9318794130546472E-4     2.7573144346238534E-11
1.9335801018225947E-4     2.746723576193515E-11
1.9352807905905422E-4     2.7361477225543227E-11
1.9369814793584902E-4     2.725586873706278E-11
1.9386821681264377E-4     2.7150410296493794E-11
1.9403828568943855E-4     2.7045103009119586E-11
1.942083545662333E-4      2.6939947957638202E-11
1.9437842344302805E-4     2.6834945142049643E-11
1.9454849231982283E-4     2.673009456235391E-11
1.9471856119661758E-4     2.6625396218551006E-11
1.9488863007341233E-4     2.6520850110640925E-11
1.9505869895020708E-4     2.6416457330685924E-11
1.9522876782700189E-4     2.6312218947638193E-11
1.9539883670379664E-4     2.620813496149773E-11
1.9556890558059139E-4     2.6104205372264534E-11
1.9573897445738616E-4     2.6000430179938605E-11
1.959090433341809E-4      2.5896809384519947E-11
1.960791122109757E-4      2.579334406457728E-11
1.9624918108777047E-4     2.5690035275033558E-11
1.964192499645652E-4      2.5586883015888785E-11
1.9658931884136E-4        2.5483887287142958E-11
1.9675938771815472E-4     2.5381048088796085E-11
1.969294565949495E-4      2.527836542084816E-11
1.9709952547174425E-4     2.5175840348332716E-11
1.9726959434853905E-4     2.5073473912128205E-11
1.9743966322533377E-4     2.497126611223463E-11
1.9760973210212855E-4     2.4869216948651992E-11
1.977798009789233E-4      2.4767326421380296E-11
1.9794986985571805E-4     2.466559453041953E-11
1.981199387325128E-4      2.456402232712973E-11
1.9829000760930758E-4     2.4462610838143696E-11
1.9846007648610233E-4     2.4361360063461416E-11
1.9863014536289708E-4     2.4260270003082905E-11
1.9880021423969186E-4     2.415934065700815E-11
1.989702831164866E-4      2.405857202523716E-11
1.9914035199328139E-4     2.3957965145204812E-11
1.9931042087007614E-4     2.385752102892911E-11
1.9948048974687091E-4     2.375723967641006E-11
1.9965055862366566E-4     2.3657121087647655E-11
1.9982062750046041E-4     2.3557165262641905E-11
1.999906963772552E-4      2.34573722013928E-11
2.0016076525404997E-4     2.3357742927397944E-11
2.0033083413084472E-4     2.3258278438071663E-11
2.0050090300763947E-4     2.315897873341396E-11
2.0067097188443422E-4     2.3059843813424837E-11
2.00841040761229E-4       2.2960873678104298E-11
2.0101110963802375E-4     2.2862068327452335E-11
2.0118117851481853E-4     2.2763428770812266E-11
2.013512473916133E-4      2.2664955990804873E-11
2.0152131626840805E-4     2.2566649987430158E-11
2.0169138514520283E-4     2.246851076068812E-11
2.0186145402199758E-4     2.2370538310578768E-11
2.0203152289879236E-4     2.227273263710209E-11
2.0220159177558714E-4     2.2175094735235985E-11
2.0237166065238189E-4     2.20776255727159E-11
2.0254172952917664E-4     2.198032514954183E-11
2.0271179840597139E-4     2.1883193465713785E-11
2.028818672827662E-4      2.1786230521231757E-11
2.0305193615956094E-4     2.1689436316095755E-11
2.0322200503635572E-4     2.159281183073278E-11
2.033920739131505E-4      2.1496358017897786E-11
2.0356214278994525E-4     2.1400074877590785E-11
2.0373221166674E-4        2.1303962409811764E-11
2.039022805435348E-4      2.1208020614560742E-11
2.0407234942032955E-4     2.11122494918377E-11
2.042424182971243E-4      2.1016650007359504E-11
2.0441248717391905E-4     2.0921223098773293E-11
2.045825560507138E-4      2.0825968766079068E-11
2.0475262492750855E-4     2.0730887009276828E-11
2.049226938043033E-4      2.063597782836658E-11
2.0509276268109805E-4     2.0541241223348317E-11
2.0526283155789283E-4     2.0446678145090484E-11
2.054329004346876E-4      2.0352289515985517E-11
2.0560296931148236E-4     2.025807533603342E-11
2.057730381882771E-4      2.0164035605234187E-11
2.0594310706507186E-4     2.007017032358783E-11
2.0611317594186664E-4     1.9976479491094336E-11
2.0628324481866141E-4     1.9882964043648277E-11
2.064533136954562E-4      1.978962488823158E-11
2.0662338257225094E-4     1.9696462024844237E-11
2.0679345144904572E-4     1.9603475453486256E-11
2.0696352032584047E-4     1.951066517415764E-11
2.0713358920263525E-4     1.9418031186858378E-11
2.0730365807943002E-4     1.932557441239076E-11
2.0747372695622477E-4     1.9233295742169348E-11
2.0764379583301952E-4     1.9141195176194155E-11
2.0781386470981427E-4     1.904927271446517E-11
2.0798393358660902E-4     1.8957528356982407E-11
2.0815400246340378E-4     1.886596210374585E-11
2.0832407134019855E-4     1.877457486034966E-11
2.0849414021699333E-4     1.868336750248722E-11
2.0866420909378808E-4     1.8592340030158528E-11
2.0883427797058283E-4     1.8501492443363583E-11
2.0900434684737764E-4     1.8410824742102387E-11
2.0917441572417239E-4     1.832033692637494E-11
2.0934448460096714E-4     1.823002988644809E-11
2.0951455347776189E-4     1.813990448214756E-11
2.0968462235455664E-4     1.8049960713473352E-11
2.098546912313514E-4      1.796019858042547E-11
2.1002476010814614E-4     1.787061808300391E-11
2.101948289849409E-4      1.7781219221208677E-11
2.1036489786173566E-4     1.769200286985306E-11
2.1053496673853044E-4     1.7602969872764553E-11
2.107050356153252E-4      1.751412022994316E-11
2.1087510449211997E-4     1.742545394138888E-11
2.1104517336891475E-4     1.733697100710172E-11
2.1121524224570952E-4     1.7248671427081674E-11
2.113853111225043E-4      1.7160556060555573E-11
2.1155537999929905E-4     1.7072625735239564E-11
2.117254488760938E-4      1.6984880451133655E-11
2.1189551775288855E-4     1.689732020823784E-11
2.1206558662968333E-4     1.6809945006552116E-11
2.1223565550647808E-4     1.672275484607649E-11
2.1240572438327286E-4     1.663575057031932E-11
2.1257579326006764E-4     1.654893299077934E-11
2.1274586213686239E-4     1.6462302107456544E-11
2.1291593101365716E-4     1.6375857920350933E-11
2.130859998904519E-4      1.6289600429462514E-11
2.132560687672467E-4      1.620352963479128E-11
2.1342613764404144E-4     1.6117646364001853E-11
2.135962065208362E-4      1.6031951412266155E-11
2.1376627539763094E-4     1.5946444779584187E-11
2.1393634427442566E-4     1.5861126465955952E-11
2.1410641315122044E-4     1.5775996471381453E-11
2.142764820280152E-4      1.5691054795860683E-11
2.1444655090480997E-4     1.5606302251090955E-11
2.1461661978160472E-4     1.5521739615804944E-11
2.147866886583995E-4      1.543736689000266E-11
2.1495675753519428E-4     1.5353184073684096E-11
2.1512682641198903E-4     1.5269191166849258E-11
2.152968952887838E-4      1.518538816949814E-11
2.1546696416557855E-4     1.5101775877235288E-11
2.1563703304237333E-4     1.501835505224465E-11
2.1580710191916808E-4     1.4935125694526232E-11
2.1597717079596286E-4     1.485208780408003E-11
2.1614723967275764E-4     1.4769241380906044E-11
2.1631730854955239E-4     1.4686586425004274E-11
2.1648737742634714E-4     1.4604123715759302E-11
2.1665744630314191E-4     1.4521853998707974E-11
2.1682751517993666E-4     1.4439777273850295E-11
2.1699758405673141E-4     1.4357893541186265E-11
2.171676529335262E-4      1.4276202800715883E-11
2.1733772181032094E-4     1.4194705052439147E-11
2.1750779068711572E-4     1.4113401059395005E-11
2.1767785956391047E-4     1.4032291550387168E-11
2.1784792844070525E-4     1.3951376525415634E-11
2.180179973175E-4         1.3870655984480409E-11
2.1818806619429475E-4     1.3790129927581488E-11
2.1835813507108953E-4     1.3709798354718873E-11
2.185282039478843E-4      1.3629662012467384E-11
2.1869827282467905E-4     1.3549721612812936E-11
2.188683417014738E-4      1.3469977155755524E-11
2.1903841057826855E-4     1.3390428641295152E-11
2.1920847945506336E-4     1.331107606943182E-11
2.193785483318581E-4      1.3231919440165526E-11
2.1954861720865289E-4     1.31529594834963E-11
2.1971868608544764E-4     1.3074196894502888E-11
2.1988875496224239E-4     1.2995631673185295E-11
2.2005882383903716E-4     1.2917263819543518E-11
2.202288927158319E-4      1.2839093333577563E-11
2.2039896159262666E-4     1.2761120215287422E-11
2.2056903046942141E-4     1.268334517799434E-11
2.2073909934621622E-4     1.260576889977632E-11
2.2090916822301097E-4     1.2528391380633362E-11
2.2107923709980572E-4     1.2451212620565468E-11
2.212493059766005E-4      1.2374232619572637E-11
2.2141937485339525E-4     1.229745137765487E-11
2.2158944373019002E-4     1.2220869591357427E-11
2.217595126069848E-4      1.2144487921663163E-11
2.2192958148377953E-4     1.2068306368572079E-11
2.2209965036057433E-4     1.1992324932084173E-11
2.2226971923736905E-4     1.1916543612199448E-11
2.2243978811416383E-4     1.1840962408917901E-11
2.2260985699095858E-4     1.1765582001917087E-11
2.2277992586775339E-4     1.1690403034992375E-11
2.2294999474454814E-4     1.1615425508143768E-11
2.2312006362134289E-4     1.1540649421371264E-11
2.2329013249813766E-4     1.1466074774674865E-11
2.2346020137493241E-4     1.139170156805457E-11
2.236302702517272E-4      1.131753046423086E-11
2.2380033912852194E-4     1.1243562089722728E-11
2.239704080053167E-4      1.1169796444530177E-11
2.2414047688211144E-4     1.1096233528653208E-11
2.243105457589062E-4      1.1022873342091818E-11
2.2448061463570097E-4     1.0949715884846012E-11
2.2465068351249572E-4     1.0876761802588029E-11
2.248207523892905E-4      1.0804011704478184E-11
2.2499082126608525E-4     1.0731465590516478E-11
2.2516089014288E-4        1.0659123460702911E-11
2.2533095901967475E-4     1.0586985315037485E-11
2.2550102789646953E-4     1.0515051153520196E-11
2.256710967732643E-4      1.0443321604680559E-11
2.2584116565005905E-4     1.0371797260247167E-11
2.260112345268538E-4      1.030047812022002E-11
2.2618130340364855E-4     1.022936418459912E-11
2.2635137228044333E-4     1.0158455453384467E-11
2.2652144115723808E-4     1.008775192657606E-11
2.2669151003403286E-4     1.0017254215465598E-11
2.2686157891082766E-4     9.94696289428563E-12
2.2703164778762241E-4     9.876877963036158E-12
2.2720171666441716E-4     9.806999421717182E-12
2.2737178554121194E-4     9.737327270328704E-12
2.2754185441800672E-4     9.667861508870721E-12
2.2771192329480147E-4     9.598602731304722E-12
2.2788199217159625E-4     9.529551494307388E-12
2.28052061048391E-4       9.460707797878721E-12
2.2822212992518575E-4     9.392071642018718E-12
2.2839219880198052E-4     9.323643026727383E-12
2.2856226767877528E-4     9.255421952004712E-12
2.2873233655557005E-4     9.187408994393266E-12
2.2890240543236483E-4     9.119604692955115E-12
2.2907247430915958E-4     9.052009047690261E-12
2.2924254318595433E-4     8.984622058598703E-12
2.294126120627491E-4      8.91744372568044E-12
2.2958268093954389E-4     8.850474048935475E-12
2.2975274981633864E-4     8.783713587402872E-12
2.299228186931334E-4      8.717162862472403E-12
2.3009288756992816E-4     8.650821874144068E-12
2.3026295644672291E-4     8.584690622417867E-12
2.304330253235177E-4      8.518769107293804E-12
2.3060309420031244E-4     8.453057328771873E-12
2.3077316307710722E-4     8.38755582830879E-12
2.3094323195390197E-4     8.322265109566207E-12
2.3111330083069672E-4     8.257185172544124E-12
2.312833697074915E-4      8.19231601724254E-12
2.3145343858428622E-4     8.127657643661459E-12
2.31623507461081E-4       8.063210051800876E-12
2.3179357633787575E-4     7.998973765464426E-12
2.3196364521467055E-4     7.934949270530024E-12
2.3213371409146528E-4     7.871136566997673E-12
2.3230378296826005E-4     7.80753565486737E-12
2.324738518450548E-4      7.744146534139119E-12
2.3264392072184955E-4     7.680969204812917E-12
2.3281398959864433E-4     7.618004172977707E-12
2.329840584754391E-4      7.555251906669522E-12
2.3315412735223386E-4     7.492712405888356E-12
2.333241962290286E-4      7.430385670634211E-12
2.3349426510582336E-4     7.368271700907088E-12
2.3366433398261814E-4     7.306370496706986E-12
2.338344028594129E-4      7.2446825463538735E-12
2.3400447173620766E-4     7.183208299980296E-12
2.3417454061300241E-4     7.1219477575862506E-12
2.3434460948979716E-4     7.060900919171738E-12
2.3451467836659192E-4     7.00006778473676E-12
2.346847472433867E-4      6.939448354281315E-12
2.3485481612018147E-4     6.8790430983045495E-12
2.3502488499697622E-4     6.818852448974964E-12
2.3519495387377097E-4     6.758876406292562E-12
2.3536502275056572E-4     6.699114970257341E-12
2.3553509162736053E-4     6.6395681408693044E-12
2.3570516050415528E-4     6.580235918128449E-12
2.3587522938095005E-4     6.52111875466019E-12
2.360452982577448E-4      6.462217064615835E-12
2.3621536713453958E-4     6.4035308479953855E-12
2.3638543601133433E-4     6.345060104798839E-12
2.3655550488812908E-4     6.286804835026199E-12
2.3672557376492386E-4     6.228765038677462E-12
2.3689564264171864E-4     6.170941150450307E-12
2.370657115185134E-4      6.113333566435146E-12
2.3723578039530814E-4     6.0559422866319784E-12
2.374058492721029E-4      5.998767311040804E-12
2.375759181488977E-4      5.941808639661623E-12
2.3774598702569244E-4     5.885066272494437E-12
2.3791605590248722E-4     5.828540626254122E-12
2.3808612477928197E-4     5.772232078935295E-12
2.3825619365607675E-4     5.716140630537954E-12
2.384262625328715E-4      5.660266281062102E-12
2.3859633140966625E-4     5.604609030507738E-12
2.3876640028646102E-4     5.549168878874862E-12
2.389364691632558E-4      5.493946224842077E-12
2.3910653804005055E-4     5.438941428278957E-12
2.392766069168453E-4      5.3841544891855005E-12
2.3944667579364005E-4     5.329585407561709E-12
2.3961674467043486E-4     5.275234183407581E-12
2.397868135472296E-4      5.2211008167231174E-12
2.3995688242402439E-4     5.167185688104838E-12
2.4012695130081914E-4     5.1134891392668664E-12
2.402970201776139E-4      5.060011170209202E-12
2.4046708905440866E-4     5.006751780931847E-12
2.4063715793120341E-4     4.9537109714348E-12
2.408072268079982E-4      4.900888741718061E-12
2.4097729568479294E-4     4.848285454251905E-12
2.4114736456158772E-4     4.79590143256711E-12
2.4131743343838247E-4     4.743736676663676E-12
2.4148750231517722E-4     4.691791186541601E-12
2.4165757119197197E-4     4.640064962200888E-12
2.4182764006876672E-4     4.588558003641534E-12
2.419977089455615E-4      4.537270655223312E-12
2.4216777782235627E-4     4.486203222241978E-12
2.4233784669915103E-4     4.435355704697536E-12
2.425079155759458E-4      4.384728102589982E-12
2.4267798445274055E-4     4.334320415919319E-12
2.4284805332953533E-4     4.284132644685545E-12
2.4301812220633008E-4     4.2341651151202944E-12
2.4318819108312486E-4     4.1844181141615475E-12
2.4335825995991958E-4     4.134891641809306E-12
2.4352832883671433E-4     4.085585698063569E-12
2.436983977135091E-4      4.036500282924335E-12
2.4386846659030386E-4     3.987635396391607E-12
2.4403853546709864E-4     3.938991346396781E-12
2.442086043438934E-4      3.890568401670923E-12
2.4437867322068814E-4     3.8423665622140366E-12
2.445487420974829E-4      3.794385828026119E-12
2.447188109742777E-4      3.746626199107172E-12
2.4488887985107244E-4     3.699087675457194E-12
2.4505894872786725E-4     3.651770546686569E-12
2.45229017604662E-4       3.604675063333703E-12
2.4539908648145675E-4     3.557801225398594E-12
2.455691553582515E-4      3.511149032881243E-12
2.4573922423504625E-4     3.4647184857816504E-12
2.45909293111841E-4       3.418509584099816E-12
2.4607936198863575E-4     3.3725225991745373E-12
2.4624943086543055E-4     3.3267577632551664E-12
2.4641949974222525E-4     3.2812150763417E-12
2.4658956861902005E-4     3.2358945384341394E-12
2.467596374958148E-4      3.1907961495324853E-12
2.4692970637260955E-4     3.1459199096367373E-12
2.4709977524940436E-4     3.1012660717951218E-12
2.472698441261991E-4      3.056834849920603E-12
2.4743991300299386E-4     3.012626244013182E-12
2.476099818797886E-4      2.968640254072858E-12
2.4778005075658336E-4     2.924876880099632E-12
2.4795011963337816E-4     2.8813361220935035E-12
2.481201885101729E-4      2.838018214712611E-12
2.482902573869677E-4      2.794923353611968E-12
2.4846032626376247E-4     2.7520515387915745E-12
2.486303951405572E-4      2.709402770251431E-12
2.48800464017352E-4       2.666977047991537E-12
2.489705328941468E-4      2.6247743720118933E-12
2.491406017709416E-4      2.5827949585478144E-12
2.4931067064773633E-4     2.541038985033584E-12
2.494807395245311E-4      2.4995064514692025E-12
2.4965080840132583E-4     2.4581973578546695E-12
2.498208772781206E-4      2.417111704189985E-12
2.4999094615491533E-4     2.376249490475149E-12
2.501610150317101E-4      2.3356109146974894E-12
2.503310839085049E-4      2.2951961359261705E-12
2.5050115278529964E-4     2.2550051541611928E-12
2.506712216620944E-4      2.2150379694025555E-12
2.508412905388892E-4      2.1752945816502594E-12
2.5101135941568394E-4     2.135774990904304E-12
2.511814282924787E-4      2.0964793769320286E-12
2.5135149716927344E-4     2.057407880311237E-12
2.515215660460682E-4      2.0185605010419282E-12
2.51691634922863E-4       1.979937239124103E-12
2.5186170379965775E-4     1.941538094557761E-12
2.520317726764525E-4      1.903363067342903E-12
2.5220184155324725E-4     1.865412318951414E-12
2.5237191043004205E-4     1.827685971586553E-12
2.525419793068368E-4      1.7901840252483208E-12
2.5271204818363155E-4     1.7529064799367163E-12
2.528821170604263E-4      1.7158533356517402E-12
2.5305218593722105E-4     1.6790245923933922E-12
2.532222548140158E-4      1.6424203935001355E-12
2.533923236908106E-4      1.6060408426618013E-12
2.5356239256760536E-4     1.5698859398783892E-12
2.5373246144440016E-4     1.5339556851498997E-12
2.539025303211949E-4      1.4982500784763328E-12
2.5407259919798966E-4     1.4627691198576883E-12
2.542426680747844E-4      1.427512934584698E-12
2.5441273695157916E-4     1.3924816077308097E-12
2.545828058283739E-4      1.3576751392960231E-12
2.5475287470516866E-4     1.3230935292803384E-12
2.549229435819634E-4      1.2887367776837558E-12
2.5509301245875817E-4     1.254604884506275E-12
2.552630813355529E-4      1.220697956946992E-12
2.554331502123477E-4      1.18701606150824E-12
2.5560321908914247E-4     1.153559198190018E-12
2.557732879659372E-4      1.1203273669923269E-12
2.55943356842732E-4       1.087320567915166E-12
2.561134257195268E-4      1.0545388009585357E-12
2.562834945963215E-4      1.0219821551638322E-12
2.564535634731163E-4      9.896506785539305E-13
2.56623632349911E-4       9.57544371128831E-13
2.5679370122670583E-4     9.256632328885337E-13
2.569637701035006E-4      8.940072638330386E-13
2.5713383898029533E-4     8.625764639623457E-13
2.573039078570901E-4      8.313709041382281E-13
2.574739767338849E-4      8.00390613961877E-13
2.5764404561067964E-4     7.696355934332925E-13
2.578141144874744E-4      7.391058425524746E-13
2.5798418336426914E-4     7.088013613194234E-13
2.581542522410639E-4      6.787221497341387E-13
2.5832432111785864E-4     6.48868260458963E-13
2.5849438999465344E-4     6.192397047283503E-13
2.586644588714482E-4      5.898364825423006E-13
2.58834527748243E-4       5.606585939008138E-13
2.5900459662503775E-4     5.317060388038902E-13
2.591746655018325E-4      5.029788172515296E-13
2.5934473437862725E-4     4.744769636997197E-13
2.5951480325542205E-4     4.4620047106858395E-13
2.5968487213221675E-4     4.181493393581224E-13
2.5985494100901155E-4     3.90323568568335E-13
2.600250098858063E-4      3.627231586992217E-13
2.6019507876260105E-4     3.353481097507826E-13
2.603651476393958E-4      3.081984379847255E-13
2.605352165161906E-4      2.812741180454436E-13
2.6070528539298536E-4     2.545751499329368E-13
2.608753542697801E-4      2.2810153364720524E-13
2.6104542314657486E-4     2.0185326918824882E-13
2.612154920233696E-4      1.758303565560676E-13
2.6138556090016436E-4     1.5003279384049286E-13
2.615556297769591E-4      1.2446053744313816E-13
2.6172569865375386E-4     9.911358736400356E-14
2.6189576753054867E-4     7.399194360308901E-14
2.620658364073434E-4      4.909560616039453E-14
2.6223590528413817E-4     2.4424575035920142E-14
2.624059741609329E-4      -2.1169826510747065E-17
2.625760430377277E-4      -2.42416902329092E-14
2.6274611191452247E-4     -4.8236986183275207E-14
2.629161807913172E-4      -7.200705767760877E-14
2.63086249668112E-4       -9.555190471590992E-14
2.632563185449068E-4      -1.1887152729817858E-13
2.634263874217016E-4      -1.4196596360228447E-13
2.6359645629849633E-4     -1.6483529359979444E-13
2.637665251752911E-4      -1.8747951729070853E-13
2.6393659405208583E-4     -2.0989863467502674E-13
2.641066629288806E-4      -2.320926457527491E-13
2.6427673180567533E-4     -2.5406155052387555E-13
2.644468006824701E-4      -2.7580540526837677E-13
2.646168695592649E-4      -2.973243080701519E-13
2.647869384360596E-4      -3.186182589292011E-13
2.649570073128544E-4      -3.396872578455243E-13
2.6512707618964914E-4     -3.6053130481912156E-13
2.652971450664439E-4      -3.811503998499928E-13
2.654672139432387E-4      -4.0154461729709453E-13
2.6563728282003344E-4     -4.2171407329971663E-13
2.658073516968282E-4      -4.416587678578588E-13
2.6597742057362294E-4     -4.613787009715213E-13
2.661474894504177E-4      -4.80873872640704E-13
2.663175583272125E-4      -5.001442828654069E-13
2.6648762720400725E-4     -5.191900240541591E-13
2.6665769608080205E-4     -5.380112303454734E-13
2.668277649575968E-4      -5.566079017393499E-13
2.6699783383439155E-4     -5.749800382357886E-13
2.671679027111863E-4      -5.931276398347896E-13
2.6733797158798105E-4     -6.110507065363528E-13
2.675080404647758E-4      -6.287493487707675E-13
2.676781093415706E-4      -6.462237186122457E-13
2.6784817821836536E-4     -6.634738160607874E-13
2.6801824709516016E-4     -6.804996411163928E-13
2.681883159719549E-4      -6.973011937790617E-13
2.6835838484874966E-4     -7.138784740487943E-13
2.685284537255444E-4      -7.302316103504491E-13
2.6869852260233917E-4     -7.463607726232313E-13
2.688685914791339E-4      -7.622659608671407E-13
2.6903866035592867E-4     -7.779471750821774E-13
2.692087292327234E-4      -7.934044152683412E-13
2.6937879810951817E-4     -8.086376814256325E-13
2.695488669863129E-4      -8.236471199432679E-13
2.697189358631077E-4      -8.384329185518299E-13
2.6988900473990247E-4     -8.529950772513186E-13
2.700590736166972E-4      -8.673335960417341E-13
2.70229142493492E-4       -8.814484749230764E-13
2.703992113702868E-4      -8.953397138953454E-13
2.705692802470816E-4      -9.090074772800094E-13
2.7073934912387633E-4     -9.22451970520602E-13
2.7090941800067114E-4     -9.356731936171234E-13
2.710794868774659E-4      -9.486711465695736E-13
2.712495557542607E-4      -9.614458293779525E-13
2.7141962463105544E-4     -9.739972420422603E-13
2.715896935078502E-4      -9.86325566778552E-13
2.7175976238464494E-4     -9.984310266636115E-13
2.719298312614397E-4      -1.0103136216974384E-12
2.7209990013823444E-4     -1.0219733518800327E-12
2.722699690150292E-4      -1.0334102172113948E-12
2.7244003789182394E-4     -1.0446242176915243E-12
2.7261010676861875E-4     -1.0556155533856666E-12
2.727801756454135E-4      -1.0663844649262842E-12
2.7295024452220825E-4     -1.0769309523133769E-12
2.73120313399003E-4       -1.0872550155469451E-12
2.7329038227579775E-4     -1.0973566546269888E-12
2.734604511525925E-4      -1.1072358695535079E-12
2.7363052002938725E-4     -1.1168928781913599E-12
2.7380058890618205E-4     -1.1263279386498925E-12
2.7397065778297675E-4     -1.1355410509291056E-12
2.7414072665977155E-4     -1.1445322150289995E-12
2.743107955365663E-4      -1.153301430949574E-12
2.7448086441336105E-4     -1.1618486986908292E-12
2.7465093329015586E-4     -1.1701742538657402E-12
2.748210021669506E-4      -1.1782783719778556E-12
2.7499107104374536E-4     -1.186161053027176E-12
2.751611399205401E-4      -1.193822297013701E-12
2.7533120879733486E-4     -1.201262103937431E-12
2.7550127767412966E-4     -1.208480473798366E-12
2.756713465509244E-4      -1.215477659905135E-12
2.758414154277192E-4      -1.2222539550678668E-12
2.7601148430451397E-4     -1.228809359286561E-12
2.761815531813087E-4      -1.235143872561218E-12
2.7635162205810347E-4     -1.2412574948918383E-12
2.765216909348982E-4      -1.247150226278421E-12
2.7669175981169297E-4     -1.2528223376714365E-12
2.768618286884878E-4      -1.2582741390957772E-12
2.770318975652825E-4      -1.2635056305514436E-12
2.7720196644207733E-4     -1.2685168120384353E-12
2.773720353188721E-4      -1.2733076835567533E-12
2.7754210419566683E-4     -1.2778782451063967E-12
2.777121730724616E-4      -1.282228785224884E-12
2.778822419492564E-4      -1.2863596310554098E-12
2.7805231082605114E-4     -1.290270782597974E-12
2.782223797028459E-4      -1.2939622398525767E-12
2.783924485796407E-4      -1.297434002819218E-12
2.7856251745643544E-4     -1.3006860714978978E-12
2.787325863332302E-4      -1.3037187519578847E-12
2.7890265521002494E-4     -1.3065323883588924E-12
2.790727240868197E-4      -1.3091269807009207E-12
2.7924279296361444E-4     -1.3115025289839697E-12
2.794128618404092E-4      -1.3136590332080394E-12
2.7958293071720394E-4     -1.3155964933731301E-12
2.7975299959399875E-4     -1.3173152330231614E-12
2.799230684707935E-4      -1.3188156132288183E-12
2.800931373475883E-4      -1.320097633990101E-12
2.8026320622438305E-4     -1.3211612953070095E-12
2.8043327510117786E-4     -1.322006597179544E-12
2.806033439779726E-4      -1.3226335396077039E-12
2.8077341285476736E-4     -1.3230424635501383E-12
2.809434817315621E-4      -1.3232337468805631E-12
2.8111355060835686E-4     -1.3232073895989784E-12
2.812836194851516E-4      -1.3229633917053836E-12
2.8145368836194636E-4     -1.3225017531997796E-12
2.816237572387411E-4      -1.3218224740821655E-12
2.817938261155359E-4      -1.320925912663198E-12
2.8196389499233066E-4     -1.3198124635091363E-12
2.821339638691254E-4      -1.3184821266199806E-12
2.8230403274592016E-4     -1.3169349019957305E-12
2.824741016227149E-4      -1.3151707896363862E-12
2.8264417049950967E-4     -1.3131897895419477E-12
2.828142391913719E-4      -1.3109922797973753E-12
2.8298430788323417E-4     -1.308578669530041E-12
2.831543765750964E-4      -1.3059489587399444E-12
2.833244452669586E-4      -1.3031031474270856E-12
2.8349451395882084E-4     -1.3000412355914648E-12
2.8366458265068306E-4     -1.2967632232330819E-12
2.8383338426156093E-4     -1.2932963333508504E-12
2.8400218587243875E-4     -1.2896173561682046E-12
2.841709874833166E-4      -1.2857262916851444E-12
2.8433978909419444E-4     -1.28162313990167E-12
2.8450859070507225E-4     -1.2773079008177813E-12
2.846773923159501E-4      -1.2727805744334783E-12
2.8484226869974994E-4     -1.2681541734458712E-12
2.850071450835497E-4      -1.2633262208630384E-12
2.851720214673495E-4      -1.25829671668498E-12
2.853368978511493E-4      -1.253065660911696E-12
2.855017742349491E-4      -1.2476330535431863E-12
2.856666506187489E-4      -1.2419988945794512E-12
2.8582628449681633E-4     -1.2363522245849356E-12
2.859859183748838E-4      -1.2305173609239604E-12
2.861455522529512E-4      -1.2244943035965252E-12
2.8630518613101863E-4     -1.2182830526026302E-12
2.864648200090861E-4      -1.2118836079422754E-12
2.8662445388715353E-4     -1.2052959696154608E-12
2.8677901195100846E-4     -1.198738842989065E-12
2.869335700148634E-4      -1.192005999601459E-12
2.870881280787183E-4      -1.1850974394526428E-12
2.872426861425732E-4      -1.1780131625426165E-12
2.8739724420642814E-4     -1.17075316887138E-12
2.8755180227028307E-4     -1.1633174584389332E-12
2.8770144591355165E-4     -1.1559510917218381E-12
2.878510895568202E-4      -1.148420660423867E-12
2.8800073320008876E-4     -1.1407261645450204E-12
2.8815037684335734E-4     -1.132867604085298E-12
2.8830002048662587E-4     -1.1248449790446999E-12
2.8844966412989445E-4     -1.1166582894232263E-12
2.885945496144342E-4      -1.1085759030718555E-12
2.88739435098974E-4       -1.1003403326417763E-12
2.888843205835137E-4      -1.0919515781329889E-12
2.8902920606805346E-4     -1.0834096395454932E-12
2.891740915525932E-4      -1.0747145168792894E-12
2.8931897703713294E-4     -1.0658662101343772E-12
2.894592556562055E-4      -1.0571535902833295E-12
2.895995342752781E-4      -1.0482979451089615E-12
2.897398128943506E-4      -1.0392992746112734E-12
2.898800915134232E-4      -1.0301575787902647E-12
2.900203701324957E-4      -1.0208728576459358E-12
2.901606487515683E-4      -1.0114451111782865E-12
2.9029646698782384E-4     -1.0021811353841804E-12
2.904322852240794E-4      -9.927836182172692E-13
2.9056810346033497E-4     -9.83252559677553E-13
2.907039216965905E-4      -9.735879597650316E-13
2.9083973993284604E-4     -9.637898184797052E-13
2.909755581691016E-4      -9.538581358215737E-13
2.9110705784754005E-4     -9.441152647796669E-13
2.9123855752597843E-4     -9.342477056045954E-13
2.913700572044168E-4      -9.242554582963592E-13
2.915015568828552E-4      -9.141385228549582E-13
2.9163305656129364E-4     -9.038968992803929E-13
2.9176455623973203E-4     -8.935305875726628E-13
2.918918746758003E-4      -8.833753246991964E-13
2.9201919311186853E-4     -8.731036376085047E-13
2.921465115479368E-4      -8.627155263005881E-13
2.9227382998400504E-4     -8.522109907754462E-13
2.9240114842007324E-4     -8.415900310330792E-13
2.925284668561415E-4      -8.30852647073487E-13
2.926517369991221E-4      -8.203459677069598E-13
2.927750071421027E-4      -8.09730577524389E-13
2.928982772850833E-4      -7.990064765257747E-13
2.930215474280639E-4      -7.881736647111167E-13
2.9314481757104446E-4     -7.772321420804155E-13
2.932680877140251E-4      -7.661819086336707E-13
2.933874382858653E-4      -7.553796606702771E-13
2.935067888577056E-4      -7.444759011461847E-13
2.936261394295458E-4      -7.334706300613933E-13
2.93745490001386E-4       -7.223638474159032E-13
2.938648405732263E-4      -7.111555532097141E-13
2.9398419114506653E-4     -6.998457474428263E-13
2.940997467747933E-4      -6.887990250823857E-13
2.942153024045201E-4      -6.776575103310555E-13
2.943308580342469E-4      -6.664212031888355E-13
2.9444641366397365E-4     -6.55090103655726E-13
2.9456196929370047E-4     -6.436642117317267E-13
2.9467752492342723E-4     -6.321435274168379E-13
2.9478940627728807E-4     -6.208990196403631E-13
2.949012876311489E-4      -6.095659904344763E-13
2.950131689850097E-4      -5.981444397991775E-13
2.9512505033887053E-4     -5.866343677344667E-13
2.9523693169273136E-4     -5.750357742403438E-13
2.953488130465922E-4      -5.633486593168087E-13
2.9545713695405807E-4     -5.519489746196214E-13
2.95565460861524E-4       -5.404666210624241E-13
2.956737847689898E-4      -5.28901598645217E-13
2.957821086764557E-4      -5.17253907368E-13
2.958904325839216E-4      -5.055235472307733E-13
2.9599875649138744E-4     -4.937105182335367E-13
2.961036360671493E-4      -4.821944870891992E-13
2.9620851564291114E-4     -4.70601249134737E-13
2.96313395218673E-4       -4.589308043701502E-13
2.964182747944348E-4      -4.471831527954386E-13
2.9652315437019667E-4     -4.353582944106025E-13
2.966280339459585E-4      -4.234562292156417E-13
2.967295787080446E-4      -4.118591856566099E-13
2.968311234701307E-4      -4.0019003285398757E-13
2.9693266823221676E-4     -3.884487708077746E-13
2.9703421299430286E-4     -3.7663539951797117E-13
2.971357577563889E-4      -3.647499189845771E-13
2.97237302518475E-4       -3.5279232920759255E-13
2.9733561850261254E-4     -3.4114637281067097E-13
2.9743393448675013E-4     -3.2943306455471315E-13
2.975322504708876E-4      -3.176524044397191E-13
2.976305664550252E-4      -3.0580439246568884E-13
2.9772888243916274E-4     -2.938890286326224E-13
2.9782719842330027E-4     -2.819063129405197E-13
2.979223882936408E-4      -2.702405524205595E-13
2.9801757816398135E-4     -2.585118798908889E-13
2.9811276803432186E-4     -2.4672029535150785E-13
2.9820795790466237E-4     -2.348657988024164E-13
2.9830314777500293E-4     -2.2294839024361453E-13
2.9839833764534345E-4     -2.109680696751023E-13
2.9849050080166744E-4     -1.9930884920334318E-13
2.985826639579914E-4      -1.8759086009757945E-13
2.9867482711431526E-4     -1.7581410235781117E-13
2.9876699027063926E-4     -1.639785759840383E-13
2.988591534269632E-4      -1.520842809762609E-13
2.9895131658328714E-4     -1.401312173344789E-13
2.990405492601034E-4      -1.2850232723607863E-13
2.991297819369197E-4      -1.1681853473049906E-13
2.99219014613736E-4       -1.0507983981774012E-13
2.9930824729055227E-4     -9.328624249780186E-14
2.9939747996736855E-4     -8.143774277068427E-14
2.994867126441848E-4      -6.953434063638737E-14
2.9957226053682064E-4     -5.807102692050395E-14
2.9965780842945656E-4     -4.6557415981881396E-14
2.997433563220924E-4      -3.499350782051973E-14
2.9982890421472824E-4     -2.3379302436418934E-14
2.999144521073641E-4      -1.1714799829579023E-14
3.0E-4                    0
