% Model:              PLacek_MembTVNJ_ArticleDims_Rh100um_hg10um_To2MHz_PHedit.mph
% Version:            COMSOL 6.3.0.335
% Date:               May 22 2025, 12:35
% Dimension:          1
% Nodes:              1801
% Expressions:        1
% Description:        Line graph
% Arc length (m)          real(xi)
0                         -3.700132849871732E-11
1.6835192320072636E-7     -3.700114102000181E-11
3.367038464014527E-7      -3.700057862349913E-11
5.050557696021791E-7      -3.699964130920928E-11
6.734076928029054E-7      -3.699832907713225E-11
8.417596160036319E-7      -3.6996641927268065E-11
1.0101115392043582E-6     -3.699457985961671E-11
1.1801802473622774E-6     -3.6992116125012194E-11
1.3502489555201964E-6     -3.698926995060156E-11
1.5203176636781154E-6     -3.698604133638482E-11
1.6903863718360344E-6     -3.698243028236196E-11
1.8604550799939534E-6     -3.697843678853299E-11
2.0305237881518723E-6     -3.697406085489791E-11
2.200592664946635E-6      -3.696930258900421E-11
2.370661541741397E-6      -3.696416221098252E-11
2.5407304185361593E-6     -3.6958639720832835E-11
2.710799295330922E-6      -3.695273511855515E-11
2.880868172125684E-6      -3.694644840414948E-11
3.0509370489204466E-6     -3.693977957761581E-11
3.2210059257152087E-6     -3.693272883393707E-11
3.3910748025099717E-6     -3.6925296471255904E-11
3.5611436793047335E-6     -3.691748248957232E-11
3.731212556099496E-6      -3.690928688888629E-11
3.901281432894258E-6      -3.6900709669197845E-11
4.07135030968902E-6       -3.689175083050696E-11
4.2414191864837825E-6     -3.688241065009343E-11
4.411488063278545E-6      -3.687268950848609E-11
4.581556940073307E-6      -3.6862587405684925E-11
4.751625816868069E-6      -3.685210434168995E-11
4.921694693662831E-6      -3.684124031650116E-11
5.091763570457593E-6      -3.6829995330118555E-11
5.261832447252356E-6      -3.6818369741692133E-11
5.4319013240471185E-6     -3.680636401402029E-11
5.601970200841881E-6      -3.6793978147103027E-11
5.772039077636643E-6      -3.678121214094034E-11
5.942107954431407E-6      -3.676806599553223E-11
6.112176831226169E-6      -3.675453971087871E-11
6.282245708020931E-6      -3.6740633727857454E-11
6.452314584815693E-6      -3.67263485913133E-11
6.622383461610455E-6      -3.671168430124626E-11
6.7924523384052175E-6     -3.6696640857656323E-11
6.96252121519998E-6       -3.668121826054349E-11
7.132590091994742E-6      -3.666541650990777E-11
7.302658968789505E-6      -3.664923612825358E-11
7.472727845584267E-6      -3.663267774216364E-11
7.642796722379028E-6      -3.661574135163797E-11
7.812865599173792E-6      -3.659842695667656E-11
7.982934475968554E-6      -3.6580734557279426E-11
8.153003352763316E-6      -3.656266415344655E-11
8.323072229558079E-6      -3.6544216349107385E-11
8.493141106352842E-6      -3.652539185226318E-11
8.663209983147605E-6      -3.6506190662913965E-11
8.833278859942367E-6      -3.648661278105972E-11
9.003347736737129E-6      -3.6466658206700455E-11
9.173416613531891E-6      -3.644632693983617E-11
9.343485490326653E-6      -3.642561966558229E-11
9.513554367121415E-6      -3.640453717296253E-11
9.683623243916178E-6      -3.6383079461976865E-11
9.853692120710938E-6      -3.636124653262531E-11
1.00237609975057E-5       -3.633903838490786E-11
1.0193829874300462E-5     -3.6316455018824523E-11
1.0363898751095225E-5     -3.629349720039634E-11
1.0533967627889988E-5     -3.627016579923119E-11
1.070403650468475E-5      -3.624646081532905E-11
1.0874105381479513E-5     -3.622238224868995E-11
1.1044174258274277E-5     -3.619793009931387E-11
1.1214243135069039E-5     -3.6173104367200827E-11
1.1384312011863803E-5     -3.614790589895212E-11
1.1554380888658565E-5     -3.612233564429681E-11
1.1724449765453327E-5     -3.6096393603234905E-11
1.1894518642248089E-5     -3.6070079775766386E-11
1.2064587519042851E-5     -3.604339416189127E-11
1.2234656395837613E-5     -3.601633676160955E-11
1.2404725272632376E-5     -3.5988908501735926E-11
1.257479414942714E-5      -3.596111041162714E-11
1.27448630262219E-5       -3.5932942491283204E-11
1.2914931903016664E-5     -3.5904404740704104E-11
1.3085000779811424E-5     -3.587549715988985E-11
1.3255069656606186E-5     -3.584621974884044E-11
1.3425138533400948E-5     -3.5816573514176585E-11
1.3595207410195712E-5     -3.578655956435175E-11
1.3765276286990473E-5     -3.5756177899365935E-11
1.3935345163785237E-5     -3.572542851921914E-11
1.4105414040579997E-5     -3.569431142391136E-11
1.427548291737476E-5      -3.566282661344261E-11
1.4445551794169521E-5     -3.563097517378956E-11
1.4615620670964285E-5     -3.559875829193646E-11
1.4785689547759046E-5     -3.556617596788329E-11
1.495575842455381E-5      -3.553322820163006E-11
1.5125827301348572E-5     -3.549991499317676E-11
1.5295896178143334E-5     -3.54662363425234E-11
1.5465965054938098E-5     -3.5432193414511495E-11
1.5636033931732858E-5     -3.539778747405616E-11
1.580610280852762E-5      -3.5363018521157415E-11
1.5976171685322383E-5     -3.532788655581524E-11
1.6146240562117146E-5     -3.5292391578029656E-11
1.6316309438911907E-5     -3.525653358780065E-11
1.648637831570667E-5      -3.522031382829736E-11
1.665644719250143E-5      -3.518373364173947E-11
1.6826516069296195E-5     -3.514679302812698E-11
1.6996584946090956E-5     -3.510949198745988E-11
1.716665382288572E-5      -3.5071830519738185E-11
1.733672269968048E-5      -3.503380862496189E-11
1.7506791576475244E-5     -3.499542762404763E-11
1.7676860453270008E-5     -3.4956688935858725E-11
1.7846929330064768E-5     -3.491759256039515E-11
1.8016998206859532E-5     -3.4878138497656915E-11
1.8187067083654292E-5     -3.4838326747644026E-11
1.8357135960449056E-5     -3.479815731035647E-11
1.852720483724382E-5      -3.4757631583829887E-11
1.8697273714038584E-5     -3.4716751062896774E-11
1.8867342590833344E-5     -3.467551574755713E-11
1.9037411467628108E-5     -3.463392563781095E-11
1.9207480344422872E-5     -3.459198073365824E-11
1.9377549221217633E-5     -3.4549681035098995E-11
1.9547618098012396E-5     -3.450702801660515E-11
1.9717686974807157E-5     -3.4464023248272444E-11
1.9887755851601917E-5     -3.4420666730100885E-11
2.005782472839668E-5      -3.437695846209046E-11
2.0227893605191438E-5     -3.433289844424119E-11
2.0397962481986202E-5     -3.4288486676553056E-11
2.0568031358780966E-5     -3.4243724709218796E-11
2.073810023557573E-5      -3.4198614186852226E-11
2.090816911237049E-5      -3.415315510945335E-11
2.1078237989165254E-5     -3.410734747702217E-11
2.1248306865960018E-5     -3.406119128955869E-11
2.141837574275478E-5      -3.401468654706291E-11
2.1588444619549542E-5     -3.396783487470087E-11
2.1758513496344303E-5     -3.392063799081897E-11
2.1928582373139063E-5     -3.38730958954172E-11
2.2098651249933827E-5     -3.382520858849556E-11
2.2268720126728584E-5     -3.377697607005405E-11
2.2438789003523348E-5     -3.372839834009268E-11
2.2608857880318112E-5     -3.3679477097972495E-11
2.2778926757112876E-5     -3.363021413494642E-11
2.2948995633907636E-5     -3.358060945101446E-11
2.3119064510702397E-5     -3.353066304617663E-11
2.3289133387497164E-5     -3.348037492043293E-11
2.3459202264291924E-5     -3.342974507378334E-11
2.3629271141086688E-5     -3.337877527897022E-11
2.379934001788145E-5      -3.332746739929658E-11
2.396940889467621E-5      -3.3275821434762425E-11
2.4139477771470973E-5     -3.322383738536776E-11
2.4309546648265737E-5     -3.317151525111257E-11
2.4479615525060497E-5     -3.311885503199688E-11
2.464968440185526E-5      -3.306585857329647E-11
2.481975327865002E-5      -3.301252780947164E-11
2.4989822155444785E-5     -3.295886274052237E-11
2.515989103223955E-5      -3.290486336644866E-11
2.532995990903431E-5      -3.285052968725053E-11
2.5500028785829074E-5     -3.279586170292796E-11
2.5670097662623834E-5     -3.274086133041208E-11
2.5840166539418598E-5     -3.26855305743904E-11
2.6010235416213362E-5     -3.262986943486289E-11
2.6180304293008122E-5     -3.2573877911829565E-11
2.6350373169802883E-5     -3.251755600529042E-11
2.6520442046597647E-5     -3.246090371524547E-11
2.669051092339241E-5      -3.240392302936815E-11
2.686057980018717E-5      -3.234661602161184E-11
2.703064867698193E-5      -3.228898269197653E-11
2.7200717553776692E-5     -3.223102304046223E-11
2.7370786430571456E-5     -3.2172737067068935E-11
2.7540855307366216E-5     -3.2114124771796646E-11
2.771092418416098E-5      -3.205518821211534E-11
2.7880993060955744E-5     -3.199592953024569E-11
2.8051061937750504E-5     -3.19363487261877E-11
2.8221130814545265E-5     -3.1876445799941374E-11
2.839119969134003E-5      -3.181622075150671E-11
2.8561268568134793E-5     -3.17556735808837E-11
2.8731337444929556E-5     -3.1694806414361657E-11
2.890140632172432E-5      -3.1633621461398E-11
2.907147519851908E-5      -3.1572118721992735E-11
2.9241544075313845E-5     -3.1510298196145856E-11
2.9411612952108605E-5     -3.144815988385736E-11
2.958168182890337E-5      -3.1385703785127256E-11
2.975175070569813E-5      -3.132293209405359E-11
2.9921819582492897E-5     -3.1259847086267396E-11
3.0091888459287654E-5     -3.119644876176867E-11
3.0261957336082418E-5     -3.113273712055742E-11
3.0432026212877178E-5     -3.106871216263365E-11
3.060209508967194E-5      -3.100437388799734E-11
3.07721639664667E-5       -3.093972455751779E-11
3.0942232843261466E-5     -3.087476651189451E-11
3.111230172005623E-5      -3.08094997511275E-11
3.1282370596850994E-5     -3.0743924275216753E-11
3.145243947364575E-5      -3.067804008416229E-11
3.1622508350440515E-5     -3.061184717796409E-11
3.179257722723528E-5      -3.054534788318981E-11
3.196264610403004E-5      -3.047854460448935E-11
3.21327149808248E-5       -3.041143734186273E-11
3.2302783857619563E-5     -3.034402609530994E-11
3.247285273441433E-5      -3.027631086483098E-11
3.264292161120909E-5      -3.020829165042585E-11
3.2812990488003855E-5     -3.013997084324265E-11
3.298305936479862E-5      -3.007135091073354E-11
3.315312824159338E-5      -3.000243185289852E-11
3.332319711838814E-5      -2.993321366973758E-11
3.3493265995182904E-5     -2.986369636125074E-11
3.366333487197767E-5      -2.9793879927437983E-11
3.383340374877243E-5      -2.972376682288488E-11
3.400347262556719E-5      -2.9653359576669025E-11
3.417354150236195E-5      -2.9582658188790416E-11
3.434361037915671E-5      -2.951166265924905E-11
3.4513679255951466E-5     -2.944037298804493E-11
3.468374813274623E-5      -2.936878917517806E-11
3.4853817009540994E-5     -2.929691373749778E-11
3.502388588633576E-5      -2.922474926449898E-11
3.519395476313052E-5      -2.915229575618166E-11
3.5364023639925286E-5     -2.9079553212545824E-11
3.553409251672005E-5      -2.900652163359147E-11
3.5704161393514813E-5     -2.8933201019318593E-11
3.587423027030958E-5      -2.885959394764451E-11
3.604429914710434E-5      -2.8785703067240678E-11
3.6214368023899105E-5     -2.8711528378107085E-11
3.638443690069387E-5      -2.8637069880243743E-11
3.655450577748863E-5      -2.8562327573650655E-11
3.672457465428339E-5      -2.8487301458327817E-11
3.6894643531078154E-5     -2.8411994172034742E-11
3.706471240787292E-5      -2.833640842135008E-11
3.7234781284667675E-5     -2.826054420627384E-11
3.740485016146244E-5      -2.8184401526806013E-11
3.7574919038257195E-5     -2.8107980382946606E-11
3.774498791505196E-5      -2.803128077469561E-11
3.791505679184672E-5      -2.795430539840267E-11
3.808512566864148E-5      -2.7877057017252893E-11
3.8255194545436244E-5     -2.7799535631246273E-11
3.842526342223101E-5      -2.7721741240382818E-11
3.8595332299025765E-5     -2.764367384466253E-11
3.876540117582053E-5      -2.7565333444085407E-11
3.893547005261529E-5      -2.7486722792314596E-11
3.910553892941006E-5      -2.740784470781252E-11
3.927560780620482E-5      -2.732869919057917E-11
3.9445676682999584E-5     -2.7249286240614543E-11
3.961574555979435E-5      -2.7169605857918657E-11
3.978581443658911E-5      -2.7089658042491493E-11
3.995588331338387E-5      -2.700944560400342E-11
4.012595219017863E-5      -2.6928971414844317E-11
4.02960210669734E-5       -2.6848235475014194E-11
4.0466089943768154E-5     -2.6767237784513056E-11
4.063615882056292E-5      -2.6685978343340902E-11
4.0806227697357675E-5     -2.6604457151497723E-11
4.097629657415244E-5      -2.652267707332484E-11
4.11463654509472E-5       -2.6440641033769302E-11
4.1316434327741966E-5     -2.635834903283112E-11
4.148650320453673E-5      -2.6275801070510282E-11
4.165657208133149E-5      -2.61929971468068E-11
4.182664095812625E-5      -2.6109937261720663E-11
4.1996709834921015E-5     -2.602662433289941E-11
4.216677871171578E-5      -2.5943061336454595E-11
4.233684758851054E-5      -2.5859248272386234E-11
4.2506916465305307E-5     -2.577518514069432E-11
4.267698534210007E-5      -2.5690871941378857E-11
4.2847054218894834E-5     -2.5606308674439842E-11
4.30171230956896E-5       -2.5521498309440433E-11
4.3187191972484355E-5     -2.5436443872239118E-11
4.335726084927912E-5      -2.535114536283591E-11
4.3527329726073876E-5     -2.52656027812308E-11
4.369739860286864E-5      -2.51798161274238E-11
4.38674674796634E-5       -2.50937854014149E-11
4.403753635645816E-5      -2.500751362327271E-11
4.4207605233252925E-5     -2.4921003867155573E-11
4.437767411004769E-5      -2.4834256133063486E-11
4.454774298684245E-5      -2.4747270420996454E-11
4.471781186363721E-5      -2.466004673095448E-11
4.4887880740431973E-5     -2.457258506293756E-11
4.505794961722674E-5      -2.4484888486088952E-11
4.52280184940215E-5       -2.439696012139795E-11
4.539808737081626E-5      -2.4308799968864553E-11
4.556815624761102E-5      -2.4220408028488764E-11
4.5738225124405786E-5     -2.4131784300270583E-11
4.590829400120055E-5      -2.4042928784210007E-11
4.6078362877995314E-5     -2.3953844597058198E-11
4.624843175479008E-5      -2.3864534905162382E-11
4.641850063158484E-5      -2.3774999708522558E-11
4.65885695083796E-5       -2.368523900713872E-11
4.675863838517436E-5      -2.359525280101088E-11
4.6928707261969126E-5     -2.3505041090139026E-11
4.709877613876389E-5      -2.3414607037431997E-11
4.7268845015558654E-5     -2.3323953853016117E-11
4.743891389235341E-5      -2.3233081536891385E-11
4.7608982769148175E-5     -2.3141990089057805E-11
4.777905164594294E-5      -2.3050679509515377E-11
4.79491205227377E-5       -2.2959149798264095E-11
4.8119189399532466E-5     -2.2867404162870452E-11
4.828925827632723E-5      -2.2775445855759627E-11
4.845932715312199E-5      -2.2683274876931626E-11
4.8629396029916744E-5     -2.2590891226386445E-11
4.8799464906711515E-5     -2.2498294904124088E-11
4.896953378350627E-5      -2.240548591014455E-11
4.9139602660301036E-5     -2.231246749512669E-11
4.93096715370958E-5       -2.2219242952252677E-11
4.947974041389056E-5      -2.2125812281522512E-11
4.9649809290685314E-5     -2.2032175482936207E-11
4.981987816748008E-5      -2.193833255649375E-11
4.998994704427484E-5      -2.184428350219515E-11
5.0160015921069605E-5     -2.175003161230392E-11
5.033008479786437E-5      -2.1655580219178206E-11
5.050015367465913E-5      -2.1560929322818008E-11
5.067022255145389E-5      -2.1466078923223325E-11
5.0840291428248654E-5     -2.1371029020394166E-11
5.101036030504342E-5      -2.127577961433052E-11
5.1180429181838175E-5     -2.1180334037328005E-11
5.135049805863294E-5      -2.108469565932533E-11
5.15205669354277E-5       -2.0988864480322495E-11
5.169063581222245E-5      -2.0892840500319505E-11
5.1860704689017224E-5     -2.0796623719316355E-11
5.203077356581198E-5      -2.0700214137313046E-11
5.2200842442606745E-5     -2.060361512506814E-11
5.237091131940151E-5      -2.0506830088488545E-11
5.254098019619627E-5      -2.040985902757426E-11
5.2711049072991036E-5     -2.0312701942325285E-11
5.28811179497858E-5       -2.0215358832741617E-11
5.3051186826580564E-5     -2.011782969882326E-11
5.322125570337533E-5      -2.0020117948203908E-11
5.339132458017009E-5      -1.9922227021132594E-11
5.3561393456964855E-5     -1.9824156917609323E-11
5.373146233375962E-5      -1.972590763763409E-11
5.390153121055438E-5      -1.9627479181206905E-11
5.407160008734914E-5      -1.952887154832776E-11
5.4241668964143904E-5     -1.9430088181902503E-11
5.441173784093867E-5      -1.9331132554879146E-11
5.4581806717733425E-5     -1.9232004667257682E-11
5.475187559452819E-5      -1.9132704519038114E-11
5.492194447132294E-5      -1.9033232110220443E-11
5.50920133481177E-5       -1.8933587440804667E-11
5.526208222491247E-5      -1.8833773987354753E-11
5.543215110170724E-5      -1.8733795253856E-11
5.5602219978501995E-5     -1.8633651240308404E-11
5.577228885529676E-5      -1.8533341946711968E-11
5.594235773209153E-5      -1.843286737306669E-11
5.611242660888629E-5      -1.8332227519372576E-11
5.628249548568105E-5      -1.8231425894230694E-11
5.6452564362475814E-5     -1.8130466030979624E-11
5.662263323927058E-5      -1.8029347929619376E-11
5.679270211606533E-5      -1.792807159014994E-11
5.69627709928601E-5       -1.7826637012571325E-11
5.7132839869654856E-5     -1.7725044196883525E-11
5.730290874644962E-5      -1.7623296682096712E-11
5.747297762324438E-5      -1.7521398029194994E-11
5.764304650003915E-5      -1.7419348238178368E-11
5.781311537683391E-5      -1.7317147309046835E-11
5.7983184253628675E-5     -1.7214795241800396E-11
5.815325313042344E-5      -1.7112292036439052E-11
5.83233220072182E-5       -1.700964126073927E-11
5.8493390884012966E-5     -1.690684650160693E-11
5.866345976080773E-5      -1.6803907759042036E-11
5.8833528637602494E-5     -1.6700825033044588E-11
5.900359751439725E-5      -1.659759832361459E-11
5.9173666391192015E-5     -1.6494227630752036E-11
5.934373526798678E-5      -1.6390716549333292E-11
5.951380414478154E-5      -1.62870686904587E-11
5.96838730215763E-5       -1.6183284054128268E-11
5.9853941898371064E-5     -1.607936264034199E-11
6.0024010775165814E-5     -1.5975304449099874E-11
6.019407965196058E-5      -1.587110948040191E-11
6.036414852875534E-5      -1.5766781354524806E-11
6.0534217405550106E-5     -1.5662323705048898E-11
6.070428628234486E-5      -1.5557736531974183E-11
6.087435515913962E-5      -1.5453019835300664E-11
6.104442403593438E-5      -1.5348173615028337E-11
6.121449291272915E-5      -1.5243197871157206E-11
6.138456178952391E-5      -1.513809624763188E-11
6.155463066631868E-5      -1.5032872398820414E-11
6.172469954311344E-5      -1.4927526324722817E-11
6.18947684199082E-5       -1.4822058025339084E-11
6.206483729670297E-5      -1.471646750066922E-11
6.223490617349773E-5      -1.461075475071322E-11
6.24049750502925E-5       -1.4504923441351875E-11
6.257504392708726E-5      -1.439897724603494E-11
6.274511280388202E-5      -1.4292916164762414E-11
6.291518168067679E-5      -1.4186740197534293E-11
6.308525055747155E-5      -1.4080449344350583E-11
6.325531943426631E-5      -1.3974043605211281E-11
6.342538831106108E-5      -1.3867526666221823E-11
6.359545718785583E-5      -1.3760902218164142E-11
6.376552606465059E-5      -1.3654170261038238E-11
6.393559494144536E-5      -1.3547330794844118E-11
6.41056638182401E-5       -1.3440383819581778E-11
6.427573269503487E-5      -1.3333329335251216E-11
6.444580157182963E-5      -1.3226171046473954E-11
6.461587044862441E-5      -1.3118912659591174E-11
6.478593932541916E-5      -1.3011554174602874E-11
6.495600820221393E-5      -1.2904095591509057E-11
6.512607707900869E-5      -1.2796536910309724E-11
6.529614595580345E-5      -1.2688878131004872E-11
6.546621483259822E-5      -1.258112297501652E-11
6.5636283709393E-5        -1.247327516246501E-11
6.580635258618774E-5      -1.2365334693350345E-11
6.597642146298251E-5      -1.2257301567672523E-11
6.614649033977727E-5      -1.214917578543155E-11
6.631655921657204E-5      -1.2040957346627418E-11
6.64866280933668E-5       -1.193264998776256E-11
6.665669697016156E-5      -1.1824257440948031E-11
6.682676584695633E-5      -1.1715779706183837E-11
6.699683472375108E-5      -1.1607216783469973E-11
6.716690360054584E-5      -1.1498568672806444E-11
6.73369724773406E-5       -1.1389835374193244E-11
6.750704135413537E-5      -1.1281020637491507E-11
6.767711023093013E-5      -1.1172128205005113E-11
6.784717910772488E-5      -1.106315807673406E-11
6.801724798451965E-5      -1.095411025267835E-11
6.818731686131441E-5      -1.0844984732837981E-11
6.835738573810918E-5      -1.0735781517212957E-11
6.852745461490394E-5      -1.0626504367302191E-11
6.86975234916987E-5       -1.0517157033794646E-11
6.886759236849347E-5      -1.0407739516690319E-11
6.903766124528822E-5      -1.0298251815989214E-11
6.920773012208298E-5      -1.0188693931691328E-11
6.937779899887774E-5      -1.0079065863796663E-11
6.954786787567251E-5      -9.969371383723193E-12
6.971793675246727E-5      -9.859614248726243E-12
6.988800562926202E-5      -9.749794458805812E-12
7.005807450605679E-5      -9.639912013961897E-12
7.022814338285155E-5      -9.529966914194502E-12
7.039821225964631E-5      -9.419959159503624E-12
7.056828113644108E-5      -9.309892529505412E-12
7.073835001323584E-5      -9.199770786196197E-12
7.09084188900306E-5       -9.089593929575978E-12
7.107848776682537E-5      -8.979361959644756E-12
7.124855664362013E-5      -8.869074876402532E-12
7.14186255204149E-5       -8.758732679849306E-12
7.158869439720966E-5      -8.648339156069048E-12
7.175876327400443E-5      -8.537898069975567E-12
7.192883215079919E-5      -8.42740942156886E-12
7.209890102759395E-5      -8.316873210848929E-12
7.226896990438872E-5      -8.206289437815777E-12
7.243903878118348E-5      -8.0956581024694E-12
7.260910765797824E-5      -7.984982995622181E-12
7.277917653477301E-5      -7.874267883286513E-12
7.294924541156777E-5      -7.763512765462395E-12
7.311931428836252E-5      -7.652717642149826E-12
7.32893831651573E-5       -7.541882513348808E-12
7.345945204195205E-5      -7.43100737905934E-12
7.362952091874681E-5      -7.320096033081267E-12
7.379958979554158E-5      -7.209152240705636E-12
7.396965867233633E-5      -7.0981760019324454E-12
7.413972754913108E-5      -6.987167316761698E-12
7.430979642592586E-5      -6.876126185193395E-12
7.44798653027206E-5       -6.765052607227533E-12
7.464993417951538E-5      -6.6539503779131065E-12
7.482000305631013E-5      -6.542823259995525E-12
7.499007193310491E-5      -6.4316712534747855E-12
7.516014080989968E-5      -6.320494358350891E-12
7.533020968669444E-5      -6.2092925746238396E-12
7.55002785634892E-5       -6.098065902293634E-12
7.567034744028397E-5      -5.986818135914604E-12
7.584041631707873E-5      -5.875553033863193E-12
7.601048519387348E-5      -5.764270596139401E-12
7.618055407066824E-5      -5.652970822743227E-12
7.6350622947463E-5        -5.5416537136746745E-12
7.652069182425776E-5      -5.4303192689337395E-12
7.669076070105252E-5      -5.318971280823594E-12
7.686082957784729E-5      -5.207613501541764E-12
7.703089845464205E-5      -5.0962459310882495E-12
7.72009673314368E-5       -4.984868569463051E-12
7.737103620823156E-5      -4.873481416666169E-12
7.754110508502633E-5      -4.762084472697603E-12
7.771117396182109E-5      -4.650681525870043E-12
7.788124283861586E-5      -4.539276320381346E-12
7.805131171541062E-5      -4.427868856231514E-12
7.822138059220538E-5      -4.316459133420547E-12
7.839144946900015E-5      -4.205047151948445E-12
7.856151834579491E-5      -4.093632911815207E-12
7.873158722258968E-5      -3.982220195644247E-12
7.890165609938444E-5      -3.870812737777007E-12
7.907172497617919E-5      -3.7594105382134864E-12
7.924179385297395E-5      -3.6480135969536864E-12
7.941186272976872E-5      -3.5366219139976067E-12
7.958193160656348E-5      -3.4252354893452468E-12
7.975200048335824E-5      -3.3138580982550967E-12
7.992206936015301E-5      -3.202493463332805E-12
8.009213823694777E-5      -3.0911415845783704E-12
8.026220711374252E-5      -2.9798024619917945E-12
8.04322759905373E-5       -2.868476095573077E-12
8.060234486733205E-5      -2.7571624853222178E-12
8.077241374412683E-5      -2.645865397454952E-12
8.094248262092158E-5      -2.5345885409648984E-12
8.111255149771634E-5      -2.4233319158520568E-12
8.12826203745111E-5       -2.3120955221164266E-12
8.145268925130588E-5      -2.200879359758009E-12
8.162275812810063E-5      -2.089683428776803E-12
8.179282700489541E-5      -1.9785114846686475E-12
8.196289588169016E-5      -1.8673672209433592E-12
8.213296475848491E-5      -1.756250637600938E-12
8.230303363527969E-5      -1.6451617346413838E-12
8.247310251207444E-5      -1.5341005120646974E-12
8.26431713888692E-5       -1.4230669698708778E-12
8.281324026566398E-5      -1.3120648511790057E-12
8.298330914245874E-5      -1.2010978321280316E-12
8.31533780192535E-5       -1.090165912717955E-12
8.332344689604827E-5      -9.792690929487768E-13
8.349351577284304E-5      -8.684073728204964E-13
8.36635846496378E-5       -7.575807523331142E-13
8.383365352643258E-5      -6.467929606186548E-13
8.400372240322733E-5      -5.360476545195654E-13
8.417379128002208E-5      -4.2534483403584565E-13
8.434386015681686E-5      -3.1468449916749557E-13
8.45139290336116E-5       -2.0406664991451526E-13
8.468399791040637E-5      -9.349128627690484E-14
8.485406678720113E-5      1.7037878185488083E-14
8.50241356639959E-5       1.2751720788762935E-13
8.519420454079065E-5      2.379467028295189E-13
8.536427341758541E-5      3.4832636301115674E-13
8.553434229438016E-5      4.586561884325431E-13
8.570441117117493E-5      5.689361790936775E-13
8.587448004796969E-5      6.791626385418524E-13
8.604454892476445E-5      7.893319544745426E-13
8.621461780155922E-5      8.99444126891748E-13
8.638468667835397E-5      1.0094991557934688E-12
8.655475555514873E-5      1.1194970411797054E-12
8.67248244319435E-5       1.229437783050457E-12
8.689489330873826E-5      1.3393177035303169E-12
8.706496218553302E-5      1.4491332157576377E-12
8.723503106232779E-5      1.5588843197324197E-12
8.740509993912255E-5      1.6685710154546631E-12
8.757516881591731E-5      1.7781933029243674E-12
8.774523769271208E-5      1.887751182141533E-12
8.791530656950684E-5      1.99724099538089E-12
8.80853754463016E-5       2.106659183400325E-12
8.825544432309636E-5      2.216005746199837E-12
8.842551319989112E-5      2.325280683779426E-12
8.859558207668588E-5      2.4344839961390927E-12
8.876565095348065E-5      2.5436156832788363E-12
8.893571983027541E-5      2.652672109288111E-12
8.910578870707019E-5      2.7616497448252178E-12
8.927585758386494E-5      2.870548589890157E-12
8.94459264606597E-5       2.9793686444829288E-12
8.961599533745447E-5      3.088109908603533E-12
8.978606421424923E-5      3.1967723822519692E-12
8.9956133091044E-5        3.3053524531929136E-12
9.012620196783876E-5      3.413846624354534E-12
9.029627084463352E-5      3.5222548957368305E-12
9.046633972142827E-5      3.6305772673398036E-12
9.063640859822305E-5      3.738813739163454E-12
9.08064774750178E-5       3.84696431120778E-12
9.097654635181258E-5      3.955025397083501E-12
9.114661522860733E-5      4.062993534408696E-12
9.131668410540209E-5      4.170868723183367E-12
9.148675298219686E-5      4.278650963407512E-12
9.165682185899162E-5      4.386340255081134E-12
9.182689073578638E-5      4.4939365982042295E-12
9.199695961258116E-5      4.601436434791381E-12
9.216702848937591E-5      4.708836339606973E-12
9.233709736617066E-5      4.8161363126510045E-12
9.250716624296544E-5      4.923336353923478E-12
9.267723511976019E-5      5.030436463424393E-12
9.284730399655495E-5      5.137436641153747E-12
9.301737287334972E-5      5.244333360533788E-12
9.31874417501445E-5       5.351123235923462E-12
9.335751062693924E-5      5.457806267322773E-12
9.3527579503734E-5        5.564382454731718E-12
9.369764838052876E-5      5.6708517981503E-12
9.386771725732352E-5      5.777214297578516E-12
9.403778613411829E-5      5.883466461350474E-12
9.420785501091305E-5      5.989604945692771E-12
9.43779238877078E-5       6.095629750605408E-12
9.454799276450256E-5      6.201540876088386E-12
9.471806164129733E-5      6.307338322141703E-12
9.488813051809209E-5      6.413022088765361E-12
9.505819939488686E-5      6.518588723166058E-12
9.522826827168162E-5      6.624034925260082E-12
9.539833714847638E-5      6.729360695047432E-12
9.556840602527113E-5      6.834566032528109E-12
9.57384749020659E-5       6.939650937702113E-12
9.590854377886066E-5      7.044615410569444E-12
9.607861265565543E-5      7.149456041398523E-12
9.62486815324502E-5       7.254169574840508E-12
9.641875040924495E-5      7.3587560108954E-12
9.658881928603972E-5      7.463215349563198E-12
9.675888816283448E-5      7.567547590843905E-12
9.692895703962925E-5      7.671752734737514E-12
9.709902591642401E-5      7.77582741855451E-12
9.726909479321879E-5      7.879768431676234E-12
9.743916367001354E-5      7.983575774102688E-12
9.76092325468083E-5       8.087249445833873E-12
9.777930142360306E-5      8.190789446869788E-12
9.794937030039783E-5      8.294195777210433E-12
9.811943917719258E-5      8.397465124363456E-12
9.828950805398736E-5      8.500594321363626E-12
9.84595769307821E-5       8.60358336821094E-12
9.862964580757686E-5      8.706432264905396E-12
9.879971468437162E-5      8.809141011446997E-12
9.896978356116637E-5      8.911709607835741E-12
9.913985243796113E-5      9.014134793518887E-12
9.930992131475591E-5      9.116413443388007E-12
9.947999019155066E-5      9.218545557443099E-12
9.965005906834544E-5      9.320531135684164E-12
9.982012794514019E-5      9.422370178111204E-12
9.999019682193495E-5      9.524062684724216E-12
1.0016026569872972E-4     9.625605446979075E-12
1.003303345755245E-4      9.726995379808889E-12
1.0050040345231925E-4     9.828232483213656E-12
1.0067047232911402E-4     9.929316757193376E-12
1.0084054120590877E-4     1.003024820174805E-11
1.0101061008270354E-4     1.0131026816877677E-11
1.011806789594983E-4      1.0231649444708371E-11
1.0135074783629308E-4     1.0332113039170143E-11
1.0152081671308783E-4     1.0432417600262991E-11
1.016908855898826E-4      1.0532563127986916E-11
1.0186095446667736E-4     1.0632549622341917E-11
1.0203102334347212E-4     1.0732377083327996E-11
1.0220109222026688E-4     1.0832042401722656E-11
1.0237116109706166E-4     1.0931542570662182E-11
1.0254122997385641E-4     1.1030877590146573E-11
1.0271129885065116E-4     1.1130047460175828E-11
1.0288136772744593E-4     1.1229052180749953E-11
1.0305143660424069E-4     1.1327891751868941E-11
1.0322150548103545E-4     1.1426563111114712E-11
1.0339157435783022E-4     1.1525063292285653E-11
1.0356164323462497E-4     1.1623392295381763E-11
1.0373171211141973E-4     1.1721550120403045E-11
1.0390178098821448E-4     1.1819536767349496E-11
1.0407184986500925E-4     1.1917352236221117E-11
1.0424191874180401E-4     1.2014993510345302E-11
1.0441198761859879E-4     1.2112457666489011E-11
1.0458205649539355E-4     1.2209744704652239E-11
1.047521253721883E-4      1.230685462483499E-11
1.0492219424898308E-4     1.2403787427037264E-11
1.0509226312577784E-4     1.2500543111259058E-11
1.052623320025726E-4      1.259711870650106E-11
1.0543240087936737E-4     1.2693511335150004E-11
1.0560246975616213E-4     1.27897209972059E-11
1.0577253863295688E-4     1.2885747692668738E-11
1.0594260750975165E-4     1.298159142153853E-11
1.0611267638654641E-4     1.3077252183815266E-11
1.0628274526334116E-4     1.3172727054942342E-11
1.0645281414013594E-4     1.3268013205519287E-11
1.0662288301693069E-4     1.3363110635546102E-11
1.0679295189372544E-4     1.345801934502279E-11
1.0696302077052022E-4     1.355273933394935E-11
1.0713308964731497E-4     1.3647270602325782E-11
1.0730315852410975E-4     1.3741610273346462E-11
1.074732274009045E-4      1.3835755568148551E-11
1.0764329627769927E-4     1.3929706486732051E-11
1.0781336515449402E-4     1.402346302909696E-11
1.0798343403128879E-4     1.411702519524328E-11
1.0815350290808356E-4     1.421039298517101E-11
1.0832357178487833E-4     1.4303563571389074E-11
1.0849364066167309E-4     1.4396534227580198E-11
1.0866370953846784E-4     1.4489304953744387E-11
1.088337784152626E-4      1.4581875749881637E-11
1.0900384729205736E-4     1.467424661599195E-11
1.0917391616885212E-4     1.4766417552075324E-11
1.0934398504564688E-4     1.4858385781590378E-11
1.0951405392244166E-4     1.4950148632479834E-11
1.0968412279923641E-4     1.5041706104743693E-11
1.0985419167603116E-4     1.5133058198381955E-11
1.1002426055282593E-4     1.5224204913394627E-11
1.1019432942962069E-4     1.53151462497817E-11
1.1036439830641547E-4     1.5405879483558555E-11
1.1053446718321023E-4     1.54964019984134E-11
1.10704536060005E-4       1.558671379434623E-11
1.1087460493679976E-4     1.567681487135706E-11
1.1104467381359452E-4     1.5766705229445884E-11
1.1121474269038929E-4     1.5856384868612697E-11
1.1138481156718405E-4     1.5945851118965914E-11
1.1155488044397881E-4     1.603510142127265E-11
1.1172494932077356E-4     1.6124135775532897E-11
1.1189501819756833E-4     1.6212954181746658E-11
1.1206508707436308E-4     1.6301556639913935E-11
1.1223515595115784E-4     1.6389943150034724E-11
1.124052248279526E-4      1.6478111097752698E-11
1.1257529370474738E-4     1.6566057982132976E-11
1.1274536258154213E-4     1.6653783803175555E-11
1.1291543145833691E-4     1.6741288560880434E-11
1.1308550033513168E-4     1.6828572255247617E-11
1.1325556921192644E-4     1.6915634886277105E-11
1.134256380887212E-4      1.7002473896478488E-11
1.1359570696551597E-4     1.7089086844343487E-11
1.1376577584231072E-4     1.71754737298721E-11
1.1393584471910548E-4     1.7261634553064325E-11
1.1410591359590025E-4     1.734756931392017E-11
1.1427598247269501E-4     1.743327801243963E-11
1.1444605134948977E-4     1.751875814925137E-11
1.1461612022628454E-4     1.7604007343330243E-11
1.147861891030793E-4      1.7689025594676245E-11
1.1495625797987405E-4     1.7773812903289382E-11
1.1512632685666883E-4     1.7858369269169656E-11
1.1529639573346359E-4     1.794269469231706E-11
1.1546646461025836E-4     1.8026786732699268E-11
1.156365334870531E-4      1.8110643070772312E-11
1.1580660236384786E-4     1.81942637065362E-11
1.1597667124064261E-4     1.8277648639990926E-11
1.1614674011743738E-4     1.8360797871136496E-11
1.1631680899423213E-4     1.8443711399972903E-11
1.1648687787102691E-4     1.8526386846991062E-11
1.1665694674782166E-4     1.860882195508422E-11
1.1682701562461643E-4     1.8691016724252384E-11
1.1699708450141119E-4     1.877297115449555E-11
1.1716715337820595E-4     1.8854685245813723E-11
1.1733722225500072E-4     1.89361589982069E-11
1.175072911317955E-4      1.9017390093818707E-11
1.1767736000859025E-4     1.9098376338907458E-11
1.17847428885385E-4       1.9179117733473156E-11
1.1801749776217977E-4     1.9259614277515797E-11
1.1818756663897452E-4     1.9339865971035387E-11
1.1835763551576929E-4     1.9419872814031917E-11
1.1852770439256405E-4     1.949963255137625E-11
1.1869777326935883E-4     1.9579143053597114E-11
1.1886784214615358E-4     1.9658404320694508E-11
1.1903791102294836E-4     1.9737416352668427E-11
1.192079798997431E-4      1.981617914951888E-11
1.1937804877653787E-4     1.9894692711245863E-11
1.1954811765333263E-4     1.9972954846470942E-11
1.1971818653012741E-4     2.0050963490877198E-11
1.1988825540692216E-4     2.0128718644464628E-11
1.2005832428371694E-4     2.0206220307233242E-11
1.2022839316051169E-4     2.0283468479183036E-11
1.2039846203730645E-4     2.0360463160314007E-11
1.2056853091410122E-4     2.043720222397007E-11
1.20738599790896E-4       2.0513683671851295E-11
1.2090866866769075E-4     2.0589907503957686E-11
1.2107873754448552E-4     2.0665873720289242E-11
1.2124880642128027E-4     2.074158232084597E-11
1.2141887529807504E-4     2.0817033305627855E-11
1.215889441748698E-4      2.089222461361966E-11
1.2175901305166458E-4     2.096715431337986E-11
1.2192908192845933E-4     2.104182240490844E-11
1.2209915080525408E-4     2.1116228888205407E-11
1.2226921968204886E-4     2.1190373763270763E-11
1.224392885588436E-4      2.1264257030104503E-11
1.2260935743563836E-4     2.13378766942006E-11
1.2277942631243313E-4     2.1411230891792527E-11
1.2294949518922788E-4     2.148431962288028E-11
1.2311956406602266E-4     2.1557142887463864E-11
1.232896329428174E-4      2.1629700685543276E-11
1.2345970181961216E-4     2.170199301711852E-11
1.236297706964069E-4      2.1774017955019762E-11
1.2379983957320172E-4     2.1845773703940973E-11
1.2396990844999647E-4     2.1917260263882156E-11
1.2413997732679122E-4     2.1988477634843306E-11
1.2431004620358597E-4     2.205942581682443E-11
1.2448011508038075E-4     2.2130104809825524E-11
1.246501839571755E-4      2.2200512754804525E-11
1.2482025283397027E-4     2.2270647925667082E-11
1.2499032171076502E-4     2.2340510322413184E-11
1.2516039058755977E-4     2.2410099945042837E-11
1.2533045946435455E-4     2.2479416793556042E-11
1.255005283411493E-4      2.2548460867952796E-11
1.2567059721794408E-4     2.2617230378074666E-11
1.2584066609473883E-4     2.268572366775602E-11
1.2601073497153358E-4     2.275394073699686E-11
1.2618080384832836E-4     2.2821881585797185E-11
1.2635087272512313E-4     2.2889546214157003E-11
1.2652094160191788E-4     2.2956934622076305E-11
1.2669101047871266E-4     2.3024045089000137E-11
1.268610793555074E-4      2.3090876029374056E-11
1.270311482323022E-4      2.3157427443198065E-11
1.2720121710909694E-4     2.3223699330472162E-11
1.2737128598589172E-4     2.3289691691196356E-11
1.2754135486268647E-4     2.3355404525370638E-11
1.2771142373948125E-4     2.34208361827265E-11
1.27881492616276E-4       2.348598514896695E-11
1.2805156149307075E-4     2.355085142409199E-11
1.282216303698655E-4      2.361543500810162E-11
1.2839169924666027E-4     2.3679735900995843E-11
1.2856176812345502E-4     2.3743754102774654E-11
1.287318370002498E-4      2.3807488034096602E-11
1.2890190587704455E-4     2.3870936252533693E-11
1.290719747538393E-4      2.3934098758085934E-11
1.2924204363063408E-4     2.399697555075331E-11
1.2941211250742886E-4     2.4059566630535848E-11
1.295821813842236E-4      2.412187199743352E-11
1.2975225026101836E-4     2.4183890143630893E-11
1.2992231913781313E-4     2.4245619699145198E-11
1.3009238801460788E-4     2.430706066397644E-11
1.3026245689140266E-4     2.4368213038124617E-11
1.304325257681974E-4      2.4429076821589734E-11
1.3060259464499216E-4     2.4489652014371782E-11
1.3077266352178694E-4     2.4549937180750455E-11
1.3094273239858172E-4     2.4609931023721383E-11
1.3111280127537647E-4     2.4669633543284574E-11
1.3128287015217125E-4     2.4729044739440026E-11
1.31452939028966E-4       2.4788164612187743E-11
1.3162300790576077E-4     2.484699316152772E-11
1.3179307678255552E-4     2.490552902437817E-11
1.319631456593503E-4      2.4963770977198876E-11
1.3213321453614505E-4     2.502171901998983E-11
1.3230328341293983E-4     2.5079373152751032E-11
1.3247335228973458E-4     2.5136733375482487E-11
1.3264342116652933E-4     2.5193799688184192E-11
1.3281349004332408E-4     2.525057080092403E-11
1.3298355892011888E-4     2.5307045564067198E-11
1.3315362779691363E-4     2.5363223977613685E-11
1.3332369667370838E-4     2.5419106041563505E-11
1.3349376555050313E-4     2.547469175591665E-11
1.336638344272979E-4      2.5529981120673124E-11
1.3383390330409266E-4     2.5584972919530037E-11
1.3400397218088744E-4     2.5639666077154983E-11
1.341740410576822E-4      2.5694060593547974E-11
1.3434410993447694E-4     2.5748156468709002E-11
1.3451417881127172E-4     2.5801953702638077E-11
1.3468424768806647E-4     2.5855452295335186E-11
1.3485431656486125E-4     2.5908651104574733E-11
1.35024385441656E-4       2.596154912968103E-11
1.3519445431845077E-4     2.6014146370654076E-11
1.3536452319524555E-4     2.6066442827493876E-11
1.355345920720403E-4      2.611843850020043E-11
1.3570466094883508E-4     2.6170133388773732E-11
1.3587472982562983E-4     2.6221526425475867E-11
1.360447987024246E-4      2.6272616684602548E-11
1.3621486757921936E-4     2.6323404166153782E-11
1.363849364560141E-4      2.6373888870129562E-11
1.3655500533280886E-4     2.6424070796529898E-11
1.367250742096036E-4      2.6473949945354784E-11
1.3689514308639836E-4     2.6523525323663982E-11
1.3706521196319314E-4     2.6572796081067555E-11
1.3723528083998789E-4     2.6621762217565517E-11
1.3740534971678266E-4     2.6670423733157864E-11
1.375754185935774E-4      2.6718780627844602E-11
1.3774548747037216E-4     2.6766832901625726E-11
1.3791555634716691E-4     2.681457963660541E-11
1.3808562522396172E-4     2.686202005796121E-11
1.3825569410075647E-4     2.690915416569311E-11
1.3842576297755122E-4     2.6955981959801126E-11
1.3859583185434597E-4     2.700250344028526E-11
1.3876590073114075E-4     2.70487186071455E-11
1.3893596960793552E-4     2.709462661794396E-11
1.391060384847303E-4      2.7140226773597976E-11
1.3927610736152505E-4     2.7185519074107554E-11
1.3944617623831983E-4     2.7230503519472687E-11
1.3961624511511458E-4     2.727518010969338E-11
1.3978631399190936E-4     2.7319548844769632E-11
1.3995638286870413E-4     2.7363608957731273E-11
1.4012645174549888E-4     2.7407359825517795E-11
1.4029652062229363E-4     2.745080144812922E-11
1.404665894990884E-4      2.7493933825565535E-11
1.406366583758832E-4      2.7536756957826744E-11
1.4080672725267794E-4     2.757927084491285E-11
1.409767961294727E-4      2.7621474795871805E-11
1.4114686500626747E-4     2.7663368263559564E-11
1.4131693388306222E-4     2.7704951247976127E-11
1.41487002759857E-4       2.7746223749121496E-11
1.4165707163665175E-4     2.778718576699568E-11
1.418271405134465E-4      2.782783730159866E-11
1.4199720939024125E-4     2.786817773803266E-11
1.4216727826703605E-4     2.7908206605263786E-11
1.423373471438308E-4      2.7947923903292028E-11
1.4250741602062555E-4     2.7987329632117386E-11
1.426774848974203E-4      2.8026423791739864E-11
1.4284755377421508E-4     2.8065206382159464E-11
1.4301762265100983E-4     2.8103676864708777E-11
1.431876915278046E-4      2.814183484446893E-11
1.4335776040459936E-4     2.8179680321439933E-11
1.435278292813941E-4      2.8217213295621773E-11
1.4369789815818888E-4     2.825443376701446E-11
1.4386796703498363E-4     2.829134173561799E-11
1.440380359117784E-4      2.8327936739111318E-11
1.4420810478857316E-4     2.8364218458678343E-11
1.443781736653679E-4      2.840018689431906E-11
1.445482425421627E-4      2.8435842046033465E-11
1.4471831141895747E-4     2.847118391382157E-11
1.4488838029575222E-4     2.850621249768336E-11
1.45058449172547E-4       2.8540927411669862E-11
1.4522851804934175E-4     2.8575328413069736E-11
1.4539858692613652E-4     2.8609415501882974E-11
1.4556865580293127E-4     2.8643188678109582E-11
1.4573872467972605E-4     2.867664794174956E-11
1.459087935565208E-4      2.8709793292802906E-11
1.4607886243331558E-4     2.8742624421757576E-11
1.4624893131011033E-4     2.877514116182766E-11
1.4641900018690508E-4     2.8807343513013154E-11
1.4658906906369983E-4     2.8839231475314064E-11
1.467591379404946E-4      2.8870805048730388E-11
1.4692920681728936E-4     2.890206423326213E-11
1.4709927569408413E-4     2.8933008796017974E-11
1.4726934457087888E-4     2.8963638645905412E-11
1.4743941344767364E-4     2.8993953782924442E-11
1.476094823244684E-4      2.902395420707507E-11
1.477795512012632E-4      2.90536399183573E-11
1.4794962007805794E-4     2.9083010916771123E-11
1.4811968895485272E-4     2.911206704580934E-11
1.4828975783164747E-4     2.9140808289998967E-11
1.4845982670844225E-4     2.916923464934002E-11
1.48629895585237E-4       2.9197346123832485E-11
1.4879996446203175E-4     2.922514271347638E-11
1.4897003333882652E-4     2.9252624418271695E-11
1.491401022156213E-4      2.927979115803071E-11
1.4931017109241605E-4     2.930664299269848E-11
1.494802399692108E-4      2.933317992227501E-11
1.4965030884600555E-4     2.9359401946760303E-11
1.4982037772280033E-4     2.9385309066154365E-11
1.4999044659959508E-4     2.941090128045719E-11
1.5016051547638986E-4     2.943617858542098E-11
1.503305843531846E-4      2.9461141116407364E-11
1.5050065322997936E-4     2.9485788873416336E-11
1.506707221067741E-4      2.9510121856447906E-11
1.5084079098356886E-4     2.953414006550208E-11
1.510108598603636E-4      2.9557843500578844E-11
1.511809287371584E-4      2.9581232233090866E-11
1.5135099761395316E-4     2.960430647368746E-11
1.515210664907479E-4      2.9627066222368616E-11
1.5169113536754272E-4     2.964951147913434E-11
1.5186120424433747E-4     2.9671642243984635E-11
1.5203127312113225E-4     2.96934585169195E-11
1.5220134199792702E-4     2.971496044470216E-11
1.5237141087472177E-4     2.9736148313077714E-11
1.5254147975151652E-4     2.9757022122046165E-11
1.5271154862831127E-4     2.9777581871607506E-11
1.5288161750510602E-4     2.979782756176175E-11
1.5305168638190077E-4     2.9817759192508883E-11
1.5322175525869555E-4     2.983737698571235E-11
1.533918241354903E-4      2.985668130187673E-11
1.5356189301228508E-4     2.9875672141002035E-11
1.5373196188907983E-4     2.9894349503088246E-11
1.5390203076587458E-4     2.991271338813538E-11
1.5407209964266936E-4     2.993076379614342E-11
1.5424216851946414E-4     2.99485010238203E-11
1.5441223739625889E-4     2.9965925506020445E-11
1.5458230627305366E-4     2.998303724274386E-11
1.5475237514984844E-4     2.9999836233990534E-11
1.549224440266432E-4      3.001632247976048E-11
1.5509251290343797E-4     3.0032495980053695E-11
1.5526258178023272E-4     3.0048357106132117E-11
1.554326506570275E-4      3.0063906366747543E-11
1.5560271953382225E-4     3.0079143761899975E-11
1.5577278841061702E-4     3.0094069291589405E-11
1.559428572874118E-4      3.0108682955815846E-11
1.5611292616420655E-4     3.0122984754579286E-11
1.5628299504100133E-4     3.013697513336793E-11
1.5645306391779608E-4     3.015065467434013E-11
1.5662313279459083E-4     3.016402337749587E-11
1.567932016713856E-4      3.017708124283517E-11
1.5696327054818036E-4     3.0189828270358024E-11
1.571333394249751E-4      3.020226446006443E-11
1.5730340830176988E-4     3.0214390331304957E-11
1.5747347717856466E-4     3.022620653911539E-11
1.576435460553594E-4      3.023771308349573E-11
1.5781361493215416E-4     3.024890996444597E-11
1.5798368380894897E-4     3.0259797181966125E-11
1.5815375268574372E-4     3.027037473605618E-11
1.583238215625385E-4      3.028064321951435E-11
1.5849389043933325E-4     3.029060335970291E-11
1.58663959316128E-4       3.0300255156621854E-11
1.5883402819292277E-4     3.030959861027119E-11
1.5900409706971752E-4     3.031863372065091E-11
1.5917416594651227E-4     3.032736048776102E-11
1.5934423482330705E-4     3.033577957738074E-11
1.595143037001018E-4      3.034389178862763E-11
1.5968437257689655E-4     3.035169712150169E-11
1.5985444145369133E-4     3.035919557600293E-11
1.6002451033048608E-4     3.0366387152131345E-11
1.6019457920728083E-4     3.0373271849886936E-11
1.6036464808407558E-4     3.037985040752125E-11
1.6053471696087036E-4     3.038612369530516E-11
1.607047858376651E-4      3.0392091713238664E-11
1.6087485471445986E-4     3.0397754461321764E-11
1.6104492359125464E-4     3.040311193955446E-11
1.6121499246804939E-4     3.0408164147936756E-11
1.6138506134484416E-4     3.0412911896643856E-11
1.6155513022163894E-4     3.04173561264661E-11
1.617251990984337E-4      3.042149683740349E-11
1.6189526797522844E-4     3.042533402945603E-11
1.620653368520232E-4      3.042886770262372E-11
1.6223540572881797E-4     3.043209785690655E-11
1.6240547460561272E-4     3.043502537381697E-11
1.625755434824075E-4      3.043765126399796E-11
1.6274561235920225E-4     3.0439975527449506E-11
1.6291568123599702E-4     3.044199816417162E-11
1.630857501127918E-4      3.044371917416431E-11
1.6325581898958655E-4     3.0445138557427554E-11
1.6342588786638133E-4     3.0446257266185144E-11
1.6359595674317608E-4     3.044707638023543E-11
1.6376602561997083E-4     3.044759589957843E-11
1.639360944967656E-4      3.0447815824214124E-11
1.6410616337356036E-4     3.044773615414253E-11
1.642762322503551E-4      3.044735688936363E-11
1.6444630112714989E-4     3.044667905213717E-11
1.6461637000394464E-4     3.0445703790701634E-11
1.647864388807394E-4      3.0444431105057016E-11
1.6495650775753416E-4     3.044286099520331E-11
1.651265766343289E-4      3.0440993461140537E-11
1.652966455111237E-4      3.043882850286867E-11
1.6546671438791847E-4     3.043636721197164E-11
1.6563678326471322E-4     3.0433610804381966E-11
1.6580685214150797E-4     3.043055928009965E-11
1.6597692101830275E-4     3.0427212639124705E-11
1.6614698989509752E-4     3.042357088145713E-11
1.6631705877189227E-4     3.041963400709691E-11
1.6648712764868705E-4     3.041540317621227E-11
1.666571965254818E-4      3.041087967164355E-11
1.6682726540227658E-4     3.040606349339078E-11
1.6699733427907133E-4     3.0400954641453945E-11
1.6716740315586608E-4     3.0395553115833046E-11
1.6733747203266086E-4     3.038985891652808E-11
1.6750754090945563E-4     3.03838732715123E-11
1.6767760978625038E-4     3.0377597529721506E-11
1.6784767866304514E-4     3.03710316911557E-11
1.6801774753983989E-4     3.036417575581488E-11
1.6818781641663466E-4     3.0357029723699054E-11
1.683578852934294E-4      3.034959359480821E-11
1.685279541702242E-4      3.0341868664103126E-11
1.6869802304701894E-4     3.0333856345776576E-11
1.688680919238137E-4      3.032555663982856E-11
1.6903816080060847E-4     3.031696954625907E-11
1.6920822967740322E-4     3.030809506506812E-11
1.69378298554198E-4       3.0298933196255695E-11
1.6954836743099277E-4     3.028948530092211E-11
1.6971843630778755E-4     3.0279752857644224E-11
1.698885051845823E-4      3.026973586642203E-11
1.7005857406137708E-4     3.025943432725554E-11
1.7022864293817186E-4     3.024884824014474E-11
1.703987118149666E-4      3.023797760508965E-11
1.7056878069176138E-4     3.022682384845618E-11
1.707388495685561E-4      3.021538851229557E-11
1.7090891844535086E-4     3.020367159660782E-11
1.710789873221456E-4      3.0191673101392915E-11
1.7124905619894036E-4     3.017939302665087E-11
1.714191250757351E-4      3.0166831372381684E-11
1.7158919395252989E-4     3.0153989629322477E-11
1.7175926282932466E-4     3.0140869402046816E-11
1.719293317061194E-4      3.0127470690554697E-11
1.7209940058291416E-4     3.0113793494846124E-11
1.7226946945970894E-4     3.009983781492109E-11
1.7243953833650372E-4     3.0085603650779614E-11
1.726096072132985E-4      3.00710925566103E-11
1.7277967609009325E-4     3.0056306198519416E-11
1.72949744966888E-4       3.004124457650697E-11
1.7311981384368277E-4     3.002590769057295E-11
1.7328988272047752E-4     3.001029554071738E-11
1.7345995159727227E-4     2.999440812694023E-11
1.7363002047406705E-4     2.9978247065928226E-11
1.738000893508618E-4      2.996181408430369E-11
1.7397015822765658E-4     2.994510918206662E-11
1.7414022710445133E-4     2.992813235921702E-11
1.7431029598124608E-4     2.991088361575489E-11
1.7448036485804086E-4     2.9893362951680234E-11
1.7465043373483563E-4     2.987557204519086E-11
1.7482050261163039E-4     2.9857512682382116E-11
1.7499057148842514E-4     2.9839184863253996E-11
1.7516064036521989E-4     2.98205885878065E-11
1.7533070924201466E-4     2.980172385603964E-11
1.7550077811880941E-4     2.978259066795341E-11
1.756708469956042E-4      2.976319076223409E-11
1.7584091587239894E-4     2.97435259833842E-11
1.760109847491937E-4      2.972359633140376E-11
1.7618105362598847E-4     2.970340180629275E-11
1.7635112250278322E-4     2.968294240805118E-11
1.76521191379578E-4       2.9662218136679045E-11
1.7669126025637275E-4     2.964123079029265E-11
1.7686132913316755E-4     2.961998227071534E-11
1.770313980099623E-4      2.959847257794711E-11
1.7720146688675705E-4     2.957670171198797E-11
1.7737153576355183E-4     2.955466967283792E-11
1.7754160464034658E-4     2.953237646049695E-11
1.7771167351714136E-4     2.950982393142306E-11
1.778817423939361E-4      2.948701404364889E-11
1.7805181127073086E-4     2.946394679717444E-11
1.782218801475256E-4      2.944062219199971E-11
1.7839194902432036E-4     2.94170402281247E-11
1.7856201790111514E-4     2.9393200905549417E-11
1.787320867779099E-4      2.936910613795932E-11
1.789021556547047E-4      2.9344757938456986E-11
1.7907222453149944E-4     2.93201563070424E-11
1.7924229340829422E-4     2.929530124371558E-11
1.79412362285089E-4       2.927019274847651E-11
1.7958243116188375E-4     2.9244830821325205E-11
1.7975250003867852E-4     2.9219217432037336E-11
1.7992256891547327E-4     2.919335464761686E-11
1.8009263779226802E-4     2.9167242468063787E-11
1.8026270666906277E-4     2.914088089337811E-11
1.8043277554585752E-4     2.911426992355983E-11
1.806028444226523E-4      2.9087409558608955E-11
1.8077291329944705E-4     2.906030182323482E-11
1.8094298217624183E-4     2.903294883714254E-11
1.8111305105303658E-4     2.9005350600332122E-11
1.8128311992983136E-4     2.8977507112803565E-11
1.8145318880662613E-4     2.894941837455687E-11
1.8162325768342089E-4     2.8921084385592037E-11
1.8179332656021566E-4     2.889250722437955E-11
1.8196339543701044E-4     2.8863689062091273E-11
1.821334643138052E-4      2.8834629898727195E-11
1.8230353319059994E-4     2.8805329734287322E-11
1.824736020673947E-4      2.877578856877166E-11
1.8264367094418947E-4     2.8746006402180202E-11
1.8281373982098422E-4     2.8715985365557845E-11
1.82983808697779E-4       2.8685727680273153E-11
1.8315387757457375E-4     2.8655233346326127E-11
1.8332394645136852E-4     2.8624502363716765E-11
1.834940153281633E-4      2.8593534732445074E-11
1.8366408420495805E-4     2.8562330452511048E-11
1.838341530817528E-4      2.8530891706332156E-11
1.8400422195854755E-4     2.849922076416898E-11
1.841742908353423E-4      2.8467317626021514E-11
1.8434435971213705E-4     2.843518229188976E-11
1.845144285889318E-4      2.8402814761773725E-11
1.8468449746572655E-4     2.8370215035673404E-11
1.8485456634252133E-4     2.83373853461521E-11
1.850246352193161E-4      2.830432801103422E-11
1.8519470409611086E-4     2.827104303031978E-11
1.8536477297290564E-4     2.8237530404008776E-11
1.8553484184970039E-4     2.8203790132101213E-11
1.8570491072649516E-4     2.8169822214597084E-11
1.8587497960328991E-4     2.8135628932920256E-11
1.8604504848008472E-4     2.8101212651140494E-11
1.8621511735687947E-4     2.8066573369257786E-11
1.8638518623367422E-4     2.803171108727214E-11
1.86555255110469E-4       2.799662580518355E-11
1.8672532398726375E-4     2.7961317522992022E-11
1.8689539286405852E-4     2.7925788569709644E-11
1.870654617408533E-4      2.7890041354288075E-11
1.8723553061764805E-4     2.7854075876727322E-11
1.8740559949444283E-4     2.7817892137027382E-11
1.8757566837123758E-4     2.7781490135188254E-11
1.8774573724803236E-4     2.7744869871209946E-11
1.879158061248271E-4      2.7708033720374835E-11
1.8808587500162188E-4     2.7670984135132185E-11
1.8825594387841663E-4     2.7633721115482E-11
1.8842601275521139E-4     2.7596244661424268E-11
1.8859608163200614E-4     2.7558554772959E-11
1.8876615050880089E-4     2.752065145008619E-11
1.8893621938559564E-4     2.7482537112952614E-11
1.891062882623904E-4      2.7444214256198832E-11
1.8927635713918516E-4     2.7405682879824843E-11
1.8944642601597991E-4     2.7366942983830656E-11
1.896164948927747E-4      2.7327994568216267E-11
1.8978656376956944E-4     2.7288837632981673E-11
1.8995663264636422E-4     2.724947464179152E-11
1.90126701523159E-4       2.7209908130060032E-11
1.9029677039995375E-4     2.717013809778719E-11
1.904668392767485E-4      2.7130164544972998E-11
1.906369081535433E-4      2.7089987471617462E-11
1.9080697703033805E-4     2.704960687772058E-11
1.909770459071328E-4      2.700902526908877E-11
1.9114711478392758E-4     2.6968245220483548E-11
1.9131718366072233E-4     2.692726673190491E-11
1.9148725253751708E-4     2.6886089803352852E-11
1.9165732141431186E-4     2.6844714434827385E-11
1.918273902911066E-4      2.6803140626328497E-11
1.9199745916790139E-4     2.6761370924420197E-11
1.9216752804469614E-4     2.6719407941753738E-11
1.923375969214909E-4      2.6677251678329133E-11
1.9250766579828566E-4     2.6634902134146373E-11
1.9267773467508041E-4     2.6592359309205464E-11
1.928478035518752E-4      2.65496232035064E-11
1.9301787242866997E-4     2.650669640285288E-11
1.9318794130546472E-4     2.6463581556415625E-11
1.9335801018225947E-4     2.6420278664194628E-11
1.9352807905905422E-4     2.6376787726189883E-11
1.9369814793584902E-4     2.6333108742401403E-11
1.9386821681264377E-4     2.6289241712829176E-11
1.9403828568943855E-4     2.6245189261110767E-11
1.942083545662333E-4      2.620095407146571E-11
1.9437842344302805E-4     2.6156536143893997E-11
1.9454849231982283E-4     2.6111935478395636E-11
1.9471856119661758E-4     2.6067152074970627E-11
1.9488863007341233E-4     2.6022185933618965E-11
1.9505869895020708E-4     2.5977039714336214E-11
1.9522876782700189E-4     2.59317161349154E-11
1.9539883670379664E-4     2.5886215195356512E-11
1.9556890558059139E-4     2.5840536895659558E-11
1.9573897445738616E-4     2.579468123582454E-11
1.959090433341809E-4      2.5748648215851453E-11
1.960791122109757E-4      2.5702440530719245E-11
1.9624918108777047E-4     2.5656060930224946E-11
1.964192499645652E-4      2.5609509414368554E-11
1.9658931884136E-4        2.556278598315007E-11
1.9675938771815472E-4     2.5515890636569492E-11
1.969294565949495E-4      2.5468823374626822E-11
1.9709952547174425E-4     2.5421586925771522E-11
1.9726959434853905E-4     2.537418407028425E-11
1.9743966322533377E-4     2.5326614808165005E-11
1.9760973210212855E-4     2.5278879139413784E-11
1.977798009789233E-4      2.5230977064030595E-11
1.9794986985571805E-4     2.518290858201543E-11
1.981199387325128E-4      2.5134676453725413E-11
1.9829000760930758E-4     2.5086283488502898E-11
1.9846007648610233E-4     2.503772968634789E-11
1.9863014536289708E-4     2.4989015047260385E-11
1.9880021423969186E-4     2.4940139571240387E-11
1.989702831164866E-4      2.4891103258287887E-11
1.9914035199328139E-4     2.4841908899441193E-11
1.9931042087007614E-4     2.4792559331301862E-11
1.9948048974687091E-4     2.474305455386989E-11
1.9965055862366566E-4     2.4693394567145277E-11
1.9982062750046041E-4     2.4643579371128026E-11
1.999906963772552E-4      2.4593608965818136E-11
2.0016076525404997E-4     2.4543486171270107E-11
2.0033083413084472E-4     2.449321384985805E-11
2.0050090300763947E-4     2.4442792001581978E-11
2.0067097188443422E-4     2.4392220626441883E-11
2.00841040761229E-4       2.434149972443777E-11
2.0101110963802375E-4     2.429062929556964E-11
2.0118117851481853E-4     2.4239612187236972E-11
2.013512473916133E-4      2.418845128618155E-11
2.0152131626840805E-4     2.4137146592403374E-11
2.0169138514520283E-4     2.4085698105902443E-11
2.0186145402199758E-4     2.4034105826678764E-11
2.0203152289879236E-4     2.3982369754732323E-11
2.0220159177558714E-4     2.393049276314082E-11
2.0237166065238189E-4     2.387847776156783E-11
2.0254172952917664E-4     2.3826324750013354E-11
2.0271179840597139E-4     2.3774033728477387E-11
2.028818672827662E-4      2.3721604696959932E-11
2.0305193615956094E-4     2.366903765546099E-11
2.0322200503635572E-4     2.3616335501101545E-11
2.033920739131505E-4      2.3563501164984736E-11
2.0356214278994525E-4     2.3510534647110553E-11
2.0373221166674E-4        2.3457435947479E-11
2.039022805435348E-4      2.340420506609008E-11
2.0407234942032955E-4     2.3350842002943787E-11
2.042424182971243E-4      2.3297349677642372E-11
2.0441248717391905E-4     2.3243731041159264E-11
2.045825560507138E-4      2.318998609349446E-11
2.0475262492750855E-4     2.3136114834647962E-11
2.049226938043033E-4      2.3082117264619766E-11
2.0509276268109805E-4     2.3027993383409877E-11
2.0526283155789283E-4     2.2973746131581426E-11
2.054329004346876E-4      2.291937847834523E-11
2.0560296931148236E-4     2.2864890423701275E-11
2.057730381882771E-4      2.2810281967649572E-11
2.0594310706507186E-4     2.2755553110190124E-11
2.0611317594186664E-4     2.2700703851322918E-11
2.0628324481866141E-4     2.264573715105972E-11
2.064533136954562E-4      2.2590655995187748E-11
2.0662338257225094E-4     2.2535460383706995E-11
2.0679345144904572E-4     2.2480150316617466E-11
2.0696352032584047E-4     2.2424725793919162E-11
2.0713358920263525E-4     2.236918681561208E-11
2.0730365807943002E-4     2.2313536359632007E-11
2.0747372695622477E-4     2.2257777426677937E-11
2.0764379583301952E-4     2.220191001674988E-11
2.0781386470981427E-4     2.2145934129847828E-11
2.0798393358660902E-4     2.2089849765971792E-11
2.0815400246340378E-4     2.203365692512176E-11
2.0832407134019855E-4     2.1977358601611214E-11
2.0849414021699333E-4     2.1920957809396184E-11
2.0866420909378808E-4     2.1864454548476667E-11
2.0883427797058283E-4     2.1807848818852663E-11
2.0900434684737764E-4     2.1751140620524175E-11
2.0917441572417239E-4     2.16943299534912E-11
2.0934448460096714E-4     2.1637419826875317E-11
2.0951455347776189E-4     2.1580413266248754E-11
2.0968462235455664E-4     2.1523310271611515E-11
2.098546912313514E-4      2.1466110842963595E-11
2.1002476010814614E-4     2.1408814980305E-11
2.101948289849409E-4      2.1351422683635727E-11
2.1036489786173566E-4     2.1293936975289232E-11
2.1053496673853044E-4     2.1236360890831707E-11
2.107050356153252E-4      2.117869443026316E-11
2.1087510449211997E-4     2.1120937593583585E-11
2.1104517336891475E-4     2.1063090380792986E-11
2.1121524224570952E-4     2.1005152791891362E-11
2.113853111225043E-4      2.0947127860802278E-11
2.1155537999929905E-4     2.0889018631484944E-11
2.117254488760938E-4      2.083082510393937E-11
2.1189551775288855E-4     2.0772547278165547E-11
2.1206558662968333E-4     2.0714185154163484E-11
2.1223565550647808E-4     2.0655738731933177E-11
2.1240572438327286E-4     2.0597211055353558E-11
2.1257579326006764E-4     2.0538605175189248E-11
2.1274586213686239E-4     2.047992109144025E-11
2.1291593101365716E-4     2.0421158804106563E-11
2.130859998904519E-4      2.0362318313188188E-11
2.132560687672467E-4      2.0303399618685126E-11
2.1342613764404144E-4     2.0244405772803626E-11
2.135962065208362E-4      2.018533983152231E-11
2.1376627539763094E-4     2.012620179484118E-11
2.1393634427442566E-4     2.0066991662760235E-11
2.1410641315122044E-4     2.000770943527948E-11
2.142764820280152E-4      1.994835511239891E-11
2.1444655090480997E-4     1.9888931753044184E-11
2.1461661978160472E-4     1.9829442416798577E-11
2.147866886583995E-4      1.9769887103662086E-11
2.1495675753519428E-4     1.971026581363472E-11
2.1512682641198903E-4     1.9650578546716478E-11
2.152968952887838E-4      1.9590825302907357E-11
2.1546696416557855E-4     1.953100914625711E-11
2.1563703304237333E-4     1.947113313833131E-11
2.1580710191916808E-4     1.941119727912996E-11
2.1597717079596286E-4     1.935120156865306E-11
2.1614723967275764E-4     1.9291146006900616E-11
2.1631730854955239E-4     1.9231030593872622E-11
2.1648737742634714E-4     1.9170858397139055E-11
2.1665744630314191E-4     1.9110632478633178E-11
2.1682751517993666E-4     1.9050352838355E-11
2.1699758405673141E-4     1.8990019476304512E-11
2.171676529335262E-4      1.892963239248173E-11
2.1733772181032094E-4     1.8869191586886635E-11
2.1750779068711572E-4     1.880870012898676E-11
2.1767785956391047E-4     1.874816107949111E-11
2.1784792844070525E-4     1.8687574438399683E-11
2.180179973175E-4         1.8626940205712483E-11
2.1818806619429475E-4     1.856625838142951E-11
2.1835813507108953E-4     1.850552896555076E-11
2.185282039478843E-4      1.8444755027814315E-11
2.1869827282467905E-4     1.8383939626127225E-11
2.188683417014738E-4      1.832308276048949E-11
2.1903841057826855E-4     1.8262184430901107E-11
2.1920847945506336E-4     1.820124463736208E-11
2.193785483318581E-4      1.8140263379872413E-11
2.1954861720865289E-4     1.80792437268303E-11
2.1971868608544764E-4     1.8018188731759516E-11
2.1988875496224239E-4     1.7957098394660055E-11
2.2005882383903716E-4     1.7895972715531918E-11
2.202288927158319E-4      1.7834811694375107E-11
2.2039896159262666E-4     1.777361533118962E-11
2.2056903046942141E-4     1.7712386691446727E-11
2.2073909934621622E-4     1.7651128822693497E-11
2.2090916822301097E-4     1.758984172492992E-11
2.2107923709980572E-4     1.752852539815601E-11
2.212493059766005E-4      1.746717984237176E-11
2.2141937485339525E-4     1.740580505757717E-11
2.2158944373019002E-4     1.73444041047453E-11
2.217595126069848E-4      1.7282980023847083E-11
2.2192958148377953E-4     1.722153281488251E-11
2.2209965036057433E-4     1.7160062477851586E-11
2.2226971923736905E-4     1.709856901275431E-11
2.2243978811416383E-4     1.7037052419590682E-11
2.2260985699095858E-4     1.6975515753269858E-11
2.2277992586775339E-4     1.6913962044592766E-11
2.2294999474454814E-4     1.685239129355941E-11
2.2312006362134289E-4     1.6790803500169794E-11
2.2329013249813766E-4     1.6729198664423915E-11
2.2346020137493241E-4     1.666757678632177E-11
2.236302702517272E-4      1.6605940913143464E-11
2.2380033912852194E-4     1.6544294064939425E-11
2.239704080053167E-4      1.648263624170965E-11
2.2414047688211144E-4     1.642096744345414E-11
2.243105457589062E-4      1.63592876701729E-11
2.2448061463570097E-4     1.6297596921865925E-11
2.2465068351249572E-4     1.623589823661677E-11
2.248207523892905E-4      1.6174194622163544E-11
2.2499082126608525E-4     1.6112486078506255E-11
2.2516089014288E-4        1.6050772605644896E-11
2.2533095901967475E-4     1.598905420357947E-11
2.2550102789646953E-4     1.5927330872309978E-11
2.256710967732643E-4      1.5865605639151023E-11
2.2584116565005905E-4     1.5803881497989733E-11
2.260112345268538E-4      1.5742158448826104E-11
2.2618130340364855E-4     1.568043649166014E-11
2.2635137228044333E-4     1.561871562649184E-11
2.2652144115723808E-4     1.5556995853321206E-11
2.2669151003403286E-4     1.549528018711869E-11
2.2686157891082766E-4     1.5433571606405256E-11
2.2703164778762241E-4     1.5371870111180914E-11
2.2720171666441716E-4     1.5310175701445658E-11
2.2737178554121194E-4     1.5248488377199492E-11
2.2754185441800672E-4     1.5186808138442412E-11
2.2771192329480147E-4     1.5125137986232482E-11
2.2788199217159625E-4     1.5063480882226144E-11
2.28052061048391E-4       1.5001836826423393E-11
2.2822212992518575E-4     1.4940205818824228E-11
2.2839219880198052E-4     1.4878587859428652E-11
2.2856226767877528E-4     1.4816982948236663E-11
2.2873233655557005E-4     1.4755394070842704E-11
2.2890240543236483E-4     1.469382417054878E-11
2.2907247430915958E-4     1.4632273247354897E-11
2.2924254318595433E-4     1.4570741301261052E-11
2.294126120627491E-4      1.4509228332267252E-11
2.2958268093954389E-4     1.444773434037349E-11
2.2975274981633864E-4     1.4386262294177934E-11
2.299228186931334E-4      1.432481511714506E-11
2.3009288756992816E-4     1.4263392809274863E-11
2.3026295644672291E-4     1.4201995370567348E-11
2.304330253235177E-4      1.4140622801022518E-11
2.3060309420031244E-4     1.4079275100640367E-11
2.3077316307710722E-4     1.4017955219505288E-11
2.3094323195390197E-4     1.3956666059771624E-11
2.3111330083069672E-4     1.3895407621439378E-11
2.312833697074915E-4      1.3834179904508546E-11
2.3145343858428622E-4     1.3772982908979137E-11
2.31623507461081E-4       1.3711816634851142E-11
2.3179357633787575E-4     1.365068401219434E-11
2.3196364521467055E-4     1.3589587920391722E-11
2.3213371409146528E-4     1.3528528359443297E-11
2.3230378296826005E-4     1.3467505329349057E-11
2.324738518450548E-4      1.3406518830109011E-11
2.3264392072184955E-4     1.3345568861723152E-11
2.3281398959864433E-4     1.328465833277017E-11
2.329840584754391E-4      1.3223790098407024E-11
2.3315412735223386E-4     1.3162964158633719E-11
2.333241962290286E-4      1.310218051345025E-11
2.3349426510582336E-4     1.304143916285662E-11
2.3366433398261814E-4     1.2980740106852829E-11
2.338344028594129E-4      1.292008623107993E-11
2.3400447173620766E-4     1.2859480365016081E-11
2.3417454061300241E-4     1.2798922508661283E-11
2.3434460948979716E-4     1.2738412662015533E-11
2.3451467836659192E-4     1.2677950825078835E-11
2.346847472433867E-4      1.2617536997851184E-11
2.3485481612018147E-4     1.255717404161187E-11
2.3502488499697622E-4     1.2496864758715996E-11
2.3519495387377097E-4     1.2436609149163557E-11
2.3536502275056572E-4     1.2376407212954557E-11
2.3553509162736053E-4     1.2316258950088996E-11
2.3570516050415528E-4     1.2256164360566873E-11
2.3587522938095005E-4     1.2196126279887881E-11
2.360452982577448E-4      1.2136147481864078E-11
2.3621536713453958E-4     1.2076227966495467E-11
2.3638543601133433E-4     1.2016367733782046E-11
2.3655550488812908E-4     1.1956566783723818E-11
2.3672557376492386E-4     1.1896825116320779E-11
2.3689564264171864E-4     1.1837145539872159E-11
2.370657115185134E-4      1.1777530798262625E-11
2.3723578039530814E-4     1.1717980891492171E-11
2.374058492721029E-4      1.1658495819560803E-11
2.375759181488977E-4      1.1599075582468518E-11
2.3774598702569244E-4     1.1539720180215316E-11
2.3791605590248722E-4     1.1480432392478167E-11
2.3808612477928197E-4     1.1421214931867808E-11
2.3825619365607675E-4     1.1362067798384233E-11
2.384262625328715E-4      1.130299099202745E-11
2.3859633140966625E-4     1.1243984512797454E-11
2.3876640028646102E-4     1.1185048360694247E-11
2.389364691632558E-4      1.1126185285362651E-11
2.3910653804005055E-4     1.1067397966822381E-11
2.392766069168453E-4      1.1008686405073443E-11
2.3944667579364005E-4     1.0950050600115831E-11
2.3961674467043486E-4     1.0891490551949555E-11
2.397868135472296E-4      1.0833006260574603E-11
2.3995688242402439E-4     1.0774600444224808E-11
2.4012695130081914E-4     1.071627574902412E-11
2.402970201776139E-4      1.065803217497254E-11
2.4046708905440866E-4     1.059986972207007E-11
2.4063715793120341E-4     1.0541788390316707E-11
2.408072268079982E-4      1.0483788179712453E-11
2.4097729568479294E-4     1.0425871775730424E-11
2.4114736456158772E-4     1.0368041789307326E-11
2.4131743343838247E-4     1.0310298220443163E-11
2.4148750231517722E-4     1.0252641069137935E-11
2.4165757119197197E-4     1.019507033539164E-11
2.4182764006876672E-4     1.013758601920428E-11
2.419977089455615E-4      1.0080190772050956E-11
2.4216777782235627E-4     1.0022887168336265E-11
2.4233784669915103E-4     9.965675208060205E-12
2.425079155759458E-4      9.908554891222776E-12
2.4267798445274055E-4     9.851526217823976E-12
2.4284805332953533E-4     9.794589187863809E-12
2.4301812220633008E-4     9.737746417660332E-12
2.4318819108312486E-4     9.681000443681962E-12
2.4335825995991958E-4     9.624351265928701E-12
2.4352832883671433E-4     9.567798884400546E-12
2.436983977135091E-4      9.511343299097502E-12
2.4386846659030386E-4     9.454984510019565E-12
2.4403853546709864E-4     9.39872509672452E-12
2.442086043438934E-4      9.342567556790958E-12
2.4437867322068814E-4     9.286511890218879E-12
2.445487420974829E-4      9.230558097008284E-12
2.447188109742777E-4      9.174706177159173E-12
2.4488887985107244E-4     9.118956130671547E-12
2.4505894872786725E-4     9.063310498994255E-12
2.45229017604662E-4       9.00777173970508E-12
2.4539908648145675E-4     8.952339852804014E-12
2.455691553582515E-4      8.897014838291062E-12
2.4573922423504625E-4     8.841796696166223E-12
2.45909293111841E-4       8.786685426429499E-12
2.4607936198863575E-4     8.731683531318521E-12
2.4624943086543055E-4     8.67679342712288E-12
2.4641949974222525E-4     8.622015113842577E-12
2.4658956861902005E-4     8.56734859147761E-12
2.467596374958148E-4      8.512793860027979E-12
2.4692970637260955E-4     8.458350919493686E-12
2.4709977524940436E-4     8.404022231725989E-12
2.472698441261991E-4      8.3498101705262E-12
2.4743991300299386E-4     8.295714735894323E-12
2.476099818797886E-4      8.241735927830352E-12
2.4778005075658336E-4     8.187873746334293E-12
2.4795011963337816E-4     8.13412819140614E-12
2.481201885101729E-4      8.080501683124457E-12
2.482902573869677E-4      8.02699655184754E-12
2.4846032626376247E-4     7.973612797575387E-12
2.486303951405572E-4      7.920350420307999E-12
2.48800464017352E-4       7.867209420045379E-12
2.489705328941468E-4      7.814189796787521E-12
2.491406017709416E-4      7.761293927575398E-12
2.4931067064773633E-4     7.708524098320307E-12
2.494807395245311E-4      7.655880309022252E-12
2.4965080840132583E-4     7.60336255968123E-12
2.498208772781206E-4      7.550970850297244E-12
2.4999094615491533E-4     7.498705180870292E-12
2.501610150317101E-4      7.446567884575825E-12
2.503310839085049E-4      7.394561201551236E-12
2.5050115278529964E-4     7.342685131796522E-12
2.506712216620944E-4      7.290939675311684E-12
2.508412905388892E-4      7.239324832096723E-12
2.5101135941568394E-4     7.187840602151638E-12
2.511814282924787E-4      7.136489273903237E-12
2.5135149716927344E-4     7.08527304043575E-12
2.515215660460682E-4      7.0341919017491795E-12
2.51691634922863E-4       6.9832458578435255E-12
2.5186170379965775E-4     6.932434908718788E-12
2.520317726764525E-4      6.881759054374966E-12
2.5220184155324725E-4     6.831220537235329E-12
2.5237191043004205E-4     6.780821502457932E-12
2.525419793068368E-4      6.730561950042779E-12
2.5271204818363155E-4     6.680441879989869E-12
2.528821170604263E-4      6.6304612922992025E-12
2.5305218593722105E-4     6.5806201869707785E-12
2.532222548140158E-4      6.530920759626888E-12
2.533923236908106E-4      6.481365106237876E-12
2.5356239256760536E-4     6.431953226803741E-12
2.5373246144440016E-4     6.382685121324486E-12
2.539025303211949E-4      6.3335607898001065E-12
2.5407259919798966E-4     6.284580232230607E-12
2.542426680747844E-4      6.235745596566319E-12
2.5441273695157916E-4     6.187058928438871E-12
2.545828058283739E-4      6.138520227848264E-12
2.5475287470516866E-4     6.090129494794498E-12
2.549229435819634E-4      6.0418867292775734E-12
2.5509301245875817E-4     5.99379193129749E-12
2.552630813355529E-4      5.945847200012064E-12
2.554331502123477E-4      5.898054529863415E-12
2.5560321908914247E-4     5.8504139208515456E-12
2.557732879659372E-4      5.802925372976454E-12
2.55943356842732E-4       5.755588886238142E-12
2.561134257195268E-4      5.708404460636609E-12
2.562834945963215E-4      5.6613741453838504E-12
2.564535634731163E-4      5.61449988299365E-12
2.56623632349911E-4       5.567781673466007E-12
2.5679370122670583E-4     5.521219516800922E-12
2.569637701035006E-4      5.474813412998395E-12
2.5713383898029533E-4     5.428563362058426E-12
2.573039078570901E-4      5.382471362219745E-12
2.574739767338849E-4      5.336539303276977E-12
2.5764404561067964E-4     5.290767185230122E-12
2.578141144874744E-4      5.245155008079181E-12
2.5798418336426914E-4     5.1997027718241525E-12
2.581542522410639E-4      5.154410476465038E-12
2.5832432111785864E-4     5.109280068301032E-12
2.5849438999465344E-4     5.064313383618075E-12
2.586644588714482E-4      5.019510422416164E-12
2.58834527748243E-4       4.974871184695302E-12
2.5900459662503775E-4     4.930395670455485E-12
2.591746655018325E-4      4.886083879696718E-12
2.5934473437862725E-4     4.841937705872006E-12
2.5951480325542205E-4     4.7979589309704645E-12
2.5968487213221675E-4     4.754147554992095E-12
2.5985494100901155E-4     4.710503577936898E-12
2.600250098858063E-4      4.667026999804874E-12
2.6019507876260105E-4     4.623717820596021E-12
2.603651476393958E-4      4.580577880079149E-12
2.605352165161906E-4      4.53760890514926E-12
2.6070528539298536E-4     4.4948108958063555E-12
2.608753542697801E-4      4.452183852050434E-12
2.6104542314657486E-4     4.409727773881496E-12
2.612154920233696E-4      4.367442661299543E-12
2.6138556090016436E-4     4.325330299600567E-12
2.615556297769591E-4      4.283392359797514E-12
2.6172569865375386E-4     4.241628841890383E-12
2.6189576753054867E-4     4.200039745879173E-12
2.620658364073434E-4      4.158625071763886E-12
2.6223590528413817E-4     4.1173848195445204E-12
2.624059741609329E-4      4.0763207192883705E-12
2.625760430377277E-4      4.035434385365443E-12
2.6274611191452247E-4     3.994725817775736E-12
2.629161807913172E-4      3.95419501651925E-12
2.63086249668112E-4       3.913841981595985E-12
2.632563185449068E-4      3.8736667130059414E-12
2.634263874217016E-4      3.8336708848550095E-12
2.6359645629849633E-4     3.793856054147675E-12
2.637665251752911E-4      3.754222220883939E-12
2.6393659405208583E-4     3.7147693850638E-12
2.641066629288806E-4      3.67549754668726E-12
2.6427673180567533E-4     3.6364067057543162E-12
2.644468006824701E-4      3.5974984796936424E-12
2.646168695592649E-4      3.5587743674687248E-12
2.647869384360596E-4      3.5202343690795654E-12
2.649570073128544E-4      3.4818784845261634E-12
2.6512707618964914E-4     3.4437067138085196E-12
2.652971450664439E-4      3.405719056926633E-12
2.654672139432387E-4      3.3679170739478444E-12
2.6563728282003344E-4     3.3303022051539315E-12
2.658073516968282E-4      3.292874450544895E-12
2.6597742057362294E-4     3.255633810120736E-12
2.661474894504177E-4      3.2185802838814527E-12
2.663175583272125E-4      3.1817138718270462E-12
2.6648762720400725E-4     3.1450360760173492E-12
2.6665769608080205E-4     3.10854827743914E-12
2.668277649575968E-4      3.0722504760924187E-12
2.6699783383439155E-4     3.036142671977185E-12
2.671679027111863E-4      3.00022486509344E-12
2.6733797158798105E-4     2.9644970554411832E-12
2.675080404647758E-4      2.9289606864477104E-12
2.676781093415706E-4      2.8936170792352405E-12
2.6784817821836536E-4     2.8584662338037732E-12
2.6801824709516016E-4     2.8235081501533084E-12
2.681883159719549E-4      2.788742828283846E-12
2.6835838484874966E-4     2.7541702681953872E-12
2.685284537255444E-4      2.7197918540781E-12
2.6869852260233917E-4     2.6856088466655163E-12
2.688685914791339E-4      2.6516212459576357E-12
2.6903866035592867E-4     2.6178290519544588E-12
2.692087292327234E-4      2.5842322646559864E-12
2.6937879810951817E-4     2.550830884062217E-12
2.695488669863129E-4      2.517626234549765E-12
2.697189358631077E-4      2.484619515977681E-12
2.6988900473990247E-4     2.4518107283459672E-12
2.700590736166972E-4      2.4191998716546223E-12
2.70229142493492E-4       2.3867869459036473E-12
2.703992113702868E-4      2.3545719510930417E-12
2.705692802470816E-4      2.322556151236468E-12
2.7073934912387633E-4     2.2907406848748797E-12
2.7090941800067114E-4     2.2591255520082763E-12
2.710794868774659E-4      2.2277107526366584E-12
2.712495557542607E-4      2.1964962867600256E-12
2.7141962463105544E-4     2.165482154378378E-12
2.715896935078502E-4      2.134669558628495E-12
2.7175976238464494E-4     2.1040595763240807E-12
2.719298312614397E-4      2.0736522074651348E-12
2.7209990013823444E-4     2.043447452051657E-12
2.722699690150292E-4      2.013445310083648E-12
2.7244003789182394E-4     1.9836457815611073E-12
2.7261010676861875E-4     1.9540500082713644E-12
2.727801756454135E-4      1.9246590049182885E-12
2.7295024452220825E-4     1.8954727715018792E-12
2.73120313399003E-4       1.866491308022137E-12
2.7329038227579775E-4     1.8377146144790616E-12
2.734604511525925E-4      1.8091426908726537E-12
2.7363052002938725E-4     1.7807766172017276E-12
2.7380058890618205E-4     1.7526173457116838E-12
2.7397065778297675E-4     1.7246648764025227E-12
2.7414072665977155E-4     1.6969192092742444E-12
2.743107955365663E-4      1.6693803443268485E-12
2.7448086441336105E-4     1.6420482815603356E-12
2.7465093329015586E-4     1.6149240387718757E-12
2.748210021669506E-4      1.5880085054417706E-12
2.7499107104374536E-4     1.5613016815700203E-12
2.751611399205401E-4      1.5348035671566249E-12
2.7533120879733486E-4     1.5085141622015843E-12
2.7550127767412966E-4     1.4824334667048985E-12
2.756713465509244E-4      1.4565624358699481E-12
2.758414154277192E-4      1.4309018961525E-12
2.7601148430451397E-4     1.4054518475525544E-12
2.761815531813087E-4      1.3802122900701113E-12
2.7635162205810347E-4     1.3551832237051709E-12
2.765216909348982E-4      1.330364648457733E-12
2.7669175981169297E-4     1.3057574565655329E-12
2.768618286884878E-4      1.2813624112481218E-12
2.770318975652825E-4      1.2571795125055007E-12
2.7720196644207733E-4     1.233208760337669E-12
2.773720353188721E-4      1.2094501547446272E-12
2.7754210419566683E-4     1.185903695726375E-12
2.777121730724616E-4      1.162570212201593E-12
2.778822419492564E-4      1.139450403992338E-12
2.7805231082605114E-4     1.11654427109861E-12
2.782223797028459E-4      1.0938518135204087E-12
2.783924485796407E-4      1.0713730312577345E-12
2.7856251745643544E-4     1.0491079243105871E-12
2.787325863332302E-4      1.0270572579415505E-12
2.7890265521002494E-4     1.0052216684672062E-12
2.790727240868197E-4      9.836011558875542E-13
2.7924279296361444E-4     9.621957202025944E-13
2.794128618404092E-4      9.41005361412327E-13
2.7958293071720394E-4     9.200300795167518E-13
2.7975299959399875E-4     8.992705758041665E-13
2.799230684707935E-4      8.78727423028267E-13
2.800931373475883E-4      8.584006211890536E-13
2.8026320622438305E-4     8.382901702865262E-13
2.8043327510117786E-4     8.183960703206847E-13
2.806033439779726E-4      7.987183212915293E-13
2.8077341285476736E-4     7.792575602168194E-13
2.809434817315621E-4      7.60014296277318E-13
2.8111355060835686E-4     7.409885294730252E-13
2.812836194851516E-4      7.221802598039408E-13
2.8145368836194636E-4     7.035894872700651E-13
2.816237572387411E-4      6.852162118713979E-13
2.817938261155359E-4      6.670610060836714E-13
2.8196389499233066E-4     6.491243155508186E-13
2.821339638691254E-4      6.3140614027284E-13
2.8230403274592016E-4     6.139064802497352E-13
2.824741016227149E-4      5.966253354815043E-13
2.8264417049950967E-4     5.795627059681473E-13
2.828142391913719E-4      5.627191176520774E-13
2.8298430788323417E-4     5.460949339899861E-13
2.831543765750964E-4      5.296901549818733E-13
2.833244452669586E-4      5.135047806277391E-13
2.8349451395882084E-4     4.975388109275834E-13
2.8366458265068306E-4     4.817922458814063E-13
2.8383338426156093E-4     4.663803985158065E-13
2.8400218587243875E-4     4.511854464288291E-13
2.841709874833166E-4      4.362073896204746E-13
2.8433978909419444E-4     4.2144622809074277E-13
2.8450859070507225E-4     4.0690196183963364E-13
2.846773923159501E-4      3.9257459086714727E-13
2.8484226869974994E-4     3.7879013334233546E-13
2.850071450835497E-4      3.652131868375036E-13
2.851720214673495E-4      3.5184375135265163E-13
2.853368978511493E-4      3.3868182688777956E-13
2.855017742349491E-4      3.2572741344288744E-13
2.856666506187489E-4      3.1298051101797526E-13
2.8582628449681633E-4     3.008369146119754E-13
2.859859183748838E-4      2.8888827233831647E-13
2.861455522529512E-4      2.771345841969983E-13
2.8630518613101863E-4     2.65575850188021E-13
2.864648200090861E-4      2.542120703113846E-13
2.8662445388715353E-4     2.4304324456708905E-13
2.8677901195100846E-4     2.3241550701479115E-13
2.869335700148634E-4      2.2197082102768787E-13
2.870881280787183E-4      2.1170918660577913E-13
2.872426861425732E-4      2.0163060374906508E-13
2.8739724420642814E-4     1.9173507245754566E-13
2.8755180227028307E-4     1.8202259273122085E-13
2.8770144591355165E-4     1.7279349047363323E-13
2.878510895568202E-4      1.6373617398343272E-13
2.8800073320008876E-4     1.5485064326061928E-13
2.8815037684335734E-4     1.4613689830519295E-13
2.8830002048662587E-4     1.3759493911715372E-13
2.8844966412989445E-4     1.2922476569650157E-13
2.885945496144342E-4      1.2128450310872525E-13
2.88739435098974E-4       1.1350537729990517E-13
2.888843205835137E-4      1.0588738827004137E-13
2.8902920606805346E-4     9.843053601913384E-14
2.891740915525932E-4      9.113482054718255E-14
2.8931897703713294E-4     8.400024185418755E-14
2.894592556562055E-4      7.724609764279071E-14
2.895995342752781E-4      7.064303628040337E-14
2.897398128943506E-4      6.419105776702555E-14
2.898800915134232E-4      5.789016210265725E-14
2.900203701324957E-4      5.174034928729846E-14
2.901606487515683E-4      4.5741619320949197E-14
2.9029646698782384E-4     4.007759416918627E-14
2.904322852240794E-4      3.455516999892242E-14
2.9056810346033497E-4     2.9174346810157667E-14
2.907039216965905E-4      2.393512460289199E-14
2.9083973993284604E-4     1.88375033771254E-14
2.909755581691016E-4      1.3881483132857897E-14
2.9110705784754005E-4     9.217951448588408E-15
2.9123855752597843E-4     4.687087135575723E-15
2.913700572044168E-4      2.8889019381984985E-16
2.915015568828552E-4      -3.976639376679215E-15
2.9163305656129364E-4     -8.109501575921475E-15
2.9176455623973203E-4     -1.210969640390692E-14
2.918918746758003E-4      -1.5856328224612813E-14
2.9201919311186853E-4     -1.9478702277296804E-14
2.921465115479368E-4      -2.297681856195889E-14
2.9227382998400504E-4     -2.635067707859907E-14
2.9240114842007324E-4     -2.960027782721735E-14
2.925284668561415E-4      -3.272562080781372E-14
2.926517369991221E-4      -3.563324754680645E-14
2.927750071421027E-4      -3.84245264940986E-14
2.928982772850833E-4      -4.1099457649690165E-14
2.930215474280639E-4      -4.365804101358115E-14
2.9314481757104446E-4     -4.6100276585771557E-14
2.932680877140251E-4      -4.842616436626139E-14
2.933874382858653E-4      -5.056730524158703E-14
2.935067888577056E-4      -5.2599532942439306E-14
2.936261394295458E-4      -5.452284746881821E-14
2.93745490001386E-4       -5.633724882072373E-14
2.938648405732263E-4      -5.80427369981559E-14
2.9398419114506653E-4     -5.963931200111469E-14
2.940997467747933E-4      -6.108142287957672E-14
2.942153024045201E-4      -6.242160379953035E-14
2.943308580342469E-4      -6.365985476097557E-14
2.9444641366397365E-4     -6.479617576391238E-14
2.9456196929370047E-4     -6.583056680834079E-14
2.9467752492342723E-4     -6.676302789426079E-14
2.9478940627728807E-4     -6.756880168509389E-14
2.949012876311489E-4      -6.827920081731445E-14
2.950131689850097E-4      -6.889422529092249E-14
2.9512505033887053E-4     -6.9413875105918E-14
2.9523693169273136E-4     -6.9838150262301E-14
2.953488130465922E-4      -7.016705076007145E-14
2.9545713695405807E-4     -7.039470541905781E-14
2.95565460861524E-4       -7.053313569258378E-14
2.956737847689898E-4      -7.058234158064935E-14
2.957821086764557E-4      -7.054232308325454E-14
2.958904325839216E-4      -7.041308020039935E-14
2.9599875649138744E-4     -7.019461293208377E-14
2.961036360671493E-4      -6.989816678371422E-14
2.9620851564291114E-4     -6.951826369402888E-14
2.96313395218673E-4       -6.905490366302772E-14
2.964182747944348E-4      -6.850808669071076E-14
2.9652315437019667E-4     -6.787781277707801E-14
2.966280339459585E-4      -6.716408192212946E-14
2.967295787080446E-4      -6.639361617257236E-14
2.968311234701307E-4      -6.554509952962285E-14
2.9693266823221676E-4     -6.461853199328097E-14
2.9703421299430286E-4     -6.36139135635467E-14
2.971357577563889E-4      -6.253124424042003E-14
2.97237302518475E-4       -6.137052402390097E-14
2.9733561850261254E-4     -6.017243242521227E-14
2.9743393448675013E-4     -5.890135519752836E-14
2.975322504708876E-4      -5.755729234084926E-14
2.976305664550252E-4      -5.614024385517496E-14
2.9772888243916274E-4     -5.465020974050547E-14
2.9782719842330027E-4     -5.3087189996840794E-14
2.979223882936408E-4      -5.1504415799710774E-14
2.9801757816398135E-4     -4.9853400197346193E-14
2.9811276803432186E-4     -4.813414318974703E-14
2.9820795790466237E-4     -4.6346644776913295E-14
2.9830314777500293E-4     -4.4490904958844997E-14
2.9839833764534345E-4     -4.256692373554213E-14
2.9849050080166744E-4     -4.0639184002375165E-14
2.985826639579914E-4      -3.864764486849895E-14
2.9867482711431526E-4     -3.6592306333913487E-14
2.9876699027063926E-4     -3.4473168398618775E-14
2.988591534269632E-4      -3.229023106261482E-14
2.9895131658328714E-4     -3.004349432590162E-14
2.990405492601034E-4      -2.7807491875420698E-14
2.991297819369197E-4      -2.5511847606255473E-14
2.99219014613736E-4       -2.315656151840594E-14
2.9930824729055227E-4     -2.0741633611872102E-14
2.9939747996736855E-4     -1.8267063886653965E-14
2.994867126441848E-4      -1.573285234275152E-14
2.9957226053682064E-4     -1.3247372629198558E-14
2.9965780842945656E-4     -1.0707227978216682E-14
2.997433563220924E-4      -8.112418389805886E-15
2.9982890421472824E-4     -5.4629438639661746E-15
2.999144521073641E-4      -2.7588044006975445E-15
3.0E-4                    0
